20210112162915881	  300  300    -25    106    641
20210112162916114	  300  300    -25    107    642
20210112162916213	  300  300    -25    107    642
20210112162916313	  300  300    -25    107    642
20210112162916379	  300  300    -25    107    642
20210112162916478	  299  301    -26    108    641
20210112162916577	  300  300    -25    107    642
20210112162916677	  300  300    -25    107    641
20210112162916776	  300  300    -25    107    642
20210112162916842	  300  300    -25    107    643
20210112162916941	  300  299    -25    105    642
20210112162917040	  300  299    -25    105    642
20210112162917138	  299  301    -26    108    641
20210112162917204	  300  301    -25    108    641
20210112162917433	  300  300    -25    107    642
20210112162917531	  300  300    -25    107    642
20210112162917629	  300  300    -25    107    642
20210112162917727	  300  301    -25    108    641
20210112162917794	  300  300    -25    107    642
20210112162917894	  300  301    -25    108    642
20210112162918027	  299  301    -26    108    641
20210112162918094	  300  300    -25    107    642
20210112162918194	  299  301    -26    108    642
20210112162918294	  300  300    -25    107    642
20210112162918394	  300  300    -25    107    642
20210112162918461	  299  302    -26    110    642
20210112162918561	  299  302    -26    110    642
20210112162918661	  299  301    -26    108    642
20210112162918727	  299  301    -26    108    642
20210112162918827	  299  302    -26    110    642
20210112162918927	  298  302    -28    110    641
20210112162919027	  299  301    -26    108    642
20210112162919093	  299  302    -26    110    642
20210112162919226	  299  301    -26    108    642
20210112162919326	  300  300    -25    107    642
20210112162919392	  299  301    -26    108    642
20210112162919492	  299  302    -26    110    642
20210112162919592	  300  301    -25    108    642
20210112162919658	  300  301    -25    108    641
20210112162919758	  300  300    -25    107    642
20210112162919858	  300  300    -25    107    642
20210112162919925	  298  302    -28    110    642
20210112162920025	  300  300    -25    107    642
20210112162920125	  299  301    -26    108    642
20210112162920225	  301  300    -23    107    643
20210112162920292	  299  301    -26    108    642
20210112162920392	  298  302    -28    110    641
20210112162920525	  300  300    -25    107    642
20210112162920592	  299  302    -26    110    642
20210112162920692	  299  301    -26    108    642
20210112162920792	  299  301    -26    108    642
20210112162920892	  300  300    -25    107    642
20210112162920959	  300  300    -25    107    642
20210112162921059	  300  301    -25    108    642
20210112162921160	  300  300    -25    107    643
20210112162921227	  301  300    -23    107    643
20210112162921327	  300  300    -25    107    643
20210112162921427	  300  300    -25    107    642
20210112162921528	  299  301    -26    108    642
20210112162921595	  299  301    -26    108    642
20210112162921728	  300  300    -25    107    643
20210112162921828	  298  302    -28    110    642
20210112162921895	  299  302    -26    110    642
20210112162922062	  299  301    -26    108    642
20210112162922162	  300  301    -25    108    642
20210112162922262	  299  301    -26    108    642
20210112162922362	  300  300    -25    107    642
20210112162922429	  299  301    -26    108    641
20210112162922529	  300  300    -25    107    642
20210112162922629	  299  301    -26    108    642
20210112162922695	  300  301    -25    108    642
20210112162922795	  300  301    -25    108    642
20210112162922895	  300  300    -25    107    643
20210112162923029	  300  301    -25    108    642
20210112162923095	  300  301    -25    108    642
20210112162923195	  301  300    -23    107    642
20210112162923296	  300  300    -25    107    642
20210112162923362	  301  300    -23    107    642
20210112162923462	  300  301    -25    108    641
20210112162923562	  299  301    -26    108    641
20210112162923662	  300  301    -25    108    642
20210112162923729	  301  301    -23    108    641
20210112162923829	  300  300    -25    107    642
20210112162923929	  300  301    -25    108    642
20210112162923996	  300  300    -25    107    642
20210112162924096	  300  301    -25    108    642
20210112162924229	  300  300    -25    107    642
20210112162924329	  300  301    -25    108    642
20210112162924396	  299  301    -26    108    642
20210112162924496	  300  300    -25    107    642
20210112162924596	  298  302    -28    110    642
20210112162924696	  301  301    -23    107    634
20210112162924763	  304  299    -18    103    631
20210112162924863	  303  299    -19    103    630
20210112162924963	  305  298    -16    101    627
20210112162925029	  304  299    -17    101    620
20210112162925129	  307  297    -12     98    623
20210112162925229	  305  296    -16     96    619
20210112162925296	  308  295    -11     95    620
20210112162925396	  307  294    -12     92    613
20210112162925529	  309  293     -9     90    609
20210112162925629	  310  293     -7     89    606
20210112162925696	  312  292     -4     88    605
20210112162925796	  310  291     -7     86    602
20210112162925896	  313  291     -2     85    599
20210112162925963	  313  289     -2     82    599
20210112162926063	  316  288      1     80    595
20210112162926163	  313  287     -2     78    592
20210112162926263	  317  284      3     73    592
20210112162926330	  317  283      3     71    589
20210112162926430	  319  283      6     71    587
20210112162926530	  317  281      3     68    588
20210112162926630	  318  283      4     71    588
20210112162926763	  317  280      3     66    585
20210112162926830	  317  281      3     68    585
20210112162926930	  318  281      4     68    585
20210112162927030	  319  280      6     66    585
20210112162927130	  320  278      7     63    586
20210112162927230	  321  279      9     65    583
20210112162927297	  318  278      4     63    583
20210112162927430	  321  277      9     62    585
20210112162927497	  318  279      4     65    583
20210112162927597	  320  278      7     63    584
20210112162927697	  321  278      9     63    583
20210112162927763	  319  278      6     63    583
20210112162927863	  319  277      6     62    586
20210112162927997	  320  277      7     62    586
20210112162928063	  317  276      3     60    585
20210112162928163	  319  277      6     61    582
20210112162928263	  320  276      7     60    584
20210112162928363	  320  276      7     60    584
20210112162928430	  320  277      7     62    585
20210112162928530	  320  276      7     60    582
20210112162928630	  320  275      7     59    586
20210112162928730	  320  275      7     58    584
20210112162928797	  321  277      9     61    582
20210112162928897	  320  275      7     58    582
20210112162928997	  321  275      9     58    583
20210112162929064	  319  277      6     61    583
20210112162929197	  320  275      7     58    583
20210112162929297	  320  275      7     58    582
20210112162929397	  320  276      7     60    583
20210112162929464	  319  275      6     58    583
20210112162929564	  321  276      9     60    582
20210112162929664	  320  275      7     58    583
20210112162929764	  320  277      7     61    581
20210112162929831	  319  275      6     59    585
20210112162929931	  321  275      9     58    582
20210112162930031	  321  275      9     58    583
20210112162930097	  322  275     10     58    582
20210112162930197	  320  277      7     61    582
20210112162930297	  319  275      6     58    582
20210112162930397	  321  274      9     57    582
20210112162930497	  321  274      9     57    581
20210112162930597	  321  277      9     61    580
20210112162930697	  320  276      7     60    580
20210112162930897	  320  274      7     57    581
20210112162930997	  322  275     10     58    581
20210112162931098	  320  274      7     57    581
20210112162931164	  321  274      9     57    582
20210112162931264	  321  276      9     60    580
20210112162931364	  320  274      7     57    584
20210112162931431	  320  275      7     58    582
20210112162931531	  320  275      7     58    580
20210112162931631	  322  274     10     57    580
20210112162931764	  320  274      7     57    583
20210112162931831	  320  274      7     57    582
20210112162931931	  321  274      9     57    582
20210112162932031	  320  275      7     58    582
20210112162932131	  320  275      7     58    583
20210112162932198	  321  274      9     57    582
20210112162932298	  321  276      9     60    582
20210112162932398	  321  275      9     58    582
20210112162932498	  321  274      9     57    582
20210112162932565	  320  274      7     57    582
20210112162932665	  319  273      6     55    585
20210112162932765	  322  275     10     58    582
20210112162932831	  321  274      9     57    584
20210112162932998	  322  275     10     58    581
20210112162933065	  320  274      7     57    581
20210112162933165	  322  274     10     57    582
20210112162933265	  319  273      6     55    582
20210112162933331	  322  273     10     55    582
20210112162933431	  320  274      7     57    582
20210112162933531	  321  275      9     58    583
20210112162933598	  318  274      4     57    582
20210112162933698	  323  274     12     57    584
20210112162933798	  322  274     10     57    581
20210112162933865	  320  274      7     57    583
20210112162933965	  319  273      6     55    581
20210112162934065	  322  274     10     57    584
20210112162934198	  320  273      7     55    581
20210112162934265	  322  272     10     54    581
20210112162934365	  321  274      9     57    581
20210112162934465	  321  275      9     58    579
20210112162934532	  321  272      9     54    580
20210112162934632	  320  273      7     55    583
20210112162934732	  319  274      6     57    582
20210112162934832	  320  275      7     58    582
20210112162934898	  320  275      7     58    580
20210112162934999	  322  274     10     57    582
20210112162935099	  321  275      9     58    580
20210112162935165	  320  274      7     57    584
20210112162935265	  322  272     10     54    581
20210112162935365	  322  273     10     55    581
20210112162935499	  320  272      7     54    582
20210112162935565	  324  273     13     55    581
20210112162935665	  322  273     10     55    581
20210112162935765	  322  272     10     54    581
20210112162935832	  321  275      9     58    580
20210112162935932	  320  274      7     57    582
20210112162936032	  322  273     10     55    580
20210112162936132	  319  272      6     54    583
20210112162936266	  321  272      9     54    582
20210112162936366	  322  273     10     55    582
20210112162936466	  321  272      9     54    581
20210112162936532	  322  272     10     54    582
20210112162936666	  320  271      7     52    582
20210112162936766	  321  272      9     54    582
20210112162936866	  321  273      9     55    582
20210112162936966	  321  273      9     55    581
20210112162937032	  319  280      6     67    589
20210112162937132	  314  288     -1     81    604
20210112162937232	  313  290     -2     84    603
20210112162937332	  312  295     -4     92    604
20210112162937399	  310  296     -7     95    612
20210112162937499	  310  301     -7    105    620
20210112162937599	  309  301     -9    104    619
20210112162937666	  309  298     -9    100    620
20210112162937766	  308  300    -11    104    625
20210112162937866	  306  299    -14    103    630
20210112162937999	  308  300    -11    105    634
20210112162938099	  306  301    -14    108    638
20210112162938166	  306  300    -14    106    639
20210112162938266	  305  301    -16    108    640
20210112162938366	  305  301    -16    108    639
20210112162938466	  306  300    -15    115    693
20210112162938533	  305  299    -16    105    642
20210112162938633	  306  298    -15    109    681
20210112162938733	  306  300    -15    107    642
20210112162938833	  306  299    -14    105    641
20210112162938899	  306  299    -14    104    636
20210112162938999	  306  299    -14    104    635
20210112162939100	  307  298    -13    102    632
20210112162939233	  308  296    -11     98    627
20210112162939333	  309  297     -9     98    622
20210112162939400	  310  294     -7     93    621
20210112162939500	  310  295     -7     94    616
20210112162939600	  310  294     -7     92    613
20210112162939700	  312  293     -4     90    611
20210112162939766	  315  291      0     87    611
20210112162939866	  313  290     -3     85    607
20210112162939966	  315  290      0     84    605
20210112162940066	  315  289      0     82    601
20210112162940166	  316  287      1     79    599
20210112162940267	  316  285      1     76    598
20210112162940367	  317  283      3     72    594
20210112162940467	  319  283      6     72    592
20210112162940567	  318  280      4     67    588
20210112162940667	  320  279      7     65    589
20210112162940767	  317  279      3     65    590
20210112162940867	  319  277      6     62    590
20210112162940967	  318  277      4     62    589
20210112162941067	  319  277      6     62    589
20210112162941167	  321  277      9     62    588
20210112162941267	  319  277      6     62    586
20210112162941367	  320  277      7     62    588
20210112162941433	  322  276     11     60    587
20210112162941533	  319  276      6     60    587
20210112162941667	  320  277      7     62    585
20210112162941767	  319  273      6     56    586
20210112162941867	  322  276     10     60    583
20210112162941967	  321  274      9     57    586
20210112162942034	  319  277      6     62    585
20210112162942134	  319  275      6     58    583
20210112162942234	  322  275     10     59    586
20210112162942334	  320  276      7     60    582
20210112162942434	  320  276      7     60    584
20210112162942534	  321  274      9     57    584
20210112162942634	  320  274      7     57    584
20210112162942734	  321  274      9     57    585
20210112162942834	  321  274      9     57    583
20210112162942934	  321  275      9     58    582
20210112162943034	  321  274      9     57    583
20210112162943134	  322  275     10     58    582
20210112162943234	  319  273      6     55    583
20210112162943334	  322  275     10     58    583
20210112162943434	  322  274     10     57    581
20210112162943534	  321  273      9     55    581
20210112162943634	  322  275     10     58    583
20210112162943701	  320  274      7     57    582
20210112162943834	  322  274     10     57    582
20210112162943934	  321  274      9     57    584
20210112162944034	  322  273     10     55    584
20210112162944167	  320  274      7     57    581
20210112162944267	  321  274      9     57    585
20210112162944368	  320  273      7     55    580
20210112162944468	  320  274      7     57    587
20210112162944568	  320  274      7     57    585
20210112162944668	  320  273      7     55    582
20210112162944801	  321  273      9     55    584
20210112162944901	  321  272      9     54    585
20210112162945001	  321  274      9     57    581
20210112162945101	  322  273     10     55    583
20210112162945201	  322  272     10     54    583
20210112162945301	  323  274     12     57    583
20210112162945468	  320  273      7     55    583
20210112162945568	  323  271     12     52    585
20210112162945668	  319  272      6     54    583
20210112162945768	  321  274      9     57    584
20210112162945868	  322  272     10     54    583
20210112162946001	  322  273     10     55    582
20210112162946101	  321  273      9     55    582
20210112162946201	  322  273     10     55    583
20210112162946301	  321  271      9     52    583
20210112162946401	  322  272     10     54    582
20210112162946501	  323  274     12     57    583
20210112162946635	  322  270     10     50    581
20210112162946768	  322  273     10     55    584
20210112162946868	  321  274      9     57    581
20210112162946968	  321  273      9     55    585
20210112162947068	  320  273      7     55    581
20210112162947168	  322  271     10     52    585
20210112162947302	  322  274     10     57    584
20210112162947402	  321  270      9     51    582
20210112162947502	  322  273     10     55    581
20210112162947602	  321  271      9     52    586
20210112162947702	  321  272      9     54    580
20210112162947835	  323  271     12     52    582
20210112162947968	  322  273     10     55    585
20210112162948068	  322  272     10     54    581
20210112162948168	  321  271      9     53    586
20210112162948269	  320  272      7     54    581
20210112162948402	  321  273      9     55    585
20210112162948502	  321  271      9     52    583
20210112162948602	  322  273     10     55    582
20210112162948702	  322  273     10     55    581
20210112162948802	  322  272     10     54    585
20210112162948902	  322  273     10     55    582
20210112162949035	  322  273     10     55    582
20210112162949169	  323  272     12     54    584
20210112162949269	  322  274     10     57    582
20210112162949369	  320  272      7     54    581
20210112162949469	  322  272     11     54    586
20210112162949602	  321  272      9     54    580
20210112162949702	  323  271     12     52    585
20210112162949802	  321  270      9     51    584
20210112162949902	  322  273     10     55    582
20210112162950002	  322  273     10     55    584
20210112162950102	  323  271     12     52    581
20210112162950236	  320  270      7     51    584
20210112162950369	  322  272     10     54    584
20210112162950469	  321  271      9     52    582
20210112162950569	  323  272     12     54    584
20210112162950669	  319  272      6     54    582
20210112162950803	  323  271     12     52    584
20210112162950903	  321  270      9     51    584
20210112162951003	  320  272      7     54    582
20210112162951103	  322  272     10     54    583
20210112162951203	  323  274     12     57    581
20210112162951303	  315  284      0     74    599
20210112162951436	  315  289      0     83    603
20210112162951536	  313  294     -2     91    603
20210112162951669	  309  297     -9     98    618
20210112162951769	  308  299    -11    101    621
20210112162951869	  308  298    -11    100    620
20210112162951970	  309  299     -9    102    621
20210112162952103	  308  300    -11    105    631
20210112162952203	  307  299    -13    104    635
20210112162952303	  307  300    -13    106    636
20210112162952403	  305  300    -16    106    639
20210112162952503	  305  300    -16    107    643
20210112162952603	  306  301    -14    108    640
20210112162952736	  306  301    -16    116    688
20210112162952870	  305  300    -16    107    642
20210112162952970	  305  300    -16    106    641
20210112162953070	  306  301    -14    108    641
20210112162953203	  307  299    -13    104    635
20210112162953303	  308  297    -11    100    633
20210112162953403	  309  297     -9     99    629
20210112162953503	  309  297     -9     99    624
20210112162953603	  310  295     -7     95    621
20210112162953703	  311  294     -6     93    619
20210112162953837	  313  292     -3     89    615
20210112162953937	  312  290     -4     86    613
20210112162954037	  314  291     -1     87    609
20210112162954170	  314  289     -1     83    607
20210112162954270	  314  287     -1     79    603
20210112162954403	  317  286      3     77    600
20210112162954503	  318  285      4     76    597
20210112162954603	  316  279      2     76    687
20210112162954703	  320  280      7     67    592
20210112162954804	  319  279      6     65    591
20210112162954937	  318  277      4     62    590
20210112162955037	  320  279      7     65    590
20210112162955137	  320  278      7     63    587
20210112162955237	  321  275      9     59    588
20210112162955370	  320  275      7     59    585
20210112162955470	  321  275      9     59    589
20210112162955604	  320  275      7     59    585
20210112162955704	  320  276      7     60    583
20210112162955804	  320  276      7     60    582
20210112162955904	  321  274      9     57    585
20210112162956004	  321  274      9     57    584
20210112162956137	  322  273     10     56    585
20210112162956237	  321  273      9     55    584
20210112162956337	  319  274      6     57    584
20210112162956437	  322  274     10     57    581
20210112162956537	  321  273      9     55    582
20210112162956704	  320  273      7     55    584
20210112162956804	  323  275     12     59    584
20210112162956904	  321  275      9     59    585
20210112162957004	  321  273      9     55    584
20210112162957137	  320  273      7     55    584
20210112162957237	  320  274      7     57    586
20210112162957337	  322  273     10     55    582
20210112162957438	  323  272     12     54    585
20210112162957538	  321  273      9     55    581
20210112162957671	  321  272      9     54    584
20210112162957771	  320  274      7     57    582
20210112162957904	  321  271      9     52    582
20210112162958004	  319  272      6     54    585
20210112162958104	  321  273      9     55    584
20210112162958238	  321  274      9     57    583
20210112162958338	  320  274      7     57    585
20210112162958438	  321  272      9     54    584
20210112162958538	  322  274     10     57    585
20210112162958638	  320  272      7     54    583
20210112162958771	  322  274     10     57    583
20210112162958871	  321  273      9     55    584
20210112162958971	  320  272      7     54    585
20210112162959105	  323  272     12     54    584
20210112162959205	  322  273     11     56    587
20210112162959338	  321  272      9     54    582
20210112162959438	  322  274     10     57    584
20210112162959538	  323  272     12     54    583
20210112162959638	  322  272     10     54    584
20210112162959738	  321  271      9     52    586
20210112162959871	  321  272      9     54    583
20210112162959971	  321  272      9     54    583
20210112163000071	  322  272     10     54    586
20210112163000172	  322  273     10     55    582
20210112163000272	  322  273     10     55    584
20210112163000438	  323  272     12     54    587
20210112163000538	  322  271     10     52    582
20210112163000638	  321  274      9     57    585
20210112163000738	  322  273     10     55    583
20210112163000872	  322  272     10     54    584
20210112163000972	  322  273     10     55    584
20210112163001072	  322  272     10     54    584
20210112163001172	  322  272     10     54    585
20210112163001272	  321  272      9     54    582
20210112163001405	  323  270     12     51    587
20210112163001505	  322  273     10     55    583
20210112163001639	  324  272     14     54    583
20210112163001739	  323  272     12     54    587
20210112163001839	  322  272     10     54    585
20210112163001972	  323  273     12     55    585
20210112163002072	  323  271     12     52    585
20210112163002172	  323  272     12     54    585
20210112163002272	  322  271     10     52    583
20210112163002372	  325  271     15     52    584
20210112163002505	  322  271     10     52    585
20210112163002605	  324  272     14     54    584
20210112163002705	  321  270      9     51    584
20210112163002839	  323  273     12     55    584
20210112163002939	  322  271     10     52    583
20210112163003039	  323  272     12     54    585
20210112163003172	  323  270     12     51    584
20210112163003272	  323  271     12     52    584
20210112163003372	  323  272     12     54    583
20210112163003472	  323  272     12     54    583
20210112163003572	  324  273     14     55    583
20210112163003706	  322  271     10     52    584
20210112163003806	  322  271     10     52    586
20210112163003906	  322  271     10     52    585
20210112163004006	  322  273     10     55    585
20210112163004139	  324  270     14     51    584
20210112163004239	  322  269     10     49    584
20210112163004373	  322  271     10     52    583
20210112163004473	  322  272     10     54    582
20210112163004573	  322  272     10     54    582
20210112163004673	  324  270     14     51    585
20210112163004773	  321  271      9     52    581
20210112163004906	  322  272     10     54    583
20210112163005006	  322  271     10     52    585
20210112163005106	  321  271      9     52    582
20210112163005206	  321  272      9     54    583
20210112163005339	  323  270     12     51    584
20210112163005473	  322  276     10     60    582
20210112163005573	  317  284      3     74    600
20210112163005673	  315  289      0     83    602
20210112163005773	  314  291     -1     86    602
20210112163005873	  309  296     -9     95    609
20210112163006006	  309  300     -9    103    619
20210112163006106	  308  298    -11    100    619
20210112163006206	  309  298     -9    100    623
20210112163006306	  308  299    -11    103    629
20210112163006406	  307  300    -13    105    631
20210112163006573	  307  300    -13    106    638
20210112163006673	  306  300    -14    106    640
20210112163006773	  305  299    -16    105    642
20210112163006873	  307  300    -13    107    643
20210112163006973	  305  300    -16    106    640
20210112163007107	  306  301    -14    108    641
20210112163007207	  306  299    -15    105    643
20210112163007307	  306  299    -14    105    641
20210112163007407	  308  300    -11    106    636
20210112163007507	  308  299    -11    103    632
20210112163007640	  308  297    -11    100    629
20210112163007740	  310  296     -8     97    624
20210112163007873	  310  295     -7     95    619
20210112163008007	  312  294     -4     92    614
20210112163008207	  314  290     -1     85    611
20210112163008307	  314  289     -1     83    608
20210112163008440	  313  287     -3     80    605
20210112163008540	  316  287      1     79    602
20210112163008640	  316  286      1     77    599
20210112163008740	  318  283      4     73    599
20210112163008840	  317  284      3     74    594
20210112163008974	  320  279      7     66    592
20210112163009107	  319  278      6     64    591
20210112163009207	  319  277      6     62    592
20210112163009307	  320  278      7     64    588
20210112163009407	  321  278      9     64    589
20210112163009541	  319  275      6     59    586
20210112163009641	  324  275     14     58    584
20210112163009741	  321  277      9     62    586
20210112163009841	  320  274      7     57    587
20210112163009941	  322  273     10     56    585
20210112163010074	  322  272     11     54    587
20210112163010174	  322  273     11     56    586
20210112163010307	  320  274      7     57    586
20210112163010407	  322  274     10     57    585
20210112163010541	  322  274     10     57    583
20210112163010641	  321  273      9     55    584
20210112163010741	  323  275     12     59    587
20210112163010841	  321  274      9     57    583
20210112163010974	  322  274     10     57    585
20210112163011074	  321  275      9     59    587
20210112163011208	  321  275      9     59    585
20210112163011308	  321  274      9     57    586
20210112163011408	  322  275     10     59    585
20210112163011541	  321  274      9     57    585
20210112163011674	  321  271      9     52    585
20210112163011774	  322  274     10     57    586
20210112163011908	  322  272     10     54    586
20210112163012008	  321  272      9     54    584
20210112163012108	  323  273     12     55    584
20210112163012241	  322  272     10     54    584
20210112163012341	  322  273     10     55    583
20210112163012475	  322  272     10     54    586
20210112163012575	  323  273     12     55    583
20210112163012708	  322  273     10     55    583
20210112163012841	  323  273     12     55    585
20210112163012975	  322  273     10     55    585
20210112163013075	  321  272      9     54    583
20210112163013208	  323  274     12     57    587
20210112163013308	  322  272     10     54    584
20210112163013441	  320  273      7     55    585
20210112163013542	  322  273     11     56    588
20210112163013675	  320  270      7     51    584
20210112163013808	  321  273      9     56    586
20210112163013908	  322  272     11     54    587
20210112163014042	  321  272      9     54    584
20210112163014175	  322  272     10     54    583
20210112163014275	  322  272     10     54    586
20210112163014408	  322  273     10     55    585
20210112163014508	  321  271      9     52    584
20210112163014608	  323  272     12     54    588
20210112163014742	  321  273      9     55    583
20210112163014842	  321  272      9     54    583
20210112163014975	  323  272     12     54    583
20210112163015075	  323  271     12     52    583
20210112163015209	  322  272     10     54    583
20210112163015342	  322  271     10     52    585
20210112163015475	  321  270      9     51    583
20210112163015575	  322  271     10     52    585
20210112163015709	  322  270     10     51    583
20210112163015842	  322  274     10     57    586
20210112163015942	  319  270      6     51    585
20210112163016042	  322  271     10     52    584
20210112163016176	  322  272     10     54    582
20210112163016309	  322  271     10     52    584
20210112163016409	  322  273     10     55    582
20210112163016576	  322  271     10     52    585
20210112163016709	  320  271      7     52    582
20210112163016809	  321  273      9     56    586
20210112163016942	  321  272      9     54    583
20210112163017076	  321  272      9     54    585
20210112163017176	  322  272     10     54    584
20210112163017309	  322  271     10     52    585
20210112163017409	  325  271     15     52    583
20210112163017543	  320  270      7     51    584
20210112163017676	  324  272     14     54    584
20210112163017809	  322  271     10     52    583
20210112163017943	  322  272     10     54    583
20210112163018076	  323  271     12     52    586
20210112163018176	  319  271      6     52    584
20210112163018309	  322  271     10     52    585
20210112163018443	  322  273     10     55    585
20210112163018543	  320  270      7     51    584
20210112163018676	  323  270     12     51    586
20210112163018776	  320  271      7     52    584
20210112163018910	  321  271      9     53    586
20210112163019076	  323  271     12     53    586
20210112163019176	  321  270      9     51    584
20210112163019310	  323  273     12     56    587
20210112163019410	  321  270      9     51    584
20210112163019543	  324  272     14     54    586
20210112163019676	  324  273     13     55    582
20210112163019776	  317  281      3     69    598
20210112163019910	  314  289     -1     83    605
20210112163020043	  313  293     -3     89    605
20210112163020143	  309  297     -9     97    615
20210112163020310	  309  300     -9    103    621
20210112163020410	  309  299     -9    102    622
20210112163020543	  310  300     -8    104    627
20210112163020677	  308  301    -11    107    632
20210112163020777	  306  300    -14    106    636
20210112163020910	  306  299    -14    104    638
20210112163021043	  305  300    -16    106    640
20210112163021143	  306  301    -14    108    641
20210112163021277	  307  301    -13    108    640
20210112163021410	  306  300    -15    107    642
20210112163021544	  306  301    -14    108    640
20210112163021677	  308  298    -11    102    635
20210112163021810	  308  299    -11    103    630
20210112163021910	  310  297     -8    100    629
20210112163022044	  311  295     -6     95    622
20210112163022177	  310  295     -7     94    617
20210112163022277	  311  293     -6     91    616
20210112163022410	  314  292     -1     89    612
20210112163022544	  314  289     -1     93    680
20210112163022644	  315  288      0     82    610
20210112163022811	  316  286      1     78    604
20210112163022944	  315  283      0     73    600
20210112163023044	  318  284      4     74    598
20210112163023277	  319  279      6     65    591
20210112163023411	  319  277      6     62    591
20210112163023544	  320  277      7     62    589
20210112163023644	  321  277      9     62    588
20210112163023777	  321  274      9     57    590
20210112163023911	  320  273      7     56    589
20210112163024044	  322  273     11     56    587
20210112163024178	  321  275      9     59    586
20210112163024311	  320  275      7     59    585
20210112163024411	  322  273     10     56    586
20210112163024544	  321  274      9     57    588
20210112163024678	  321  274      9     57    583
20210112163024778	  322  272     10     54    585
20210112163024911	  324  272     14     54    586
20210112163025044	  321  272      9     54    585
20210112163025144	  320  272      7     54    586
20210112163025311	  322  273     10     55    583
20210112163025411	  323  272     12     54    586
20210112163025545	  323  274     12     57    583
20210112163025678	  322  270     10     51    585
20210112163025778	  323  271     12     52    586
20210112163025911	  324  271     14     52    585
20210112163026045	  321  271      9     52    583
20210112163026145	  323  273     12     55    585
20210112163026278	  322  272     11     54    587
20210112163026411	  322  271     10     52    583
20210112163026545	  322  270     10     51    586
20210112163026678	  322  271     10     52    584
20210112163026812	  322  273     10     55    584
20210112163026912	  322  273     10     56    586
20210112163027045	  321  271      9     52    582
20210112163027145	  322  273     10     55    585
20210112163027278	  322  271     10     52    585
20210112163027412	  321  272      9     54    584
20210112163027512	  322  271     11     53    586
20210112163027645	  322  273     10     55    583
20210112163027812	  323  270     12     51    584
20210112163027912	  322  271     10     52    586
20210112163028045	  324  271     14     52    585
20210112163028179	  322  272     10     54    585
20210112163028279	  322  271     11     53    586
20210112163028412	  324  271     14     52    586
20210112163028545	  323  271     12     52    584
20210112163028645	  323  271     12     52    586
20210112163028779	  322  271     10     52    585
20210112163028912	  322  272     10     54    584
20210112163029045	  321  270      9     51    586
20210112163029179	  323  271     12     52    584
20210112163029279	  322  272     10     54    586
20210112163029412	  320  272      7     54    584
20210112163029512	  324  271     14     53    587
20210112163029646	  322  271     10     52    583
20210112163029779	  322  272     11     54    587
20210112163029879	  322  272     10     54    583
20210112163030012	  323  271     12     53    588
20210112163030146	  322  273     10     55    585
20210112163030279	  323  272     12     54    584
20210112163030413	  324  272     14     54    585
20210112163030546	  321  271      9     52    585
20210112163030679	  321  271      9     52    584
20210112163030779	  322  271     11     53    586
20210112163030913	  321  271      9     52    585
20210112163031013	  322  272     10     54    583
20210112163031146	  322  272     10     54    584
20210112163031279	  324  271     14     52    584
20210112163031379	  322  268     10     48    585
20210112163031546	  323  270     12     51    584
20210112163031680	  323  271     12     52    585
20210112163031780	  322  268     10     48    585
20210112163031913	  322  271     10     52    585
20210112163032046	  325  272     15     54    583
20210112163032146	  322  270     10     51    585
20210112163032280	  322  269     11     49    587
20210112163032413	  323  270     12     51    585
20210112163032513	  323  271     12     52    584
20210112163032646	  322  272     11     54    587
20210112163032813	  323  269     12     49    584
20210112163032913	  323  271     12     52    585
20210112163033047	  323  270     12     51    584
20210112163033180	  324  272     14     54    585
20210112163033313	  323  270     12     51    585
20210112163033413	  324  272     14     54    585
20210112163033547	  324  270     14     51    585
20210112163033680	  324  270     14     51    584
20210112163033780	  323  270     12     51    585
20210112163033913	  325  269     15     49    581
20210112163034080	  320  283      8     73    599
20210112163034180	  316  288      1     81    605
20210112163034313	  314  292     -1     88    605
20210112163034447	  310  298     -7     99    619
20210112163034580	  309  298     -9    100    621
20210112163034680	  311  299     -6    101    620
20210112163034814	  308  300    -11    104    627
20210112163034947	  307  297    -13    100    634
20210112163035047	  307  299    -13    104    636
20210112163035214	  306  300    -14    106    639
20210112163035314	  306  300    -14    106    639
20210112163035447	  307  299    -13    105    641
20210112163035580	  307  300    -13    107    642
20210112163035680	  305  300    -16    107    642
20210112163035814	  306  299    -15    105    645
20210112163035947	  308  299    -11    103    633
20210112163036081	  308  298    -11    102    632
20210112163036214	  310  296     -8     98    627
20210112163036314	  310  296     -7     97    621
20210112163036481	  312  294     -4     93    618
20210112163036614	  312  292     -4     89    615
20210112163036714	  314  292     -1     89    611
20210112163036847	  315  290      0     85    609
20210112163036981	  315  288      0     81    603
20210112163037114	  317  284      3     74    601
20210112163037214	  317  284      3     75    602
20210112163037347	  319  281      6     69    594
20210112163037481	  319  279      6     66    593
20210112163037614	  319  276      6     61    592
20210112163037748	  317  277      3     62    590
20210112163037881	  321  277      9     62    589
20210112163038014	  321  276      9     61    589
20210112163038114	  321  273      9     56    589
20210112163038248	  321  275      9     59    588
20210112163038348	  322  274     11     57    586
20210112163038548	  322  275     11     59    587
20210112163038681	  321  274      9     57    587
20210112163038781	  322  274     10     57    585
20210112163038948	  321  274      9     57    585
20210112163039081	  321  272      9     54    584
20210112163039181	  320  271      7     53    588
20210112163039315	  322  273     10     55    582
20210112163039448	  319  271      6     53    587
20210112163039548	  321  272      9     54    585
20210112163039681	  321  272      9     54    584
20210112163039848	  321  273      9     56    586
20210112163040015	  320  272      7     54    585
20210112163040115	  322  271     10     52    585
20210112163040282	  322  270     11     51    587
20210112163040382	  321  272      9     54    587
20210112163040515	  322  272     10     54    584
20210112163040648	  322  274     11     57    587
20210112163040748	  323  272     12     54    583
20210112163040882	  322  273     10     55    585
20210112163041015	  323  273     12     56    588
20210112163041148	  322  272     10     54    584
20210112163041248	  323  272     12     54    585
20210112163041382	  323  271     12     53    586
20210112163041548	  325  271     15     52    585
20210112163041649	  321  272      9     54    587
20210112163041782	  323  272     12     54    586
20210112163041915	  322  273     10     55    585
20210112163042015	  323  271     12     52    585
20210112163042149	  322  271     10     52    586
20210112163042249	  321  271      9     52    585
20210112163042382	  323  272     12     54    585
20210112163042515	  323  271     12     52    585
20210112163042615	  321  270      9     51    585
20210112163042782	  323  271     12     52    585
20210112163042916	  322  270     10     51    584
20210112163043049	  321  271      9     52    585
20210112163043149	  323  271     12     52    585
20210112163043282	  323  270     12     51    586
20210112163043416	  321  272      9     54    586
20210112163043516	  323  268     12     48    586
20210112163043649	  323  270     12     51    586
20210112163043782	  323  271     12     52    584
20210112163043882	  323  270     12     51    585
20210112163044049	  322  270     11     51    587
20210112163044182	  322  270     10     51    584
20210112163044283	  322  272     11     54    587
20210112163044416	  323  270     12     51    586
20210112163044516	  323  272     12     54    584
20210112163044649	  322  271     11     53    586
20210112163044783	  324  270     14     51    585
20210112163044916	  323  272     12     54    584
20210112163045016	  323  272     12     54    585
20210112163045183	  324  270     14     51    584
20210112163045316	  322  270     10     51    585
20210112163045416	  323  271     12     53    587
20210112163045550	  323  270     12     51    584
20210112163045683	  323  270     12     51    586
20210112163045816	  323  268     12     48    586
20210112163045950	  324  271     14     52    583
20210112163046083	  323  271     12     52    586
20210112163046216	  323  270     12     51    584
20210112163046316	  324  271     14     52    584
20210112163046483	  322  269     11     49    587
20210112163046617	  323  270     12     51    586
20210112163046750	  323  270     12     51    585
20210112163046883	  324  269     14     49    585
20210112163047017	  323  271     12     52    585
20210112163047150	  322  270     10     51    584
20210112163047250	  324  271     14     52    584
20210112163047383	  323  271     12     52    585
20210112163047517	  322  270     10     51    584
20210112163047683	  322  271     10     52    584
20210112163047817	  323  268     12     48    584
20210112163047984	  323  271     12     53    588
20210112163048084	  322  267     10     46    585
20210112163048217	  323  272     12     54    582
20210112163048350	  316  285      1     76    600
20210112163048484	  316  289      1     82    603
20210112163048584	  313  295     -2     92    605
20210112163048717	  309  299     -9    101    618
20210112163048850	  310  298     -7     99    618
20210112163049017	  308  298    -11    101    626
20210112163049117	  308  300    -11    104    628
20210112163049251	  308  297    -11    101    636
20210112163049384	  307  299    -13    104    637
20210112163049517	  306  300    -14    106    641
20210112163049651	  306  299    -14    104    639
20210112163049784	  306  301    -15    108    640
20210112163049884	  307  301    -13    108    642
20210112163050017	  306  301    -14    108    640
20210112163050184	  309  298     -9    102    632
20210112163050318	  308  296    -11     98    631
20210112163050451	  310  297     -8     99    626
20210112163050585	  311  295     -6     95    619
20210112163050720	  312  293     -4     91    617
20210112163050855	  314  292     -1     89    612
20210112163050957	  316  289      1     83    610
20210112163051092	  314  289     -1     83    607
20210112163051228	  317  287      3     79    603
20210112163051363	  317  284      3     74    601
20210112163051499	  319  285      6     76    598
20210112163051633	  318  281      4     69    596
20210112163051800	  319  279      6     65    592
20210112163051933	  318  279      4     65    591
20210112163052066	  319  276      6     61    592
20210112163052166	  320  276      7     61    589
20210112163052299	  321  276      9     60    588
20210112163052432	  322  274     11     57    587
20210112163052565	  319  274      6     57    586
20210112163052732	  320  275      7     58    584
20210112163052865	  323  275     12     59    586
20210112163052998	  322  274     10     57    586
20210112163053131	  321  273      9     56    585
20210112163053265	  322  272     11     54    587
20210112163053364	  323  271     12     52    584
20210112163053498	  323  274     12     57    584
20210112163053631	  322  272     11     54    587
20210112163053764	  321  272      9     54    583
20210112163053930	  322  271     10     52    584
20210112163054064	  322  272     10     54    583
20210112163054197	  320  271      7     52    585
20210112163054330	  322  271     10     52    586
20210112163054496	  323  272     12     54    586
20210112163054629	  323  272     12     54    586
20210112163054763	  324  270     14     51    585
20210112163054896	  322  272     11     54    587
20210112163055029	  321  273      9     55    584
20210112163055195	  325  273     15     56    587
20210112163055328	  323  272     12     54    586
20210112163055462	  322  273     10     56    586
20210112163055595	  322  271     11     53    586
20210112163055728	  322  270     10     51    584
20210112163055861	  323  273     12     56    586
20210112163056028	  324  270     14     51    586
20210112163056161	  322  271     10     52    584
20210112163056294	  322  270     10     51    586
20210112163056460	  324  270     14     51    583
20210112163056594	  323  270     12     51    585
20210112163056727	  323  270     12     51    585
20210112163056860	  323  269     12     49    584
20210112163056993	  323  270     12     51    584
20210112163057159	  323  272     12     54    587
20210112163057293	  323  272     12     54    587
20210112163057426	  324  272     14     54    585
20210112163057559	  323  271     12     52    584
20210112163057725	  322  270     10     51    584
20210112163057859	  322  270     10     51    585
20210112163057992	  323  270     12     51    586
20210112163058125	  324  271     14     52    585
20210112163058258	  323  271     12     52    585
20210112163058425	  323  271     12     52    585
20210112163058558	  323  269     12     49    584
20210112163058691	  323  269     12     49    584
20210112163058824	  322  268     10     48    585
20210112163058990	  322  270     10     51    584
20210112163059124	  323  271     12     52    585
20210112163059257	  322  270     10     51    586
20210112163059390	  323  269     12     49    584
20210112163059523	  323  269     12     49    585
20210112163059656	  323  270     12     51    586
20210112163059823	  324  271     14     52    586
20210112163059956	  321  269      9     49    585
20210112163100122	  322  271     10     52    584
20210112163100256	  325  269     15     49    585
20210112163100389	  323  269     12     49    584
20210112163100522	  323  270     12     51    586
20210112163100655	  322  272     10     54    583
20210112163100788	  323  270     12     51    584
20210112163100888	  322  268     10     48    586
20210112163101021	  324  268     14     48    583
20210112163101154	  322  271     10     52    586
20210112163101321	  323  270     12     51    584
20210112163101487	  323  270     12     51    587
20210112163101620	  324  269     14     49    583
20210112163101754	  324  269     14     49    584
20210112163101887	  323  270     12     51    585
20210112163102020	  323  269     12     49    584
20210112163102153	  323  269     12     49    583
20210112163102286	  325  270     15     51    586
20210112163102419	  322  273     10     55    581
20210112163102553	  316  287      1     80    604
20210112163102719	  315  289      0     83    605
20210112163102852	  312  295     -4     94    612
20210112163102985	  311  297     -6     98    621
20210112163103119	  311  296     -6     96    620
20210112163103252	  308  296    -11     98    630
20210112163103385	  310  300     -8    105    631
20210112163103518	  307  299    -13    104    637
20210112163103651	  305  301    -16    108    641
20210112163103784	  307  301    -13    108    642
20210112163103951	  307  300    -13    106    639
20210112163104084	  306  301    -15    108    642
20210112163104217	  307  299    -13    105    642
20210112163104350	  308  299    -11    104    637
20210112163104483	  309  296     -9     98    633
20210112163104650	  309  295     -9     96    626
20210112163104783	  312  295     -4     95    622
20210112163104916	  311  293     -6     91    618
20210112163105049	  314  292     -1     89    613
20210112163105216	  314  291     -1     87    609
20210112163105349	  314  287     -1     80    608
20210112163105482	  315  285      0     76    604
20210112163105615	  319  283      6     73    600
20210112163105748	  319  283      6     72    597
20210112163105882	  320  279      7     66    593
20210112163106015	  319  277      6     62    591
20210112163106148	  321  278      9     64    590
20210112163106348	  321  278      9     64    588
20210112163106481	  321  276      9     61    590
20210112163106614	  320  275      7     59    587
20210112163106748	  321  273      9     56    587
20210112163106882	  321  273      9     56    586
20210112163107016	  322  274     10     57    585
20210112163107151	  324  272     14     54    589
20210112163107285	  321  272      9     54    586
20210112163107453	  319  273      6     56    586
20210112163107621	  322  273     11     56    587
20210112163107755	  322  275     10     59    586
20210112163107889	  322  274     11     57    587
20210112163108022	  322  273     10     55    584
20210112163108155	  323  271     12     52    584
20210112163108289	  322  271     10     52    584
20210112163108455	  323  272     12     54    586
20210112163108589	  323  272     12     54    584
20210112163108722	  323  272     12     54    585
20210112163108889	  323  272     12     54    585
20210112163109022	  322  273     11     56    588
20210112163109156	  323  271     12     52    585
20210112163109322	  322  271     10     52    586
20210112163109456	  321  273      9     55    585
20210112163109589	  323  272     12     54    586
20210112163109722	  324  270     14     51    586
20210112163109856	  323  271     12     53    588
20210112163109989	  322  271     10     52    585
20210112163110156	  322  273     11     56    588
20210112163110289	  323  272     12     54    586
20210112163110456	  323  271     12     53    586
20210112163110589	  323  271     12     52    583
20210112163110723	  323  269     12     49    586
20210112163110856	  323  271     12     52    586
20210112163110989	  321  270      9     51    583
20210112163111123	  324  271     14     53    587
20210112163111256	  325  271     15     52    586
20210112163111423	  323  270     12     51    587
20210112163111556	  323  271     12     52    584
20210112163111723	  323  271     12     52    586
20210112163111856	  323  270     12     51    584
20210112163111990	  324  270     14     51    586
20210112163112123	  323  272     12     54    588
20210112163112256	  321  271      9     52    584
20210112163112390	  323  270     12     51    586
20210112163112523	  323  270     12     51    586
20210112163112690	  323  271     12     52    585
20210112163112823	  322  272     11     54    588
20210112163112957	  325  272     15     54    586
20210112163113123	  322  269     10     49    584
20210112163113257	  323  269     12     49    585
20210112163113390	  324  269     14     49    586
20210112163113523	  324  269     14     49    583
20210112163113657	  323  270     12     51    585
20210112163113823	  324  268     14     48    584
20210112163113957	  324  270     14     51    586
20210112163114090	  323  269     12     49    583
20210112163114223	  324  269     14     49    585
20210112163114357	  323  269     12     49    585
20210112163114524	  323  269     12     49    585
20210112163114657	  324  270     14     51    583
20210112163114790	  324  271     14     53    587
20210112163114924	  323  269     12     49    583
20210112163115090	  323  268     12     48    585
20210112163115224	  323  270     12     51    583
20210112163115357	  323  269     12     49    584
20210112163115490	  324  271     14     52    583
20210112163115624	  322  270     10     51    584
20210112163115791	  323  270     12     51    583
20210112163115924	  322  269     10     49    585
20210112163116057	  323  269     12     49    585
20210112163116191	  322  269     10     49    584
20210112163116357	  323  269     12     49    583
20210112163116491	  324  268     14     48    584
20210112163116624	  323  269     12     49    583
20210112163116757	  321  281      9     69    595
20210112163116891	  315  287      0     80    603
20210112163117058	  313  293     -3     90    607
20210112163117191	  311  297     -6     98    618
20210112163117324	  310  298     -7     99    618
20210112163117458	  310  299     -8    102    624
20210112163117658	  308  298    -11    102    635
20210112163117791	  308  299    -11    104    637
20210112163117924	  306  300    -15    107    641
20210112163118058	  307  299    -13    105    641
20210112163118191	  306  299    -14    105    641
20210112163118325	  306  299    -15    105    643
20210112163118458	  307  301    -13    109    645
20210112163118591	  307  299    -13    104    636
20210112163118725	  308  296    -11     99    635
20210112163118891	  309  297     -9     99    627
20210112163119025	  311  295     -6     95    620
20210112163119191	  312  293     -4     91    618
20210112163119325	  312  292     -4     89    615
20210112163119458	  315  290      0     85    608
20210112163119592	  316  288      1     82    608
20210112163119725	  315  285      0     76    604
20210112163119858	  317  285      3     76    600
20210112163120058	  319  281      6     69    594
20210112163120192	  322  280     11     67    590
20210112163120325	  320  277      7     62    590
20210112163120458	  321  276      9     61    590
20210112163120592	  320  276      7     60    586
20210112163120725	  319  274      6     58    593
20210112163120859	  320  274      7     57    588
20210112163121059	  322  273     11     56    587
20210112163121192	  322  273     10     55    585
20210112163121392	  322  271     11     53    588
20210112163121525	  321  271      9     52    584
20210112163121659	  323  271     12     53    587
20210112163121792	  321  271      9     53    586
20210112163121925	  323  270     12     51    585
20210112163122059	  323  272     12     54    588
20210112163122192	  323  271     12     53    587
20210112163122326	  322  271     11     53    587
20210112163122492	  321  272      9     54    589
20210112163122659	  323  272     12     54    585
20210112163122792	  323  270     12     51    585
20210112163122926	  322  269     11     50    588
20210112163123059	  323  271     12     53    587
20210112163123226	  322  271     10     52    586
20210112163123359	  324  273     14     55    585
20210112163123492	  322  271     11     53    586
20210112163123626	  323  270     12     51    584
20210112163123793	  322  270     10     51    586
20210112163123959	  322  271     11     53    587
20210112163124093	  323  270     12     51    585
20210112163124226	  321  272      9     54    584
20210112163124359	  323  272     12     54    587
20210112163124493	  322  272     11     54    589
20210112163124659	  322  271     11     53    587
20210112163124793	  320  271      7     53    587
20210112163124926	  322  271     10     52    584
20210112163125093	  321  269      9     49    586
20210112163125226	  323  272     12     54    586
20210112163125393	  323  272     12     54    586
20210112163125526	  323  272     12     54    587
20210112163125660	  322  271     11     53    588
20210112163125793	  321  270      9     51    586
20210112163125926	  324  269     14     49    586
20210112163126093	  323  271     12     52    586
20210112163126226	  324  269     14     49    585
20210112163126393	  323  270     12     51    586
20210112163126527	  323  271     12     53    586
20210112163126660	  323  269     12     49    585
20210112163126793	  324  270     14     51    586
20210112163126927	  324  269     14     49    586
20210112163127060	  322  271     11     53    587
20210112163127227	  321  269      9     49    587
20210112163127360	  323  271     12     52    585
20210112163127527	  325  271     15     52    584
20210112163127694	  323  271     12     52    586
20210112163127827	  323  271     12     53    586
20210112163127960	  322  269     10     49    586
20210112163128127	  322  270     10     51    586
20210112163128260	  323  270     12     51    586
20210112163128394	  324  272     14     54    585
20210112163128560	  324  269     14     49    585
20210112163128694	  323  269     12     49    584
20210112163128860	  323  270     12     51    585
20210112163128994	  323  271     12     52    584
20210112163129127	  323  270     12     51    583
20210112163129294	  323  271     12     53    587
20210112163129427	  324  269     14     49    584
20210112163129561	  325  269     15     49    585
20210112163129694	  323  267     12     46    586
20210112163129827	  323  269     12     49    586
20210112163130027	  325  269     15     49    585
20210112163130161	  324  269     14     49    585
20210112163130294	  323  271     12     52    585
20210112163130428	  324  269     14     49    584
20210112163130594	  324  269     14     49    584
20210112163130728	  324  270     14     51    586
20210112163130861	  326  271     17     52    581
20210112163131028	  317  285      3     76    604
20210112163131161	  317  290      3     84    602
20210112163131328	  312  296     -4     95    612
20210112163131461	  310  299     -8    102    623
20210112163131628	  310  299     -7    102    621
20210112163131795	  310  297     -8    100    631
20210112163131928	  308  299    -11    104    634
20210112163132061	  307  299    -13    105    640
20210112163132195	  306  301    -14    108    640
20210112163132361	  307  301    -13    108    640
20210112163132528	  307  299    -13    105    641
20210112163132661	  305  301    -16    109    644
20210112163132795	  309  300     -9    106    639
20210112163132962	  309  298     -9    101    631
20210112163133095	  309  295     -9     96    629
20210112163133228	  311  295     -6     95    623
20210112163133362	  311  293     -6     92    621
20210112163133528	  313  291     -3     87    614
20210112163133662	  314  290     -1     86    612
20210112163133828	  316  288      1     81    605
20210112163133995	  317  286      3     78    603
20210112163134129	  317  282      3     71    600
20210112163134262	  318  281      4     69    598
20210112163134429	  320  277      8     63    593
20210112163134562	  320  277      7     62    589
20210112163134729	  318  274      4     58    592
20210112163134862	  321  275      9     59    588
20210112163135062	  322  275     11     59    588
20210112163135195	  321  273      9     56    588
20210112163135329	  323  273     12     56    588
20210112163135496	  319  271      6     52    584
20210112163135629	  324  273     14     56    587
20210112163135796	  322  272     10     54    585
20210112163135929	  321  270      9     51    585
20210112163136096	  322  272     10     54    584
20210112163136296	  323  272     12     54    584
20210112163136429	  323  271     12     53    587
20210112163136596	  324  270     14     51    587
20210112163136729	  322  272     10     54    584
20210112163136896	  321  269      9     49    586
20210112163137029	  323  269     12     50    588
20210112163137163	  322  271     11     53    587
20210112163137329	  323  271     12     53    587
20210112163137496	  323  270     12     51    586
20210112163137663	  323  270     12     51    586
20210112163137796	  324  272     14     54    584
20210112163137963	  324  271     14     53    587
20210112163138096	  323  269     12     49    585
20210112163138263	  323  269     12     49    586
20210112163138396	  323  270     12     51    584
20210112163138563	  324  270     14     51    586
20210112163138763	  323  270     12     51    585
20210112163138896	  322  269     10     49    586
20210112163139063	  323  271     12     53    588
20210112163139197	  323  270     12     51    584
20210112163139363	  322  270     10     51    586
20210112163139497	  323  270     12     51    585
20210112163139663	  322  269     11     49    586
20210112163139797	  323  271     12     52    584
20210112163139997	  324  270     14     51    583
20210112163140130	  323  268     12     48    586
20210112163140297	  323  271     12     52    585
20210112163140463	  323  271     12     52    586
20210112163140597	  323  269     12     49    584
20210112163140764	  323  269     12     49    585
20210112163140897	  323  269     12     49    584
20210112163141064	  323  271     12     52    585
20210112163141230	  324  268     14     48    585
20210112163141397	  325  271     15     52    584
20210112163141530	  322  269     11     50    588
20210112163141697	  324  271     14     52    583
20210112163141864	  323  269     12     49    586
20210112163141997	  324  270     14     51    586
20210112163142164	  324  270     14     51    585
20210112163142297	  324  269     14     49    584
20210112163142497	  323  268     12     48    588
20210112163142631	  323  269     12     49    586
20210112163142797	  323  270     12     51    585
20210112163142964	  322  271     10     52    585
20210112163143097	  323  271     12     53    586
20210112163143264	  325  269     15     49    585
20210112163143397	  323  269     12     49    585
20210112163143564	  321  269      9     49    587
20210112163143764	  322  270     10     51    584
20210112163143898	  325  269     15     49    586
20210112163144064	  322  271     10     52    585
20210112163144198	  324  269     14     49    585
20210112163144364	  324  270     14     51    586
20210112163144498	  323  269     12     49    584
20210112163144664	  322  270     10     51    584
20210112163144798	  326  271     17     52    583
20210112163144998	  324  269     14     49    585
20210112163145165	  324  273     14     56    591
20210112163145298	  317  287      3     79    603
20210112163145465	  316  293      1     89    603
20210112163145598	  311  297     -6     98    617
20210112163145765	  310  299     -7    101    619
20210112163145931	  310  300     -8    104    625
20210112163146065	  309  299     -9    103    631
20210112163146265	  307  299    -13    104    638
20210112163146398	  306  299    -15    105    640
20210112163146565	  308  300    -11    106    640
20210112163146732	  308  299    -11    105    643
20210112163146865	  307  301    -13    108    641
20210112163147032	  308  299    -11    104    638
20210112163147165	  308  297    -11    100    634
20210112163147332	  310  297     -8     99    627
20210112163147532	  311  296     -6     97    621
20210112163147665	  313  294     -3     93    616
20210112163147832	  314  291     -1     87    611
20210112163147965	  315  289      0     83    609
20210112163148132	  316  287      1     80    604
20210112163148299	  318  283      4     73    600
20210112163148432	  320  283      8     72    597
20210112163148599	  320  281      7     69    592
20210112163148765	  319  276      6     61    590
20210112163148932	  321  275      9     59    594
20210112163149099	  322  273     11     56    588
20210112163149232	  320  273      7     56    591
20210112163149399	  323  275     12     59    586
20210112163149532	  322  275     11     59    588
20210112163149699	  323  270     12     51    592
20210112163149832	  323  275     12     59    589
20210112163150032	  322  274     11     57    589
20210112163150166	  320  274      7     57    585
20210112163150333	  322  272     11     54    589
20210112163150499	  320  272      7     54    585
20210112163150633	  323  271     12     53    587
20210112163150799	  323  273     12     56    588
20210112163150933	  323  272     12     54    586
20210112163151099	  323  272     12     54    587
20210112163151266	  323  269     12     50    588
20210112163151433	  324  269     14     50    589
20210112163151600	  323  271     12     52    586
20210112163151733	  322  272     11     54    587
20210112163151900	  322  269     10     49    586
20210112163152033	  322  270     11     51    586
20210112163152200	  322  271     11     53    587
20210112163152366	  323  270     12     51    584
20210112163152533	  324  272     14     54    585
20210112163152700	  323  270     12     51    585
20210112163152833	  323  269     12     49    586
20210112163153000	  323  271     12     53    586
20210112163153133	  322  271     10     52    585
20210112163153300	  324  270     14     51    586
20210112163153467	  322  271     10     52    586
20210112163153600	  321  271      9     53    587
20210112163153800	  322  271     10     52    586
20210112163153933	  321  268      9     48    587
20210112163154100	  325  269     15     49    584
20210112163154234	  323  271     12     53    588
20210112163154400	  323  269     12     49    584
20210112163154534	  324  269     14     49    584
20210112163154700	  323  271     12     52    586
20210112163154867	  323  268     12     48    587
20210112163155034	  324  268     14     48    585
20210112163155200	  324  269     14     49    584
20210112163155334	  324  269     14     49    584
20210112163155501	  324  269     14     49    584
20210112163155667	  323  269     12     49    585
20210112163155801	  323  270     12     51    586
20210112163155967	  322  271     11     53    587
20210112163156101	  324  268     14     48    584
20210112163156301	  324  268     14     48    585
20210112163156434	  325  271     15     52    585
20210112163156601	  323  270     12     51    585
20210112163156768	  324  270     14     51    585
20210112163156901	  323  269     12     49    585
20210112163157068	  324  268     14     48    586
20210112163157201	  324  269     14     49    585
20210112163157401	  323  269     12     49    586
20210112163157568	  325  270     15     51    583
20210112163157701	  322  270     10     51    583
20210112163157868	  323  270     12     51    585
20210112163158001	  324  269     14     49    586
20210112163158168	  322  270     10     51    585
20210112163158301	  324  268     14     48    586
20210112163158468	  324  268     14     48    585
20210112163158601	  323  269     12     49    584
20210112163158801	  323  268     12     48    585
20210112163158968	  324  270     14     51    585
20210112163159101	  324  270     14     51    584
20210112163159268	  323  269     12     49    586
20210112163159402	  322  276     11     60    587
20210112163159568	  316  288      1     81    605
20210112163159702	  315  292      0     88    603
20210112163159902	  311  298     -6    100    620
20210112163200068	  311  299     -6    101    620
20210112163200235	  309  298     -9    101    629
20210112163200368	  309  300     -9    105    631
20210112163200535	  308  300    -11    106    641
20210112163200669	  307  301    -13    108    639
20210112163200835	  307  298    -13    103    640
20210112163200969	  308  299    -11    105    642
20210112163201169	  306  301    -15    108    642
20210112163201335	  309  298     -9    102    636
20210112163201469	  309  297     -9    100    632
20210112163201635	  312  296     -4     97    626
20210112163201769	  311  293     -6     91    620
20210112163201935	  312  293     -4     91    616
20210112163202235	  317  287      3     80    610
20210112163202436	  317  286      3     78    603
20210112163202569	  317  284      3     74    601
20210112163202736	  320  280      8     68    596
20210112163202869	  321  278      9     64    593
20210112163203036	  321  277      9     62    590
20210112163203202	  321  274      9     58    591
20210112163203336	  320  274      7     57    587
20210112163203502	  323  272     12     54    586
20210112163203703	  323  274     12     57    588
20210112163203836	  324  270     14     51    587
20210112163204003	  320  272      7     54    587
20210112163204136	  321  273      9     56    587
20210112163204303	  321  272      9     54    588
20210112163204436	  321  271      9     53    589
20210112163204603	  321  273      9     56    588
20210112163204769	  325  273     15     56    586
20210112163204936	  323  271     12     53    588
20210112163205103	  322  271     11     53    587
20210112163205236	  323  272     12     54    586
20210112163205403	  322  272     11     54    586
20210112163205536	  320  271      7     52    585
20210112163205703	  323  270     12     51    587
20210112163205870	  323  272     12     54    583
20210112163206003	  325  270     15     51    589
20210112163206203	  322  270     10     51    585
20210112163206337	  324  270     14     51    586
20210112163206503	  323  272     12     54    586
20210112163206670	  322  270     10     51    586
20210112163206837	  324  271     14     52    584
20210112163206970	  324  269     14     49    586
20210112163207137	  324  271     14     52    585
20210112163207304	  323  269     12     49    583
20210112163207470	  324  270     14     51    586
20210112163207637	  324  270     14     51    585
20210112163207770	  322  269     11     49    587
20210112163207937	  323  271     12     52    585
20210112163208104	  324  269     14     49    586
20210112163208237	  324  271     14     52    586
20210112163208404	  323  269     12     49    586
20210112163208571	  323  269     12     49    584
20210112163208737	  323  269     12     49    586
20210112163208904	  323  270     12     51    585
20210112163209037	  323  270     12     51    586
20210112163209204	  323  269     12     49    586
20210112163209371	  323  271     12     53    586
20210112163209504	  324  268     14     48    586
20210112163209671	  323  270     12     51    585
20210112163209804	  324  268     14     48    585
20210112163210004	  326  269     17     49    583
20210112163210171	  325  269     15     49    584
20210112163210304	  324  269     14     49    586
20210112163210471	  323  267     12     46    585
20210112163210604	  324  269     14     49    586
20210112163210771	  324  269     14     49    584
20210112163210938	  324  269     14     49    585
20210112163211105	  323  270     12     51    584
20210112163211271	  322  268     10     48    585
20210112163211405	  324  270     14     51    585
20210112163211571	  325  270     15     51    586
20210112163211738	  322  268     11     48    586
20210112163211905	  323  268     12     48    584
20210112163212038	  324  269     14     49    587
20210112163212205	  323  268     12     48    584
20210112163212405	  323  269     12     49    584
20210112163212538	  323  268     12     48    586
20210112163212705	  322  268     10     48    585
20210112163212838	  324  269     14     49    585
20210112163213072	  324  268     14     48    586
20210112163213238	  325  268     15     48    586
20210112163213372	  324  270     14     51    586
20210112163213638	  325  273     15     55    583
20210112163213805	  316  286      1     78    605
20210112163214105	  311  298     -6     99    617
20210112163214239	  310  299     -7    102    622
20210112163214405	  309  298     -9    101    626
20210112163214572	  309  299     -9    103    631
20210112163214705	  308  300    -11    106    636
20210112163214905	  306  301    -14    108    640
20210112163215072	  308  301    -11    108    641
20210112163215206	  306  298    -15    104    645
20210112163215372	  307  300    -13    107    643
20210112163215539	  306  301    -15    109    643
20210112163215706	  307  300    -13    107    644
20210112163215872	  306  301    -15    109    645
20210112163216006	  308  300    -11    107    643
20210112163216206	  307  299    -13    105    644
20210112163216339	  308  301    -11    109    645
20210112163216506	  307  299    -13    106    646
20210112163216673	  308  299    -11    105    645
20210112163216839	  307  300    -13    107    644
20210112163216973	  307  301    -13    109    643
20210112163217139	  306  300    -15    107    645
20210112163217339	  307  301    -13    109    646
20210112163217506	  308  301    -11    109    645
20210112163217673	  307  300    -13    108    648
20210112163217806	  307  301    -13    109    645
20210112163217973	  307  301    -13    109    645
20210112163218140	  306  300    -15    107    645
20210112163218306	  307  300    -13    107    647
20210112163218440	  307  298    -16    135    835
20210112163218640	  306  301    -15    109    647
20210112163218940	  307  302    -13    111    647
20210112163219107	  306  300    -15    107    647
20210112163219273	  306  302    -15    111    645
20210112163219440	  306  300    -15    108    648
20210112163219607	  306  299    -15    106    648
20210112163219773	  306  302    -15    111    646
20210112163219940	  306  301    -15    109    646
20210112163220107	  306  302    -15    111    646
20210112163220273	  306  302    -15    111    646
20210112163220440	  306  300    -15    107    647
20210112163220740	  306  302    -15    111    647
20210112163220907	  307  300    -13    108    646
20210112163221107	  307  298    -16    126    789
20210112163221274	  307  300    -13    107    647
20210112163221440	  306  302    -15    111    647
20210112163221774	  306  299    -15    106    646
20210112163221941	  307  300    -13    107    646
20210112163222107	  307  302    -13    111    646
20210112163222341	  307  298    -14    105    647
20210112163222574	  306  299    -15    106    646
20210112163222741	  306  302    -15    111    646
20210112163222907	  306  299    -15    106    646
20210112163223074	  307  302    -13    111    646
