20210112162915579	  271  258    -73     35    632
20210112162915646	  271  258    -73     35    632
20210112162915680	  272  258    -71     35    632
20210112162915714	  271  258    -73     35    632
20210112162915747	  271  258    -73     35    632
20210112162915781	  271  258    -73     35    632
20210112162915814	  271  258    -73     35    632
20210112162915848	  271  258    -73     35    632
20210112162915914	  271  258    -73     35    632
20210112162916014	  271  258    -73     35    632
20210112162916047	  272  258    -71     35    632
20210112162916081	  271  259    -73     37    632
20210112162916114	  270  259    -74     37    632
20210112162916147	  271  258    -73     35    632
20210112162916180	  270  259    -74     37    632
20210112162916213	  270  259    -74     37    632
20210112162916246	  272  258    -71     35    632
20210112162916280	  271  259    -72     37    631
20210112162916280	  270  260    -74     38    632
20210112162916280	  272  258    -71     35    632
20210112162916412	  271  260    -72     38    631
20210112162916478	  271  259    -73     37    632
20210112162916577	  271  259    -73     37    632
20210112162916610	  271  259    -72     37    631
20210112162916644	  271  259    -73     37    632
20210112162916677	  270  259    -74     37    631
20210112162916710	  271  259    -72     37    631
20210112162916743	  271  259    -72     37    631
20210112162916842	  272  260    -71     38    631
20210112162916875	  271  258    -73     35    632
20210112162916908	  271  259    -72     37    631
20210112162916974	  271  259    -73     37    632
20210112162917040	  271  259    -72     37    631
20210112162917072	  271  258    -73     35    632
20210112162917105	  272  260    -71     38    630
20210112162917138	  273  258    -69     35    632
20210112162917204	  271  258    -72     35    631
20210112162917237	  273  258    -69     35    632
20210112162917302	  272  259    -71     37    631
20210112162917335	  271  258    -73     35    632
20210112162917400	  273  258    -69     35    632
20210112162917466	  271  259    -72     37    631
20210112162917596	  271  260    -72     38    631
20210112162917629	  271  259    -72     37    631
20210112162917661	  270  259    -74     37    631
20210112162917694	  270  259    -74     37    631
20210112162917794	  270  259    -74     37    631
20210112162917827	  272  258    -71     35    631
20210112162917861	  272  259    -71     37    631
20210112162917894	  272  258    -71     35    632
20210112162917994	  271  258    -73     35    632
20210112162918027	  272  259    -71     37    631
20210112162918061	  271  259    -72     37    631
20210112162918094	  271  258    -73     35    632
20210112162918194	  271  260    -72     38    631
20210112162918227	  272  259    -71     37    631
20210112162918261	  272  259    -71     37    631
20210112162918294	  272  259    -71     37    631
20210112162918327	  270  259    -74     37    631
20210112162918361	  272  258    -71     35    632
20210112162918427	  272  258    -71     35    632
20210112162918494	  272  258    -71     35    632
20210112162918594	  272  258    -71     35    632
20210112162918627	  270  259    -74     37    631
20210112162918627	  272  259    -71     37    631
20210112162918694	  271  258    -73     35    632
20210112162918727	  272  258    -71     35    632
20210112162918761	  272  258    -71     35    632
20210112162918794	  272  258    -71     35    632
20210112162918860	  270  259    -74     37    631
20210112162918927	  272  258    -71     35    632
20210112162918960	  271  258    -73     35    632
20210112162918960	  272  258    -71     35    632
20210112162919027	  271  258    -73     35    632
20210112162919060	  271  258    -73     35    632
20210112162919093	  271  260    -73     38    632
20210112162919293	  272  258    -71     35    632
20210112162919326	  271  258    -73     35    632
20210112162919359	  271  260    -73     38    632
20210112162919426	  271  260    -72     38    631
20210112162919459	  272  259    -71     37    632
20210112162919492	  270  259    -74     37    632
20210112162919525	  270  259    -74     37    632
20210112162919592	  270  259    -74     37    631
20210112162919625	  272  258    -71     35    632
20210112162919658	  271  258    -73     35    632
20210112162919725	  271  258    -73     35    632
20210112162919758	  270  259    -74     37    632
20210112162919825	  272  258    -71     35    632
20210112162919891	  272  258    -71     35    632
20210112162919925	  272  258    -71     35    632
20210112162919958	  271  258    -73     35    632
20210112162919992	  272  258    -71     35    632
20210112162920025	  270  259    -74     37    631
20210112162920058	  270  259    -74     37    632
20210112162920125	  271  258    -73     35    632
20210112162920158	  272  258    -71     35    632
20210112162920225	  271  260    -73     38    632
20210112162920258	  272  258    -71     35    632
20210112162920292	  271  258    -73     35    632
20210112162920325	  272  259    -71     37    632
20210112162920358	  270  259    -74     37    632
20210112162920358	  301  289    -35    132    961
20210112162920358	  277  264    -63     44    630
20210112162920492	  271  260    -72     38    631
20210112162920492	  271  259    -72     37    631
20210112162920559	  271  258    -73     35    632
20210112162920592	  272  258    -71     35    632
20210112162920625	  272  259    -71     37    631
20210112162920659	  271  259    -72     37    631
20210112162920659	  269  264    -76     45    633
20210112162920725	  270  259    -74     37    632
20210112162920759	  270  259    -74     37    632
20210112162920792	  270  259    -74     37    632
20210112162920792	  271  258    -73     35    632
20210112162920859	  270  259    -74     37    632
20210112162920892	  272  259    -71     37    632
20210112162920926	  272  259    -71     37    632
20210112162920959	  271  258    -73     35    632
20210112162920993	  271  258    -73     35    632
20210112162921026	  272  259    -71     37    632
20210112162921059	  272  258    -71     35    632
20210112162921093	  272  259    -71     37    631
20210112162921126	  271  258    -73     35    632
20210112162921160	  272  259    -71     37    631
20210112162921193	  272  259    -71     37    632
20210112162921227	  270  259    -74     37    632
20210112162921327	  271  258    -73     35    632
20210112162921360	  272  258    -71     35    632
20210112162921394	  271  258    -73     35    632
20210112162921427	  270  259    -74     37    632
20210112162921494	  272  258    -71     35    632
20210112162921528	  270  259    -74     37    632
20210112162921561	  270  259    -74     37    632
20210112162921595	  271  260    -73     38    632
20210112162921628	  271  258    -73     35    632
20210112162921662	  270  259    -74     37    632
20210112162921762	  272  259    -71     37    631
20210112162921795	  272  258    -71     35    632
20210112162921828	  272  259    -71     37    632
20210112162921862	  272  259    -71     37    632
20210112162921895	  271  258    -73     35    632
20210112162921962	  272  259    -71     37    632
20210112162921995	  270  259    -74     37    632
20210112162922029	  270  259    -74     37    632
20210112162922029	  272  259    -71     37    632
20210112162922129	  272  258    -71     35    632
20210112162922195	  270  259    -74     37    632
20210112162922262	  270  259    -74     37    632
20210112162922295	  271  259    -73     37    632
20210112162922329	  271  260    -73     38    632
20210112162922329	  270  259    -74     37    632
20210112162922395	  271  260    -73     38    632
20210112162922495	  270  259    -74     37    632
20210112162922595	  270  259    -74     37    632
20210112162922629	  271  259    -73     37    632
20210112162922662	  271  258    -73     35    632
20210112162922729	  271  259    -73     37    632
20210112162922762	  270  259    -74     37    632
20210112162922829	  272  258    -71     35    632
20210112162922862	  270  259    -74     37    632
20210112162922895	  271  259    -73     37    632
20210112162922995	  272  258    -71     35    632
20210112162923062	  271  258    -73     35    632
20210112162923162	  271  260    -73     38    632
20210112162923195	  271  258    -73     35    632
20210112162923229	  272  259    -71     37    632
20210112162923262	  272  259    -71     37    632
20210112162923296	  272  258    -71     35    632
20210112162923296	  272  258    -71     35    632
20210112162923429	  272  259    -71     37    632
20210112162923462	  272  258    -71     35    632
20210112162923496	  271  258    -73     35    632
20210112162923562	  272  259    -71     37    631
20210112162923629	  271  258    -73     35    632
20210112162923662	  271  259    -73     37    632
20210112162923696	  270  259    -74     37    632
20210112162923729	  270  259    -74     37    632
20210112162923762	  270  259    -74     37    632
20210112162923796	  272  258    -71     35    632
20210112162923796	  271  259    -73     37    632
20210112162923896	  271  258    -73     35    632
20210112162923929	  270  259    -74     37    632
20210112162923962	  272  258    -71     35    632
20210112162923996	  272  258    -71     35    632
20210112162924029	  271  258    -73     35    632
20210112162924029	  272  259    -71     37    632
20210112162924096	  270  259    -74     37    632
20210112162924129	  270  259    -74     37    632
20210112162924229	  271  259    -73     37    632
20210112162924262	  271  258    -73     35    632
20210112162924329	  271  258    -73     35    633
20210112162924362	  270  259    -74     37    632
20210112162924396	  271  258    -73     35    632
20210112162924429	  272  259    -71     37    632
20210112162924462	  270  259    -74     37    632
20210112162924563	  271  260    -73     38    632
20210112162924596	  271  259    -72     36    630
20210112162924629	  270  259    -74     36    629
20210112162924663	  274  257    -67     33    626
20210112162924696	  274  259    -67     36    624
20210112162924729	  274  258    -67     34    623
20210112162924729	  276  257    -63     33    623
20210112162924829	  274  257    -66     33    621
20210112162924829	  275  258    -65     34    621
20210112162924896	  276  257    -63     33    621
20210112162924896	  277  256    -61     31    620
20210112162924963	  276  255    -63     29    619
20210112162924963	  274  255    -66     29    619
20210112162925063	  276  255    -62     29    612
20210112162925129	  278  255    -59     29    612
20210112162925163	  278  254    -59     27    612
20210112162925263	  278  254    -59     27    609
20210112162925396	  278  251    -58     22    603
20210112162925496	  280  251    -55     22    601
20210112162925529	  281  249    -53     19    601
20210112162925563	  281  249    -53     19    599
20210112162925629	  281  248    -53     17    599
20210112162925663	  282  249    -51     19    597
20210112162925729	  283  247    -49     16    594
20210112162925763	  281  245    -53     12    594
20210112162925796	  282  245    -51     12    593
20210112162925829	  282  246    -51     14    592
20210112162925863	  285  246    -46     14    591
20210112162925896	  284  245    -47     12    590
20210112162925896	  284  244    -47     11    590
20210112162925996	  286  242    -44      8    586
20210112162926063	  287  242    -43      8    585
20210112162926130	  285  241    -45      6    583
20210112162926163	  286  240    -44      4    582
20210112162926230	  287  240    -42      4    580
20210112162926330	  289  237    -39      0    578
20210112162926396	  289  234    -39     -4    577
20210112162926430	  289  237    -39      0    576
20210112162926496	  289  235    -39     -2    576
20210112162926563	  287  234    -42     -4    576
20210112162926663	  289  234    -39     -4    575
20210112162926763	  290  232    -37     -7    573
20210112162926830	  289  232    -39     -7    572
20210112162926896	  291  233    -36     -5    573
20210112162926963	  288  231    -40     -8    574
20210112162927030	  289  231    -39     -8    573
20210112162927063	  291  232    -36     -7    573
20210112162927130	  291  230    -36    -10    572
20210112162927163	  289  229    -39    -11    572
20210112162927230	  291  230    -35    -10    571
20210112162927263	  291  230    -35    -10    570
20210112162927330	  289  229    -38    -11    570
20210112162927397	  291  229    -35    -11    571
20210112162927463	  290  230    -37    -10    570
20210112162927530	  290  230    -37    -10    571
20210112162927563	  290  229    -37    -11    571
20210112162927563	  291  229    -35    -11    571
20210112162927630	  290  229    -37    -11    571
20210112162927663	  291  228    -35    -13    572
20210112162927697	  291  228    -35    -13    571
20210112162927730	  292  227    -34    -14    572
20210112162927797	  292  229    -34    -11    571
20210112162927863	  289  229    -38    -11    571
20210112162927897	  290  229    -37    -11    572
20210112162927997	  292  229    -34    -11    571
20210112162928030	  289  228    -38    -13    572
20210112162928097	  290  227    -37    -14    572
20210112162928130	  290  228    -37    -13    570
20210112162928163	  292  228    -34    -13    570
20210112162928230	  292  229    -34    -11    570
20210112162928263	  292  228    -34    -13    571
20210112162928263	  291  229    -35    -11    570
20210112162928330	  290  229    -37    -11    570
20210112162928363	  290  229    -37    -11    571
20210112162928397	  290  229    -37    -11    571
20210112162928463	  293  227    -33    -14    573
20210112162928497	  293  226    -33    -16    572
20210112162928563	  290  227    -37    -14    570
20210112162928597	  291  229    -35    -11    570
20210112162928664	  291  228    -35    -13    572
20210112162928697	  292  226    -34    -16    573
20210112162928730	  291  229    -35    -11    570
20210112162928764	  289  227    -39    -14    572
20210112162928797	  290  229    -37    -11    569
20210112162928864	  292  226    -34    -16    571
20210112162928897	  292  229    -34    -11    569
20210112162928997	  292  228    -34    -13    570
20210112162929030	  292  227    -34    -14    571
20210112162929064	  290  227    -37    -14    572
20210112162929097	  290  227    -37    -14    571
20210112162929130	  292  226    -34    -16    571
20210112162929130	  292  226    -34    -16    570
20210112162929230	  292  228    -34    -13    570
20210112162929297	  291  227    -35    -14    570
20210112162929330	  292  225    -34    -17    572
20210112162929364	  290  227    -37    -14    571
20210112162929397	  291  226    -36    -16    572
20210112162929530	  293  225    -32    -17    571
20210112162929530	  292  227    -34    -14    570
20210112162929597	  291  226    -35    -16    571
20210112162929664	  291  228    -35    -13    570
20210112162929697	  290  226    -37    -16    571
20210112162929730	  292  225    -34    -17    571
20210112162929764	  292  227    -34    -14    570
20210112162929797	  292  226    -34    -16    572
20210112162929831	  292  227    -34    -14    572
20210112162929897	  292  226    -34    -16    570
20210112162929931	  291  226    -35    -16    570
20210112162929931	  291  227    -35    -14    569
20210112162930031	  292  227    -34    -14    570
20210112162930064	  291  226    -35    -16    572
20210112162930097	  292  228    -34    -13    570
20210112162930131	  292  226    -34    -16    570
20210112162930164	  292  225    -34    -17    571
20210112162930231	  292  226    -34    -16    571
20210112162930264	  293  227    -32    -14    569
20210112162930331	  292  224    -34    -19    570
20210112162930364	  292  225    -34    -17    570
20210112162930397	  292  227    -34    -14    569
20210112162930464	  292  226    -34    -16    569
20210112162930531	  291  225    -35    -17    569
20210112162930597	  293  226    -32    -16    569
20210112162930631	  291  226    -35    -16    570
20210112162930664	  291  225    -35    -17    570
20210112162930697	  292  225    -34    -17    569
20210112162930797	  292  225    -34    -17    571
20210112162930897	  292  226    -34    -16    568
20210112162931064	  293  224    -32    -19    569
20210112162931264	  290  225    -37    -17    571
20210112162931464	  292  225    -34    -17    569
20210112162931598	  292  225    -34    -17    568
20210112162931831	  292  226    -34    -16    568
20210112162932031	  292  224    -34    -19    570
20210112162932131	  292  226    -34    -16    570
20210112162932365	  293  226    -32    -16    570
20210112162932565	  292  226    -34    -16    569
20210112162932765	  293  225    -32    -17    569
20210112162932998	  292  225    -34    -17    570
20210112162933198	  291  225    -35    -17    569
20210112162933431	  292  224    -34    -19    569
20210112162933665	  292  225    -34    -17    570
20210112162933898	  291  224    -36    -19    570
20210112162934065	  293  224    -32    -19    570
20210112162934332	  291  224    -35    -19    569
20210112162934532	  292  225    -34    -17    567
20210112162934732	  291  225    -35    -17    569
20210112162934965	  291  225    -35    -17    570
20210112162935199	  293  226    -32    -16    569
20210112162935432	  292  224    -34    -19    568
20210112162935665	  292  225    -34    -17    568
20210112162935932	  292  224    -34    -19    569
20210112162936132	  292  224    -34    -19    569
20210112162936232	  292  223    -34    -20    568
20210112162936466	  293  224    -32    -19    568
20210112162936699	  293  222    -32    -22    569
20210112162936899	  292  223    -34    -20    567
20210112162937132	  286  240    -44      4    590
20210112162937366	  282  252    -51     23    595
20210112162937532	  280  257    -55     32    605
20210112162937633	  280  258    -55     33    605
20210112162937666	  280  258    -55     33    606
20210112162937766	  280  257    -56     32    611
20210112162937933	  279  256    -58     31    619
20210112162937999	  279  259    -58     36    621
20210112162938066	  278  259    -60     36    623
20210112162938133	  277  259    -62     36    626
20210112162938366	  277  260    -62     38    627
20210112162938566	  277  258    -62     35    630
20210112162938799	  278  258    -61     35    629
20210112162939033	  279  256    -58     31    619
20210112162939066	  280  257    -56     33    618
20210112162939166	  279  256    -58     31    616
20210112162939200	  280  256    -56     31    614
20210112162939300	  279  255    -57     29    610
20210112162939366	  281  254    -54     27    608
20210112162939433	  281  252    -54     24    606
20210112162939566	  283  251    -50     22    603
20210112162939666	  282  249    -51     19    599
20210112162939700	  285  249    -47     19    598
20210112162939733	  285  249    -47     19    597
20210112162939766	  286  248    -45     17    596
20210112162939833	  285  245    -46     12    594
20210112162939900	  286  244    -45     11    594
20210112162940166	  288  239    -41      3    587
20210112162940367	  289  236    -39     -1    580
20210112162940633	  290  232    -37     -7    575
20210112162940900	  291  229    -36    -11    572
20210112162941133	  291  229    -36    -11    573
20210112162941333	  291  228    -36    -13    573
20210112162941567	  291  227    -36    -14    573
20210112162941734	  290  226    -37    -16    571
20210112162941767	  291  226    -35    -16    571
20210112162941834	  293  228    -32    -13    571
20210112162942100	  290  226    -37    -16    571
20210112162942334	  293  227    -32    -14    569
20210112162942567	  293  226    -32    -16    570
20210112162942600	  293  226    -32    -16    569
20210112162942634	  293  226    -32    -16    570
20210112162942700	  292  226    -34    -16    571
20210112162942934	  293  225    -32    -17    571
20210112162943167	  293  224    -32    -19    570
20210112162943301	  292  226    -34    -16    570
20210112162943501	  292  223    -34    -20    568
20210112162943634	  292  225    -34    -17    569
20210112162943667	  292  225    -34    -17    569
20210112162943767	  293  224    -32    -19    570
20210112162944001	  293  224    -32    -19    570
20210112162944234	  293  225    -32    -17    570
20210112162944401	  292  224    -34    -19    569
20210112162944634	  293  225    -32    -17    568
20210112162944868	  291  226    -35    -16    571
20210112162945101	  293  224    -32    -19    569
20210112162945334	  294  223    -31    -20    567
20210112162945601	  294  225    -31    -17    567
20210112162945701	  291  223    -35    -20    569
20210112162945935	  293  222    -32    -22    570
20210112162946168	  294  225    -31    -17    569
20210112162946435	  293  224    -32    -19    567
20210112162946501	  294  224    -31    -19    569
20210112162946535	  295  225    -29    -17    569
20210112162946668	  291  222    -35    -22    569
20210112162946668	  293  224    -32    -19    567
20210112162946868	  293  223    -32    -20    568
20210112162946902	  294  224    -31    -19    568
20210112162946935	  294  223    -31    -20    569
20210112162947102	  293  223    -32    -20    568
20210112162947335	  292  223    -34    -20    570
20210112162947568	  293  223    -32    -20    569
20210112162947802	  294  224    -31    -19    566
20210112162948068	  294  224    -31    -19    567
20210112162948302	  293  221    -32    -23    569
20210112162948535	  292  223    -34    -20    568
20210112162948735	  294  224    -31    -19    567
20210112162948769	  294  225    -31    -17    568
20210112162948869	  292  224    -34    -19    568
20210112162948902	  293  223    -32    -20    568
20210112162948902	  292  224    -34    -19    567
20210112162948969	  293  222    -32    -22    568
20210112162949235	  293  222    -32    -22    569
20210112162949469	  292  224    -34    -19    570
20210112162949702	  295  224    -29    -19    568
20210112162949936	  294  223    -31    -20    568
20210112162950169	  293  222    -32    -22    567
20210112162950436	  293  222    -32    -22    568
20210112162950669	  291  221    -35    -23    569
20210112162950903	  294  222    -31    -22    569
20210112162951103	  294  223    -31    -20    567
20210112162951369	  286  243    -44      9    586
20210112162951469	  287  244    -43     11    587
20210112162951703	  281  255    -53     29    604
20210112162951970	  281  255    -54     29    608
20210112162952203	  279  257    -58     33    620
20210112162952403	  277  259    -62     36    626
20210112162952770	  277  260    -62     38    627
20210112162953203	  280  258    -56     34    619
20210112162953437	  280  255    -56     29    613
20210112162953670	  282  252    -52     24    606
20210112162953803	  286  250    -45     21    603
20210112162954037	  285  246    -46     14    595
20210112162954270	  285  242    -46      8    588
20210112162954537	  288  237    -41      0    581
20210112162954770	  292  232    -34     -7    577
20210112162954937	  290  231    -37     -8    573
20210112162955004	  291  231    -36     -8    574
20210112162955104	  291  229    -36    -11    575
20210112162955237	  291  227    -36    -14    574
20210112162955504	  293  227    -33    -14    575
20210112162955737	  292  226    -34    -16    571
20210112162955970	  292  227    -34    -14    570
20210112162956204	  294  226    -31    -16    569
20210112162956371	  293  224    -32    -19    570
20210112162956604	  291  225    -35    -17    569
20210112162956837	  293  226    -32    -16    570
20210112162957037	  293  224    -32    -19    569
20210112162957271	  293  224    -32    -19    570
20210112162957538	  291  223    -35    -20    569
20210112162957738	  292  223    -34    -20    569
20210112162958004	  291  224    -35    -19    571
20210112162958271	  293  224    -32    -19    571
20210112162958504	  294  223    -31    -20    569
20210112162958638	  292  225    -34    -17    569
20210112162958738	  293  223    -32    -20    568
20210112162958871	  293  223    -32    -20    568
20210112162958971	  294  223    -31    -20    569
20210112162959105	  293  224    -32    -19    568
20210112162959271	  291  224    -35    -19    568
20210112162959405	  293  224    -32    -19    569
20210112162959538	  294  224    -31    -19    567
20210112162959638	  294  225    -31    -17    568
20210112162959738	  292  225    -34    -17    569
20210112162959838	  292  223    -34    -20    568
20210112163000005	  292  223    -34    -20    569
20210112163000038	  293  226    -32    -16    569
20210112163000105	  294  224    -31    -19    569
20210112163000205	  294  225    -31    -17    567
20210112163000272	  294  224    -31    -19    568
20210112163000372	  293  222    -32    -22    569
20210112163000538	  294  222    -31    -22    568
20210112163000638	  293  224    -32    -19    568
20210112163000672	  294  224    -31    -19    569
20210112163000805	  295  224    -29    -19    567
20210112163000872	  293  223    -32    -20    567
20210112163000972	  295  224    -29    -19    568
20210112163001072	  295  223    -29    -20    568
20210112163001305	  293  222    -35    -24    624
20210112163001538	  293  223    -32    -20    570
20210112163001839	  294  224    -31    -19    568
20210112163002039	  295  222    -29    -22    568
20210112163002305	  295  222    -29    -22    567
20210112163002539	  294  223    -31    -20    568
20210112163002705	  293  222    -32    -22    569
20210112163003039	  295  221    -29    -23    569
20210112163003272	  294  223    -31    -20    568
20210112163003406	  295  222    -29    -22    567
20210112163003672	  294  222    -31    -22    567
20210112163003872	  293  224    -32    -19    568
20210112163004139	  295  223    -29    -20    567
20210112163004373	  294  224    -31    -19    567
20210112163004606	  294  223    -31    -20    567
20210112163004806	  293  221    -32    -23    568
20210112163005073	  294  221    -31    -23    568
20210112163005273	  295  223    -29    -20    567
20210112163005573	  288  235    -41     -2    586
20210112163005806	  284  248    -48     17    590
20210112163006040	  280  257    -55     32    605
20210112163006273	  280  257    -56     32    612
20210112163006473	  278  259    -60     36    619
20210112163006773	  278  258    -61     35    627
20210112163007173	  277  259    -63     36    627
20210112163007407	  279  257    -58     33    620
20210112163007673	  281  254    -54     27    613
20210112163007940	  282  250    -52     21    605
20210112163008174	  285  248    -46     17    597
20210112163008407	  287  244    -43     11    590
20210112163008674	  287  238    -42      1    585
20210112163008874	  291  234    -36     -4    579
20210112163009107	  290  232    -37     -7    575
20210112163009374	  292  230    -34    -10    575
20210112163009607	  292  227    -34    -14    570
20210112163009841	  293  226    -32    -16    572
20210112163010007	  291  225    -35    -17    569
20210112163010241	  293  225    -32    -17    568
20210112163010507	  294  225    -31    -17    568
20210112163010707	  293  225    -33    -17    573
20210112163010974	  294  226    -31    -16    570
20210112163011208	  293  225    -32    -17    569
20210112163011441	  291  225    -35    -17    571
20210112163011608	  291  225    -35    -17    571
20210112163011608	  293  224    -32    -19    571
20210112163011874	  293  224    -32    -19    568
20210112163012108	  294  225    -31    -17    568
20210112163012208	  294  225    -31    -17    569
20210112163012308	  294  224    -31    -19    567
20210112163012341	  293  224    -32    -19    567
20210112163012408	  294  223    -31    -20    569
20210112163012641	  294  223    -31    -20    568
20210112163012941	  293  222    -32    -22    569
20210112163013208	  295  225    -29    -17    571
20210112163013408	  293  223    -32    -20    570
20210112163013642	  293  222    -32    -22    569
20210112163013908	  292  224    -34    -19    570
20210112163014142	  293  222    -32    -22    569
20210112163014375	  293  223    -32    -20    568
20210112163014608	  294  225    -31    -17    570
20210112163014842	  294  224    -31    -19    568
20210112163015075	  294  221    -31    -23    568
20210112163015309	  293  222    -32    -22    568
20210112163015575	  294  223    -31    -20    568
20210112163015809	  295  223    -29    -20    568
20210112163016042	  294  222    -31    -22    568
20210112163016276	  294  222    -31    -22    567
20210112163016542	  294  223    -31    -20    569
20210112163016742	  293  222    -32    -22    567
20210112163017009	  294  223    -31    -20    567
20210112163017242	  294  221    -31    -23    568
20210112163017476	  295  223    -29    -20    568
20210112163017609	  294  222    -31    -22    567
20210112163017843	  294  224    -31    -19    567
20210112163018076	  295  222    -29    -22    568
20210112163018309	  294  223    -31    -20    567
20210112163018476	  295  221    -29    -23    569
20210112163018709	  294  223    -31    -20    568
20210112163018876	  294  221    -31    -23    568
20210112163019076	  294  221    -31    -23    570
20210112163019310	  294  223    -31    -20    570
20210112163019543	  295  224    -29    -19    569
20210112163019776	  287  234    -42     -4    581
20210112163020010	  286  245    -44     12    590
20210112163020277	  281  256    -54     30    606
20210112163020510	  280  257    -56     32    610
20210112163020743	  278  258    -60     34    619
20210112163020977	  278  260    -60     38    625
20210112163021210	  277  259    -62     36    627
20210112163021344	  277  259    -62     36    627
20210112163021377	  277  259    -62     36    628
20210112163021510	  279  258    -59     34    627
20210112163021677	  280  257    -56     32    618
20210112163021810	  279  256    -58     31    615
20210112163021910	  281  255    -54     29    614
20210112163022010	  281  253    -54     26    609
20210112163022110	  282  252    -52     24    607
20210112163022210	  282  251    -52     22    602
20210112163022344	  285  248    -47     17    600
20210112163022444	  287  246    -43     14    596
20210112163022544	  286  244    -45     11    593
20210112163022644	  287  244    -43     11    592
20210112163022811	  287  241    -43      6    588
20210112163022911	  287  239    -42      3    585
20210112163023011	  290  237    -38      0    583
20210112163023111	  289  235    -39     -2    579
20210112163023244	  290  233    -37     -5    576
20210112163023344	  291  231    -36     -8    575
20210112163023444	  292  228    -34    -13    576
20210112163023544	  291  228    -36    -13    575
20210112163023644	  293  227    -33    -14    575
20210112163023744	  292  226    -34    -16    576
20210112163023877	  294  228    -31    -13    574
20210112163024011	  293  225    -32    -17    570
20210112163024111	  293  227    -32    -14    571
20210112163024244	  293  226    -32    -16    571
20210112163024344	  293  225    -32    -17    569
20210112163024444	  293  224    -32    -19    570
20210112163024544	  295  225    -29    -17    571
20210112163024678	  291  224    -35    -19    569
20210112163024778	  294  223    -31    -20    570
20210112163024878	  294  224    -31    -19    569
20210112163024978	  294  225    -31    -17    569
20210112163025111	  293  224    -32    -19    570
20210112163025244	  294  223    -31    -20    569
20210112163025345	  293  223    -32    -20    568
20210112163025445	  293  223    -32    -20    569
20210112163025545	  292  222    -34    -22    569
20210112163025678	  295  224    -29    -19    567
20210112163025778	  295  224    -29    -19    568
20210112163025878	  295  222    -29    -22    568
20210112163025978	  293  224    -32    -19    568
20210112163026111	  295  223    -29    -20    568
20210112163026211	  294  222    -31    -22    568
20210112163026345	  295  224    -29    -19    568
20210112163026445	  294  223    -31    -20    567
20210112163026612	  294  223    -31    -20    568
20210112163026745	  294  223    -31    -20    567
20210112163026845	  294  222    -31    -22    568
20210112163026978	  294  223    -31    -20    568
20210112163027078	  293  222    -32    -22    567
20210112163027212	  294  222    -31    -22    568
20210112163027312	  294  223    -31    -20    568
20210112163027445	  293  222    -32    -22    569
20210112163027545	  296  222    -28    -22    569
20210112163027678	  294  223    -31    -20    568
20210112163027812	  295  223    -29    -20    567
20210112163027945	  292  223    -34    -20    569
20210112163028045	  295  222    -29    -22    568
20210112163028179	  294  223    -31    -20    568
20210112163028312	  293  223    -32    -20    568
20210112163028412	  294  223    -31    -20    568
20210112163028545	  293  224    -32    -19    569
20210112163028645	  294  224    -31    -19    569
20210112163028779	  294  222    -31    -22    568
20210112163028912	  295  223    -29    -20    568
20210112163029045	  295  223    -29    -20    568
20210112163029146	  293  222    -32    -22    569
20210112163029279	  295  223    -29    -20    568
20210112163029379	  293  223    -32    -20    568
20210112163029512	  295  223    -29    -20    569
20210112163029679	  294  221    -31    -23    568
20210112163029779	  294  223    -31    -20    570
20210112163029912	  292  224    -34    -19    568
20210112163030046	  294  222    -31    -22    570
20210112163030112	  294  221    -31    -23    569
20210112163030179	  293  223    -32    -20    570
20210112163030279	  294  221    -31    -23    568
20210112163030379	  295  223    -29    -20    568
20210112163030479	  293  221    -32    -23    570
20210112163030513	  293  221    -32    -23    569
20210112163030579	  295  222    -29    -22    567
20210112163030679	  293  222    -32    -22    568
20210112163030746	  293  223    -32    -20    569
20210112163030746	  294  223    -31    -20    569
20210112163030946	  292  222    -34    -22    568
20210112163031113	  295  221    -29    -23    567
20210112163031379	  295  222    -29    -22    567
20210112163031646	  295  222    -29    -22    569
20210112163031913	  293  223    -32    -20    568
20210112163032213	  295  222    -29    -22    568
20210112163032480	  296  221    -28    -23    568
20210112163032780	  295  220    -29    -25    568
20210112163032913	  295  223    -29    -20    569
20210112163033113	  296  222    -28    -22    567
20210112163033247	  294  223    -31    -20    568
20210112163033513	  294  221    -31    -23    569
20210112163033780	  294  221    -31    -23    569
20210112163033913	  295  221    -29    -23    566
20210112163034080	  290  235    -38     -2    584
20210112163034213	  289  243    -40      9    586
20210112163034313	  286  248    -44     17    590
20210112163034447	  284  253    -49     25    603
20210112163034547	  279  256    -57     30    605
20210112163034680	  282  256    -52     30    606
20210112163034814	  280  257    -56     32    612
20210112163034880	  277  257    -61     32    615
20210112163035047	  278  257    -60     33    619
20210112163035214	  278  259    -60     36    625
20210112163035314	  278  260    -60     38    625
20210112163035447	  279  259    -59     36    626
20210112163035580	  279  259    -59     36    627
20210112163035680	  278  258    -61     35    628
20210112163035814	  278  260    -60     38    627
20210112163035947	  279  257    -58     32    617
20210112163036047	  279  257    -58     32    617
20210112163036181	  280  254    -56     27    613
20210112163036314	  281  253    -54     26    608
20210112163036481	  285  249    -47     19    605
20210112163036581	  284  247    -48     16    601
20210112163036714	  287  245    -43     12    596
20210112163036814	  285  245    -46     12    594
20210112163036881	  287  244    -43     11    592
20210112163036914	  287  244    -43     11    591
20210112163037047	  289  240    -40      4    589
20210112163037314	  290  235    -38     -2    582
20210112163037447	  291  233    -36     -5    578
20210112163037581	  291  230    -36    -10    576
20210112163037714	  291  230    -36    -10    574
20210112163037848	  292  227    -34    -14    575
20210112163037981	  294  227    -31    -14    576
20210112163038081	  291  227    -36    -14    573
20210112163038214	  293  227    -33    -14    573
20210112163038348	  291  226    -35    -16    572
20210112163038448	  294  226    -31    -16    572
20210112163038581	  294  227    -31    -14    571
20210112163038714	  292  224    -34    -19    570
20210112163038815	  295  225    -32    -19    624
20210112163038981	  293  226    -32    -16    570
20210112163039115	  293  223    -32    -20    569
20210112163039248	  294  225    -31    -17    569
20210112163039348	  293  223    -32    -20    568
20210112163039481	  294  223    -31    -20    570
20210112163039615	  294  222    -31    -22    568
20210112163039715	  294  222    -31    -22    569
20210112163039848	  294  225    -31    -17    569
20210112163039981	  294  224    -31    -19    569
20210112163040081	  293  222    -32    -22    569
20210112163040115	  294  222    -31    -22    569
20210112163040215	  294  223    -31    -20    568
20210112163040415	  294  224    -31    -19    568
20210112163040615	  294  224    -31    -19    571
20210112163040748	  295  223    -29    -20    568
20210112163040848	  293  223    -32    -20    570
20210112163040982	  294  223    -31    -20    569
20210112163041115	  294  223    -31    -20    568
20210112163041215	  292  223    -34    -20    569
20210112163041348	  295  222    -29    -22    568
20210112163041482	  294  223    -31    -20    568
20210112163041615	  294  223    -31    -20    569
20210112163041749	  295  222    -29    -22    568
20210112163041882	  294  223    -31    -20    569
20210112163042015	  294  223    -31    -20    568
20210112163042115	  293  223    -32    -20    569
20210112163042249	  294  222    -31    -22    567
20210112163042382	  294  221    -31    -23    569
20210112163042482	  296  222    -28    -22    568
20210112163042615	  292  222    -34    -22    569
20210112163042782	  293  223    -32    -20    569
20210112163042882	  294  221    -31    -23    568
20210112163043016	  293  222    -32    -22    568
20210112163043149	  296  223    -28    -20    568
20210112163043249	  293  223    -32    -20    569
20210112163043382	  295  221    -29    -23    568
20210112163043516	  295  221    -29    -23    569
20210112163043616	  295  220    -29    -25    567
20210112163043749	  295  220    -29    -25    569
20210112163043882	  295  221    -29    -23    568
20210112163044016	  295  222    -29    -22    568
20210112163044149	  294  222    -31    -22    567
20210112163044283	  296  223    -28    -20    569
20210112163044383	  293  222    -32    -22    568
20210112163044516	  296  221    -28    -23    568
20210112163044649	  295  222    -29    -22    568
20210112163044783	  296  222    -28    -22    568
20210112163044883	  294  221    -31    -23    568
20210112163045016	  295  222    -29    -22    569
20210112163045183	  296  220    -28    -25    569
20210112163045283	  293  222    -32    -22    568
20210112163045416	  294  223    -31    -20    569
20210112163045550	  294  222    -31    -22    567
20210112163045650	  294  223    -31    -20    569
20210112163045783	  294  221    -31    -23    568
20210112163045916	  296  222    -28    -22    567
20210112163046016	  296  221    -28    -23    568
20210112163046150	  295  220    -29    -25    569
20210112163046283	  296  220    -28    -25    568
20210112163046416	  294  223    -31    -20    569
20210112163046550	  294  220    -31    -25    569
20210112163046683	  295  222    -29    -22    567
20210112163046783	  295  222    -29    -22    569
20210112163046917	  295  220    -29    -25    568
20210112163047050	  294  221    -31    -23    569
20210112163047183	  295  220    -29    -25    568
20210112163047283	  293  221    -32    -23    569
20210112163047417	  296  220    -28    -25    568
20210112163047550	  294  221    -31    -23    569
20210112163047683	  294  220    -31    -25    569
20210112163047817	  296  221    -28    -23    567
20210112163047950	  294  221    -31    -23    570
20210112163048050	  295  221    -29    -23    567
20210112163048184	  296  222    -28    -22    564
20210112163048317	  287  234    -42     -4    582
20210112163048417	  287  242    -43      8    586
20210112163048550	  285  248    -46     17    589
20210112163048684	  281  254    -53     27    601
20210112163048784	  281  256    -53     30    604
20210112163048950	  282  254    -52     27    606
20210112163049084	  280  257    -56     32    612
20210112163049184	  280  259    -56     36    617
20210112163049317	  278  257    -60     33    618
20210112163049451	  279  257    -59     33    625
20210112163049584	  279  258    -58     34    624
20210112163049684	  278  259    -60     36    625
20210112163049817	  279  259    -59     36    625
20210112163049951	  278  259    -61     36    627
20210112163050051	  278  259    -60     36    624
20210112163050217	  281  256    -55     31    617
20210112163050351	  280  255    -56     29    613
20210112163050451	  281  255    -54     29    612
20210112163050585	  282  252    -52     24    606
20210112163050720	  284  248    -49     17    604
20210112163050822	  286  247    -45     16    599
20210112163050957	  287  244    -43     11    594
20210112163051092	  286  244    -44     11    591
20210112163051194	  287  242    -43      8    589
20210112163051330	  287  239    -43      3    585
20210112163051499	  289  238    -39      1    582
20210112163051600	  290  236    -37     -1    579
20210112163051733	  290  232    -37     -7    575
20210112163051866	  292  230    -34    -10    574
20210112163051966	  292  230    -34    -10    576
20210112163052099	  293  228    -33    -13    575
20210112163052233	  289  227    -39    -14    574
20210112163052332	  292  228    -34    -13    574
20210112163052466	  291  227    -36    -14    572
20210112163052599	  293  227    -32    -14    572
20210112163052765	  292  225    -34    -17    569
20210112163052865	  292  227    -34    -14    572
20210112163052998	  293  225    -32    -17    570
20210112163053131	  294  224    -31    -19    568
20210112163053231	  295  225    -29    -17    569
20210112163053364	  293  224    -32    -19    568
20210112163053498	  294  223    -31    -20    569
20210112163053597	  295  224    -29    -19    569
20210112163053731	  293  222    -32    -22    569
20210112163053897	  294  222    -31    -22    568
20210112163053997	  295  224    -29    -19    567
20210112163054130	  294  221    -31    -23    569
20210112163054263	  295  223    -29    -20    569
20210112163054396	  293  222    -32    -22    569
20210112163054496	  293  224    -32    -19    569
20210112163054629	  295  224    -29    -19    569
20210112163054729	  294  223    -31    -20    568
20210112163054862	  295  223    -29    -20    570
20210112163054996	  294  223    -31    -20    569
20210112163055162	  294  223    -31    -20    570
20210112163055262	  295  223    -29    -20    569
20210112163055395	  293  224    -32    -19    570
20210112163055495	  294  221    -31    -23    569
20210112163055628	  294  222    -31    -22    568
20210112163055761	  294  221    -31    -23    568
20210112163055895	  294  223    -31    -20    569
20210112163055994	  295  222    -29    -22    569
20210112163056128	  294  221    -31    -23    568
20210112163056261	  293  223    -32    -20    568
20210112163056394	  295  222    -29    -22    568
20210112163056527	  294  221    -31    -23    568
20210112163056660	  294  221    -31    -23    567
20210112163056760	  295  222    -29    -22    568
20210112163056893	  294  222    -31    -22    567
20210112163057026	  294  221    -31    -23    568
20210112163057126	  294  223    -31    -20    569
20210112163057259	  295  222    -29    -22    567
20210112163057392	  295  221    -29    -23    569
20210112163057526	  294  221    -31    -23    567
20210112163057659	  296  223    -28    -20    568
20210112163057792	  296  222    -28    -22    567
20210112163057925	  295  222    -29    -22    569
20210112163058025	  295  223    -29    -20    568
20210112163058158	  295  221    -29    -23    568
20210112163058291	  294  221    -31    -23    569
20210112163058391	  295  222    -29    -22    568
20210112163058491	  294  221    -31    -23    567
20210112163058624	  296  221    -28    -23    568
20210112163058791	  293  221    -32    -23    568
20210112163058924	  294  222    -31    -22    568
20210112163059057	  293  222    -32    -22    567
20210112163059190	  295  220    -29    -25    569
20210112163059323	  295  221    -29    -23    568
20210112163059423	  294  222    -31    -22    568
20210112163059556	  294  222    -31    -22    568
20210112163059690	  294  221    -31    -23    568
20210112163059789	  295  222    -29    -22    567
20210112163059923	  295  222    -29    -22    568
20210112163100056	  294  220    -31    -25    569
20210112163100222	  295  221    -29    -23    568
20210112163100322	  295  221    -29    -23    567
20210112163100455	  295  222    -29    -22    568
20210112163100588	  295  221    -29    -23    568
20210112163100722	  295  221    -29    -23    568
20210112163100821	  295  219    -29    -26    569
20210112163100955	  295  221    -29    -23    568
20210112163101088	  295  221    -29    -23    568
20210112163101221	  296  222    -28    -22    567
20210112163101321	  295  221    -29    -23    568
20210112163101487	  294  223    -31    -20    569
20210112163101620	  294  220    -31    -25    568
20210112163101720	  296  221    -28    -23    567
20210112163101853	  296  221    -28    -23    568
20210112163101987	  294  221    -31    -23    567
20210112163102120	  296  219    -28    -26    568
20210112163102253	  297  223    -26    -20    568
20210112163102353	  293  221    -32    -23    568
20210112163102486	  291  233    -36     -5    577
20210112163102652	  287  240    -43      4    589
20210112163102752	  288  245    -41     12    590
20210112163102885	  282  252    -52     24    601
20210112163103019	  282  255    -52     29    604
20210112163103119	  282  255    -52     29    604
20210112163103252	  281  256    -54     31    611
20210112163103385	  280  257    -56     32    616
20210112163103518	  278  257    -60     33    620
20210112163103651	  278  259    -60     36    626
20210112163103751	  278  259    -60     36    626
20210112163103917	  279  257    -59     33    624
20210112163104051	  278  259    -61     36    627
20210112163104150	  279  258    -59     35    627
20210112163104284	  280  258    -57     34    623
20210112163104417	  280  256    -56     31    618
20210112163104550	  280  256    -56     31    615
20210112163104683	  282  253    -52     26    610
20210112163104783	  284  252    -49     24    607
20210112163104916	  283  250    -50     21    604
20210112163105049	  285  248    -47     17    598
20210112163105216	  287  244    -43     11    594
20210112163105349	  287  244    -43     11    590
20210112163105482	  288  240    -41      4    588
20210112163105615	  289  237    -39      0    584
20210112163105748	  290  235    -38     -2    581
20210112163105882	  289  231    -39     -8    577
20210112163106015	  291  230    -36    -10    575
20210112163106148	  294  230    -31    -10    575
20210112163106281	  293  227    -33    -14    576
20210112163106447	  292  226    -34    -16    575
20210112163106581	  293  226    -33    -16    573
20210112163106680	  294  224    -34    -21    625
20210112163106781	  293  224    -32    -19    571
20210112163106983	  294  225    -31    -17    569
20210112163107117	  295  224    -29    -19    570
20210112163107218	  294  224    -31    -19    570
20210112163107386	  294  224    -31    -19    572
20210112163107520	  295  224    -29    -19    571
20210112163107689	  294  225    -31    -17    570
20210112163107822	  293  223    -32    -20    570
20210112163107955	  295  224    -29    -19    569
20210112163108089	  294  222    -31    -22    570
20210112163108222	  294  222    -31    -22    568
20210112163108389	  293  223    -32    -20    568
20210112163108522	  295  222    -29    -22    567
20210112163108655	  294  222    -31    -22    568
20210112163108789	  295  223    -29    -20    569
20210112163108956	  294  223    -31    -20    569
20210112163109089	  295  221    -29    -23    568
20210112163109222	  295  221    -29    -23    569
20210112163109389	  294  223    -31    -20    568
20210112163109522	  294  222    -31    -22    568
20210112163109656	  294  222    -31    -22    569
20210112163109789	  295  222    -29    -22    569
20210112163109922	  293  223    -32    -20    571
20210112163110089	  295  223    -29    -20    569
20210112163110223	  294  220    -31    -25    570
20210112163110389	  295  222    -29    -22    568
20210112163110523	  295  224    -29    -19    569
20210112163110656	  294  220    -31    -25    568
20210112163110789	  295  222    -29    -22    567
20210112163110923	  296  223    -28    -20    567
20210112163111056	  295  223    -29    -20    569
20210112163111189	  294  221    -31    -23    567
20210112163111389	  291  222    -35    -22    569
20210112163111523	  295  223    -29    -20    568
20210112163111656	  295  222    -29    -22    568
20210112163111790	  296  221    -28    -23    569
20210112163111923	  293  223    -32    -20    568
20210112163112056	  295  221    -29    -23    568
20210112163112190	  295  223    -29    -20    569
20210112163112356	  297  223    -26    -20    568
20210112163112490	  296  223    -28    -20    568
20210112163112656	  295  223    -29    -20    567
20210112163112790	  296  223    -28    -20    569
20210112163112923	  294  220    -31    -25    570
20210112163113090	  295  222    -29    -22    567
20210112163113190	  295  220    -29    -25    567
20210112163113323	  294  222    -31    -22    569
20210112163113490	  295  219    -29    -26    567
20210112163113623	  293  222    -32    -22    568
20210112163113757	  295  221    -29    -23    568
20210112163113923	  294  221    -31    -23    569
20210112163114057	  294  220    -31    -25    569
20210112163114223	  296  222    -28    -22    568
20210112163114357	  294  222    -31    -22    568
20210112163114490	  296  222    -28    -22    568
20210112163114624	  296  221    -28    -23    567
20210112163114757	  295  220    -29    -25    570
20210112163114890	  295  221    -29    -23    568
20210112163115024	  295  221    -29    -23    567
20210112163115190	  295  221    -29    -23    567
20210112163115324	  294  220    -31    -25    569
20210112163115490	  294  220    -31    -25    568
20210112163115624	  292  220    -34    -25    569
20210112163115757	  296  220    -28    -25    568
20210112163115891	  293  222    -32    -22    567
20210112163116024	  295  219    -29    -26    568
20210112163116157	  295  221    -29    -23    568
20210112163116357	  295  219    -29    -26    568
20210112163116491	  294  219    -31    -26    568
20210112163116624	  296  220    -28    -25    566
20210112163116757	  292  231    -35     -8    581
20210112163116891	  287  242    -43      8    586
20210112163117024	  286  248    -44     17    590
20210112163117158	  282  254    -52     27    602
20210112163117324	  281  255    -53     29    605
20210112163117458	  281  256    -54     30    608
20210112163117624	  281  256    -55     31    617
20210112163117758	  281  256    -55     31    620
20210112163117891	  279  259    -59     36    625
20210112163117991	  278  259    -60     36    626
20210112163118124	  279  258    -59     35    625
20210112163118325	  278  259    -60     36    627
20210112163118458	  279  260    -59     38    626
20210112163118591	  279  257    -58     33    619
20210112163118725	  281  256    -55     31    616
20210112163118891	  280  254    -56     27    612
20210112163119058	  282  251    -52     22    606
20210112163119191	  284  250    -49     21    603
20210112163119325	  284  248    -48     17    599
20210112163119458	  286  245    -45     12    594
20210112163119592	  287  243    -43      9    591
20210112163119725	  288  239    -41      3    587
20210112163119858	  290  237    -38      0    584
20210112163120058	  290  233    -37     -5    579
20210112163120192	  292  231    -34     -8    576
20210112163120325	  292  228    -34    -13    575
20210112163120458	  293  227    -33    -14    576
20210112163120592	  293  227    -33    -14    573
20210112163120725	  294  227    -31    -14    576
20210112163120892	  294  225    -31    -17    572
20210112163121025	  294  225    -31    -17    571
20210112163121159	  293  224    -32    -19    571
20210112163121325	  293  225    -32    -17    570
20210112163121459	  294  222    -31    -22    569
20210112163121592	  293  224    -32    -19    568
20210112163121725	  295  224    -29    -19    569
20210112163121859	  294  222    -31    -22    569
20210112163122025	  296  224    -28    -19    569
20210112163122159	  294  223    -31    -20    569
20210112163122292	  293  223    -32    -20    570
20210112163122426	  295  222    -32    -24    627
20210112163122592	  295  223    -29    -20    569
20210112163122726	  294  222    -31    -22    568
20210112163122859	  295  224    -29    -19    569
20210112163123026	  295  224    -29    -19    569
20210112163123159	  295  222    -29    -22    568
20210112163123292	  295  223    -29    -20    569
20210112163123426	  294  223    -31    -20    568
20210112163123559	  294  220    -31    -25    568
20210112163123693	  294  221    -31    -23    568
20210112163123893	  292  222    -34    -22    569
20210112163124026	  296  222    -28    -22    568
20210112163124159	  295  223    -29    -20    569
20210112163124293	  294  221    -31    -23    570
20210112163124426	  292  224    -34    -19    569
20210112163124559	  293  224    -32    -19    570
20210112163124693	  295  225    -29    -17    570
20210112163124859	  294  223    -31    -20    569
20210112163125026	  294  221    -31    -23    570
20210112163125160	  292  222    -34    -22    570
20210112163125293	  292  223    -34    -20    570
20210112163125426	  294  221    -31    -23    568
20210112163125560	  294  221    -31    -23    570
20210112163125726	  296  223    -28    -20    570
20210112163125860	  292  222    -34    -22    569
20210112163125993	  294  222    -31    -22    568
20210112163126126	  294  221    -31    -23    569
20210112163126293	  296  221    -28    -23    568
20210112163126427	  296  221    -28    -23    568
20210112163126560	  296  223    -28    -20    569
20210112163126727	  295  222    -29    -22    568
20210112163126860	  294  222    -31    -22    569
20210112163126993	  294  220    -31    -25    569
20210112163127127	  295  222    -29    -22    569
20210112163127260	  296  222    -28    -22    568
20210112163127393	  295  221    -29    -23    568
20210112163127560	  294  220    -31    -25    569
20210112163127727	  293  221    -32    -23    568
20210112163127860	  295  222    -29    -22    570
20210112163127994	  295  221    -29    -23    568
20210112163128127	  294  222    -31    -22    568
20210112163128260	  294  222    -31    -22    568
20210112163128394	  294  220    -31    -25    569
20210112163128494	  296  222    -28    -22    569
20210112163128594	  294  220    -31    -25    569
20210112163128860	  293  221    -32    -23    569
20210112163128994	  295  221    -29    -23    568
20210112163129127	  296  221    -28    -23    566
20210112163129261	  296  220    -28    -25    569
20210112163129394	  296  219    -28    -26    568
20210112163129561	  296  220    -28    -25    569
20210112163129694	  294  220    -31    -25    567
20210112163129827	  296  221    -28    -23    568
20210112163129961	  296  220    -28    -25    567
20210112163130127	  296  220    -28    -25    568
20210112163130261	  295  220    -29    -25    568
20210112163130394	  295  222    -29    -22    567
20210112163130561	  297  221    -26    -23    568
20210112163130694	  296  221    -28    -23    568
20210112163130828	  296  220    -28    -25    567
20210112163130961	  292  230    -34    -10    575
20210112163131094	  289  241    -40      6    589
20210112163131261	  287  248    -43     17    592
20210112163131428	  282  256    -52     30    606
20210112163131561	  283  254    -50     27    605
20210112163131695	  281  256    -54     30    609
20210112163131828	  282  256    -53     31    615
20210112163131961	  279  257    -58     33    619
20210112163132095	  278  258    -60     34    623
20210112163132228	  279  259    -59     36    625
20210112163132395	  280  260    -57     38    624
20210112163132561	  278  259    -60     36    626
20210112163132695	  278  259    -61     36    627
20210112163132828	  280  258    -56     34    620
20210112163132962	  280  256    -56     31    616
20210112163133095	  282  254    -53     27    613
20210112163133228	  282  254    -52     27    608
20210112163133395	  285  250    -47     21    606
20210112163133528	  284  247    -48     16    599
20210112163133662	  285  246    -46     14    596
20210112163133828	  287  243    -43      9    590
20210112163133962	  289  238    -40      1    589
20210112163134095	  289  237    -39      0    585
20210112163134262	  291  233    -36     -5    582
20210112163134395	  292  231    -34     -8    577
20210112163134529	  291  229    -36    -11    574
20210112163134662	  293  228    -33    -13    577
20210112163134795	  292  227    -34    -14    573
20210112163134929	  292  226    -34    -16    573
20210112163135095	  293  227    -32    -14    571
20210112163135262	  293  224    -32    -19    570
20210112163135395	  294  225    -31    -17    571
20210112163135529	  292  224    -34    -19    568
20210112163135662	  295  222    -29    -22    570
20210112163135796	  294  222    -31    -22    569
20210112163135929	  293  222    -32    -22    569
20210112163135996	  295  225    -29    -17    569
20210112163136162	  295  224    -29    -19    568
20210112163136429	  294  222    -31    -22    569
20210112163136562	  295  221    -29    -23    569
20210112163136696	  294  221    -31    -23    569
20210112163136829	  295  223    -29    -20    568
20210112163136963	  296  222    -28    -22    571
20210112163137096	  294  221    -31    -23    568
20210112163137263	  296  222    -28    -22    569
20210112163137363	  295  222    -29    -22    570
20210112163137563	  296  222    -28    -22    569
20210112163137696	  294  223    -31    -20    568
20210112163137829	  294  222    -31    -22    567
20210112163137963	  297  223    -26    -20    569
20210112163138096	  294  222    -31    -22    568
20210112163138230	  295  222    -29    -22    569
20210112163138396	  295  222    -29    -22    568
20210112163138530	  295  223    -29    -20    569
20210112163138663	  294  223    -31    -20    568
20210112163138830	  295  220    -29    -25    568
20210112163138963	  294  222    -31    -22    567
20210112163139097	  295  223    -29    -20    569
20210112163139263	  296  221    -28    -23    567
20210112163139397	  295  221    -29    -23    569
20210112163139530	  295  220    -29    -25    568
20210112163139663	  294  222    -31    -22    567
20210112163139797	  295  220    -29    -25    569
20210112163139930	  296  222    -28    -22    568
20210112163140130	  294  222    -31    -22    568
20210112163140263	  294  222    -31    -22    567
20210112163140397	  295  220    -29    -25    568
20210112163140530	  296  221    -28    -23    568
20210112163140663	  297  221    -26    -23    568
20210112163140797	  295  220    -29    -25    568
20210112163140964	  295  220    -29    -25    568
20210112163141097	  295  219    -29    -26    570
20210112163141264	  295  221    -29    -23    567
20210112163141397	  295  220    -29    -25    568
20210112163141564	  296  221    -28    -23    569
20210112163141697	  295  219    -29    -26    569
20210112163141830	  295  221    -29    -23    568
20210112163141964	  296  220    -31    -27    626
20210112163142097	  296  219    -28    -26    568
20210112163142231	  296  220    -28    -25    569
20210112163142364	  295  220    -29    -25    567
20210112163142531	  294  222    -31    -22    568
20210112163142697	  296  221    -28    -23    567
20210112163142831	  295  221    -29    -23    568
20210112163142964	  295  220    -29    -25    568
20210112163143097	  294  222    -31    -22    569
20210112163143264	  296  221    -28    -23    567
20210112163143397	  293  219    -32    -26    570
20210112163143531	  296  221    -28    -23    569
20210112163143664	  296  222    -28    -22    569
20210112163143864	  295  220    -29    -25    569
20210112163143998	  295  221    -29    -23    569
20210112163144131	  295  221    -29    -23    568
20210112163144264	  294  221    -31    -23    568
20210112163144431	  296  220    -28    -25    566
20210112163144564	  297  221    -26    -23    569
20210112163144698	  295  220    -29    -25    567
20210112163144864	  295  219    -29    -26    569
20210112163145031	  296  219    -28    -26    567
20210112163145165	  295  226    -30    -16    574
20210112163145298	  289  241    -40      6    587
20210112163145465	  288  248    -41     17    589
20210112163145598	  282  253    -52     25    602
20210112163145731	  282  256    -52     30    604
20210112163145898	  283  255    -51     29    608
20210112163146031	  280  257    -56     32    613
20210112163146198	  279  258    -58     34    618
20210112163146365	  278  258    -60     34    624
20210112163146498	  277  258    -62     35    625
20210112163146632	  278  258    -60     35    625
20210112163146798	  279  258    -59     35    626
20210112163146932	  280  259    -57     36    625
20210112163147098	  282  256    -53     31    620
20210112163147232	  280  256    -56     31    616
20210112163147398	  282  253    -52     26    609
20210112163147565	  282  251    -52     22    605
20210112163147732	  285  249    -47     19    599
20210112163147899	  287  245    -43     12    594
20210112163148032	  287  240    -43      5    593
20210112163148165	  288  238    -41      1    589
20210112163148332	  290  236    -38     -1    583
20210112163148465	  291  234    -36     -4    582
20210112163148632	  292  231    -34     -8    577
20210112163148832	  290  228    -37    -13    576
20210112163148966	  293  227    -33    -14    576
20210112163149132	  294  226    -31    -16    572
20210112163149266	  293  226    -33    -16    574
20210112163149399	  294  226    -31    -16    570
20210112163149532	  293  225    -33    -17    572
20210112163149699	  294  227    -31    -14    574
20210112163149832	  294  224    -31    -19    572
20210112163149999	  293  224    -32    -19    571
20210112163150166	  292  225    -34    -17    570
20210112163150333	  294  224    -31    -19    570
20210112163150466	  293  222    -32    -22    570
20210112163150599	  295  223    -29    -20    569
20210112163150733	  295  224    -29    -19    570
20210112163150899	  294  223    -31    -20    568
20210112163151066	  293  224    -32    -19    570
20210112163151266	  293  223    -32    -20    569
20210112163151399	  295  224    -29    -19    569
20210112163151566	  294  223    -31    -20    568
20210112163151700	  294  221    -31    -23    569
20210112163151866	  294  221    -31    -23    568
20210112163152000	  294  224    -31    -19    569
20210112163152166	  296  223    -28    -20    568
20210112163152300	  295  222    -29    -22    569
20210112163152500	  295  222    -29    -22    568
20210112163152600	  296  222    -28    -22    567
20210112163152800	  297  222    -26    -22    567
20210112163152933	  295  221    -29    -23    568
20210112163153100	  295  222    -29    -22    568
20210112163153233	  296  222    -28    -22    568
20210112163153400	  293  223    -32    -20    568
20210112163153533	  295  220    -29    -25    569
20210112163153667	  296  221    -28    -23    568
20210112163153900	  295  220    -29    -25    569
20210112163154033	  296  222    -28    -22    569
20210112163154200	  295  222    -29    -22    569
20210112163154367	  295  219    -29    -26    569
20210112163154500	  296  222    -28    -22    567
20210112163154667	  296  222    -28    -22    568
20210112163154834	  295  220    -29    -25    569
20210112163155000	  297  221    -26    -23    567
20210112163155167	  296  221    -28    -23    568
20210112163155300	  296  219    -28    -26    569
20210112163155467	  295  222    -29    -22    567
20210112163155634	  296  220    -28    -25    569
20210112163155767	  294  221    -31    -23    569
20210112163155934	  296  221    -28    -23    568
20210112163156067	  295  219    -29    -26    569
20210112163156267	  295  220    -29    -25    568
20210112163156434	  294  221    -31    -23    569
20210112163156567	  296  221    -28    -23    567
20210112163156734	  295  222    -29    -22    567
20210112163156868	  296  220    -28    -25    570
20210112163157034	  295  221    -29    -23    568
20210112163157168	  296  221    -28    -23    567
20210112163157334	  295  219    -29    -26    568
20210112163157534	  295  218    -29    -28    567
20210112163157668	  294  221    -31    -23    569
20210112163157834	  297  222    -26    -22    569
20210112163157968	  294  221    -31    -23    567
20210112163158135	  296  221    -28    -23    567
20210112163158301	  295  219    -29    -26    569
20210112163158435	  295  221    -29    -23    567
20210112163158568	  295  220    -29    -25    568
20210112163158701	  297  221    -26    -23    567
20210112163158835	  296  221    -28    -23    568
20210112163158901	  296  220    -28    -25    569
20210112163159101	  295  219    -29    -26    569
20210112163159402	  294  225    -31    -17    574
20210112163159568	  287  241    -43      6    589
20210112163159702	  287  247    -43     15    587
20210112163159902	  283  255    -50     29    604
20210112163200035	  283  256    -50     30    604
20210112163200202	  282  256    -52     30    611
20210112163200335	  280  257    -56     32    615
20210112163200502	  280  257    -57     33    621
20210112163200635	  279  257    -59     33    625
20210112163200802	  278  258    -60     34    623
20210112163200969	  279  257    -59     33    625
20210112163201102	  279  259    -59     36    625
20210112163201302	  280  258    -57     34    620
20210112163201435	  281  255    -54     29    616
20210112163201602	  282  254    -53     27    612
20210112163201735	  282  252    -52     24    606
20210112163201902	  285  250    -47     21    602
20210112163202069	  286  247    -45     16    596
20210112163202202	  287  244    -43     11    592
20210112163202402	  288  240    -41      4    587
20210112163202536	  291  237    -36      0    584
20210112163202702	  292  234    -35     -4    581
20210112163202836	  291  233    -36     -5    577
20210112163203002	  291  229    -36    -11    574
20210112163203169	  292  227    -34    -14    575
20210112163203302	  291  227    -36    -14    574
20210112163203469	  293  224    -32    -19    571
20210112163203636	  294  223    -31    -20    570
20210112163203803	  294  223    -34    -22    625
20210112163203969	  294  224    -31    -19    570
20210112163204103	  293  224    -32    -19    572
20210112163204269	  293  223    -32    -20    571
20210112163204369	  294  223    -31    -20    570
20210112163204569	  294  223    -31    -20    570
20210112163204736	  295  222    -29    -22    570
20210112163204903	  294  223    -31    -20    570
20210112163205070	  295  221    -29    -23    569
20210112163205236	  294  225    -31    -17    569
20210112163205370	  293  221    -32    -23    570
20210112163205536	  292  223    -34    -20    569
20210112163205670	  296  221    -28    -23    569
20210112163205736	  294  223    -31    -20    569
20210112163205736	  296  222    -28    -22    569
20210112163205836	  293  222    -32    -22    568
20210112163205970	  295  221    -29    -23    569
20210112163206037	  294  223    -31    -20    572
20210112163206070	  295  223    -29    -20    570
20210112163206170	  295  221    -29    -23    568
20210112163206170	  294  220    -31    -25    568
20210112163206303	  295  222    -29    -22    568
20210112163206437	  295  225    -29    -17    569
20210112163206503	  296  221    -28    -23    568
20210112163206570	  294  221    -31    -23    567
20210112163206670	  293  223    -32    -20    569
20210112163206703	  295  221    -29    -23    568
20210112163206803	  296  221    -28    -23    567
20210112163206870	  295  223    -29    -20    568
20210112163207003	  296  222    -28    -22    567
20210112163207137	  294  222    -31    -22    569
20210112163207437	  296  220    -28    -25    569
20210112163207537	  295  221    -29    -23    568
20210112163207537	  295  221    -29    -23    568
20210112163207604	  295  221    -29    -23    567
20210112163207704	  296  222    -28    -22    569
20210112163207804	  295  221    -29    -23    568
20210112163208037	  295  221    -29    -23    569
20210112163208370	  295  221    -29    -23    567
20210112163208704	  294  222    -31    -22    568
20210112163208937	  294  220    -31    -25    568
20210112163209237	  295  222    -29    -22    568
20210112163209571	  295  220    -29    -25    566
20210112163209904	  296  220    -28    -25    568
20210112163210238	  296  219    -28    -26    568
20210112163210604	  295  222    -29    -22    568
20210112163210904	  297  220    -26    -25    567
20210112163211238	  297  220    -26    -25    567
20210112163211605	  297  220    -26    -25    569
20210112163211605	  295  221    -29    -23    568
20210112163211705	  295  220    -29    -25    567
20210112163211771	  297  222    -26    -22    568
20210112163211871	  295  222    -29    -22    566
20210112163212205	  296  220    -28    -25    567
20210112163212538	  296  219    -28    -26    567
20210112163212872	  296  219    -28    -26    567
20210112163213172	  296  221    -28    -23    569
20210112163213305	  295  221    -29    -23    567
20210112163213472	  296  221    -28    -23    569
20210112163213672	  293  226    -33    -16    576
20210112163213805	  289  239    -40      3    589
20210112163213972	  287  245    -43     12    591
20210112163214105	  283  252    -50     24    602
20210112163214272	  282  256    -52     30    605
20210112163214439	  281  256    -54     30    609
20210112163214572	  281  257    -54     32    614
20210112163214739	  280  257    -57     33    621
20210112163214905	  277  258    -62     34    625
20210112163215072	  279  259    -59     36    625
20210112163215239	  279  259    -59     36    626
20210112163215372	  280  258    -57     35    626
20210112163215539	  278  259    -60     36    627
20210112163215672	  278  259    -60     36    627
20210112163215839	  278  259    -60     36    628
20210112163216006	  279  260    -59     38    627
20210112163216172	  280  260    -57     38    628
20210112163216339	  280  259    -57     36    628
20210112163216473	  279  260    -59     38    628
20210112163216639	  279  260    -59     38    627
20210112163216806	  277  261    -62     40    630
20210112163216939	  277  259    -62     36    629
20210112163217106	  278  259    -61     36    630
20210112163217239	  279  260    -59     38    630
20210112163217439	  279  260    -59     38    630
20210112163217606	  278  260    -61     38    630
20210112163217740	  278  260    -61     38    631
20210112163217906	  279  260    -59     38    631
20210112163218040	  279  260    -59     38    632
20210112163218206	  278  259    -61     37    632
20210112163218373	  277  260    -62     38    631
20210112163218506	  279  261    -59     40    630
20210112163218706	  277  260    -63     38    632
20210112163218840	  278  260    -61     38    632
20210112163219007	  278  261    -61     40    632
20210112163219173	  278  259    -61     37    632
20210112163219307	  278  259    -61     37    632
20210112163219473	  277  260    -63     38    632
20210112163219607	  278  260    -61     38    632
20210112163219773	  277  260    -63     38    631
20210112163219973	  277  261    -63     40    631
20210112163220107	  278  259    -61     37    632
20210112163220273	  277  261    -63     40    632
20210112163220440	  278  261    -61     40    632
20210112163220574	  278  260    -61     38    632
20210112163220740	  278  261    -61     40    633
20210112163220874	  277  261    -63     40    632
20210112163221074	  277  261    -63     40    632
20210112163221240	  279  260    -59     38    632
20210112163221374	  278  261    -61     40    632
20210112163221540	  278  261    -61     40    632
20210112163221674	  278  261    -61     40    632
20210112163221841	  276  260    -64     38    632
20210112163222007	  278  260    -61     38    632
20210112163222107	  279  260    -59     38    632
20210112163222307	  278  259    -61     37    632
20210112163222474	  279  261    -59     40    632
20210112163222641	  278  261    -61     40    632
20210112163222807	  279  261    -59     40    632
20210112163222941	  278  260    -61     38    632
20210112163223108	  278  259    -61     37    633
20210112163223241	  278  260    -61     38    632
20210112163223341	  278  260    -61     38    632
