20210113170643494	  131   84   -592   -493   1234
20210113170643529	  130   83   -660   -551   1372
20210113170643597	  131   83   -935   -785   1955
20210113170643631	  131   83   -667   -558   1394
20210113170643664	  131   84   -443   -369    924
20210113170643698	  130   83   -301   -251    627
20210113170643765	  132   83   -299   -252    628
20210113170643865	  129   84   -303   -249    626
20210113170643898	  131   84   -300   -250    627
20210113170643964	  132   84   -437   -367    918
20210113170644129	  132   84   -299   -250    629
20210113170644162	  129   83   -694   -576   1435
20210113170644195	  129   83   -678   -564   1405
20210113170644293	  132   84   -299   -250    629
20210113170644391	  131   83   -301   -252    628
20210113170644457	  130   82   -430   -360    892
20210113170644490	  130   82   -449   -376    932
20210113170644588	  132   84   -299   -251    629
20210113170644621	  130   84   -302   -250    628
20210113170644686	  131   84   -823   -689   1722
20210113170644719	  131   83   -437   -367    912
20210113170644752	  130   83   -603   -503   1250
20210113170644817	  130   84   -302   -250    628
20210113170644817	  131   84   -301   -250    629
20210113170644817	  131   84   -301   -250    628
20210113170644915	  130   86   -302   -246    627
20210113170644948	  130   84   -462   -384    960
20210113170644980	  130   84   -301   -250    627
20210113170645013	  130   84   -302   -250    628
20210113170645045	  132   83   -299   -252    629
20210113170645110	  130   86   -303   -246    628
20210113170645142	  132   83   -299   -252    629
20210113170645207	  129   84   -446   -368    922
20210113170645239	  131   84   -300   -250    628
20210113170645304	  130   85   -302   -249    628
20210113170645336	  129   84   -591   -488   1221
20210113170645368	  131   84   -432   -359    901
20210113170645432	  130   83   -706   -587   1463
20210113170645465	  131   84   -300   -250    627
20210113170645497	  130   83   -302   -251    627
20210113170645529	  129   84   -303   -250    627
20210113170645529	  130   83   -696   -581   1447
20210113170645529	  130   86   -431   -354    898
20210113170645625	  131   84   -300   -250    627
20210113170645725	  130   83   -594   -496   1235
20210113170645792	  131   84   -725   -605   1512
20210113170645858	  130   83   -715   -596   1485
20210113170645891	  129   84   -600   -495   1239
20210113170645925	  130   85   -302   -248    627
20210113170646025	  129   84   -572   -473   1185
20210113170646058	  130   83   -301   -251    626
20210113170646125	  129   84   -550   -455   1140
20210113170646191	  128   83   -304   -251    626
20210113170646291	  129   84   -563   -466   1166
20210113170646325	  130   83   -301   -251    626
20210113170646358	  132   83   -695   -586   1460
20210113170646458	  130   83   -302   -251    627
20210113170646492	  130   83   -417   -347    868
20210113170646525	  130   83   -704   -587   1463
20210113170646592	  129   83   -431   -357    891
20210113170646659	  130   83   -559   -464   1158
20210113170646725	  129   83   -557   -462   1154
20210113170646792	  130   85   -471   -388    977
20210113170646825	  129   84   -303   -250    626
20210113170646891	  130   83   -687   -572   1425
20210113170646925	  132   83   -299   -252    628
20210113170646991	  130   83   -548   -456   1136
20210113170647025	  129   83   -675   -560   1394
20210113170647091	  130   83   -693   -578   1441
20210113170647158	  129   84   -601   -496   1242
20210113170647224	  130   83   -301   -251    627
20210113170647291	  129   84   -566   -469   1174
20210113170647324	  130   83   -427   -356    885
20210113170647391	  130   83   -429   -357    891
20210113170647490	  130   85   -513   -424   1067
20210113170647524	  130   83   -556   -463   1153
20210113170647623	  130   83   -590   -493   1226
20210113170647657	  130   85   -531   -439   1103
20210113170647724	  130   83   -435   -363    903
20210113170647757	  130   83   -590   -492   1223
20210113170647790	  129   84   -303   -250    627
20210113170647924	  129   84   -303   -249    626
20210113170647991	  129   84   -434   -359    899
20210113170647991	  132   83   -299   -252    629
20210113170648091	  129   84   -558   -462   1156
20210113170648191	  129   84   -559   -462   1157
20210113170648224	  130   83   -691   -574   1431
20210113170648291	  129   85   -432   -355    895
20210113170648325	  129   85   -303   -248    626
20210113170648391	  132   83   -299   -252    629
20210113170648425	  128   83   -642   -533   1324
20210113170648458	  130   85   -540   -445   1119
20210113170648626	  132   83   -645   -544   1355
20210113170648659	  132   83   -425   -358    893
20210113170648693	  132   83   -299   -252    629
20210113170648794	  129   84   -581   -481   1205
20210113170648894	  130   83   -553   -460   1148
20210113170648928	  130   83   -696   -581   1447
20210113170648962	  130   83   -432   -360    896
20210113170649063	  132   83   -299   -252    629
20210113170649096	  132   83   -558   -470   1173
20210113170649130	  132   83   -428   -361    899
20210113170649197	  129   84   -450   -372    931
20210113170649231	  132   83   -299   -252    628
20210113170649265	  129   84   -588   -486   1218
20210113170649298	  130   83   -606   -505   1256
20210113170649332	  132   83   -432   -364    907
20210113170649535	  131   84   -766   -641   1603
20210113170649568	  129   84   -432   -357    894
20210113170649635	  132   83   -299   -252    629
20210113170649669	  132   83   -299   -252    629
20210113170649702	  130   85   -463   -383    964
20210113170649735	  132   83   -299   -252    627
20210113170649769	  131   84   -427   -357    894
20210113170649802	  132   83   -555   -467   1167
20210113170649835	  130   85   -302   -248    627
20210113170649869	  130   83   -427   -357    887
20210113170649902	  132   83   -299   -252    628
20210113170649969	  132   83   -299   -252    629
20210113170650002	  130   85   -302   -248    627
20210113170650035	  132   83   -300   -253    630
20210113170650069	  129   84   -578   -477   1195
20210113170650069	  130   83   -669   -556   1387
20210113170650069	  132   83   -299   -252    628
20210113170650169	  130   85   -302   -249    627
20210113170650202	  132   83   -541   -456   1137
20210113170650235	  129   84   -604   -498   1247
20210113170650269	  132   83   -421   -355    884
20210113170650302	  132   83   -299   -252    628
20210113170650402	  129   84   -568   -469   1173
20210113170650469	  131   84   -301   -251    628
20210113170650535	  130   86   -302   -247    627
20210113170650569	  132   83   -299   -252    629
20210113170650635	  130   83   -690   -573   1429
20210113170650669	  130   85   -451   -371    936
20210113170650702	  129   83   -445   -369    921
20210113170650802	  130   83   -711   -593   1477
20210113170650836	  132   83   -573   -483   1205
20210113170650902	  130   83   -565   -469   1170
20210113170650936	  132   83   -667   -562   1401
20210113170650936	  132   83   -667   -562   1401
20210113170651036	  130   83   -302   -252    628
20210113170651102	  132   83   -427   -359    898
20210113170651102	  132   83   -427   -359    898
20210113170651202	  130   83   -558   -464   1158
20210113170651269	  132   83   -429   -362    901
20210113170651302	  130   85   -301   -248    626
20210113170651369	  130   85   -302   -249    628
20210113170651402	  130   85   -302   -249    628
20210113170651436	  130   83   -679   -565   1408
20210113170651469	  131   84   -657   -548   1372
20210113170651502	  130   85   -858   -705   1782
20210113170651569	  132   83   -299   -252    628
20210113170651636	  130   83   -695   -578   1440
20210113170651636	  130   83   -695   -578   1440
20210113170651702	  131   84   -710   -592   1482
20210113170651736	  132   83   -419   -354    881
20210113170651836	  132   83   -299   -252    629
20210113170652002	  130   85   -302   -249    628
20210113170652203	  130   85   -619   -511   1288
20210113170652403	  132   83   -299   -252    628
20210113170652636	  130   83   -433   -361    899
20210113170652803	  132   83   -550   -463   1155
20210113170653003	  132   83   -552   -466   1159
20210113170653269	  130   83   -691   -575   1432
20210113170653336	  132   83   -299   -252    628
20210113170653369	  130   83   -301   -251    626
20210113170653503	  131   84   -301   -250    628
20210113170653703	  129   85   -303   -248    627
20210113170653870	  132   84   -299   -250    629
20210113170653936	  131   84   -443   -369    924
20210113170654003	  131   84   -300   -250    628
20210113170654070	  131   84   -300   -250    628
20210113170654103	  131   84   -797   -664   1665
20210113170654136	  132   84   -299   -251    629
20210113170654170	  131   84   -301   -250    628
20210113170654203	  131   84   -300   -250    628
20210113170654236	  131   84   -301   -250    628
20210113170654270	  132   84   -299   -251    629
20210113170654303	  132   83   -299   -252    629
20210113170654370	  131   84   -301   -250    629
20210113170654403	  132   83   -299   -252    629
20210113170654436	  132   83   -299   -252    629
20210113170654470	  132   83   -299   -252    629
20210113170654503	  131   84   -301   -250    628
20210113170654536	  131   84   -300   -250    627
20210113170654603	  132   84   -299   -250    628
20210113170654636	  131   84   -301   -250    629
20210113170654670	  132   84   -299   -251    629
20210113170654703	  131   84   -300   -250    628
20210113170654737	  131   84   -300   -250    628
20210113170654770	  132   83   -299   -252    629
20210113170654803	  131   84   -421   -350    881
20210113170654903	  131   82   -301   -254    629
20210113170654937	  132   83   -546   -460   1148
20210113170654970	  131   84   -419   -348    875
20210113170655003	  132   83   -420   -354    883
20210113170655037	  132   84   -299   -251    629
20210113170655103	  132   84   -580   -487   1219
20210113170655137	  132   83   -299   -252    629
20210113170655137	  129   85   -303   -248    627
20210113170655237	  131   84   -423   -351    883
20210113170655303	  131   84   -690   -573   1438
20210113170655337	  132   83   -299   -252    629
20210113170655370	  131   84   -301   -250    628
20210113170655403	  131   84   -661   -550   1380
20210113170655470	  131   84   -859   -717   1794
20210113170655570	  131   84   -936   -781   1956
20210113170655603	  132   83   -550   -464   1156
20210113170655670	  132   84   -429   -358    899
20210113170655703	  131   84   -301   -251    629
20210113170655737	  132   84   -299   -251    629
20210113170655803	  129   85   -431   -354    892
20210113170655937	  131   84   -428   -356    895
20210113170656104	  132   85   -299   -249    629
20210113170656137	  132   83   -299   -252    629
20210113170656170	  132   84   -299   -251    629
20210113170656237	  131   84   -300   -250    628
20210113170656304	  132   83   -428   -360    898
20210113170656337	  131   84   -300   -250    628
20210113170656337	  132   84   -299   -251    629
20210113170656437	  131   84   -423   -352    884
20210113170656504	  132   83   -299   -252    628
20210113170656570	  131   84   -856   -715   1788
20210113170656737	  131   84   -301   -250    628
20210113170656937	  131   84   -300   -250    628
20210113170657137	  131   85   -301   -249    628
20210113170657304	  132   85   -440   -365    924
20210113170657404	  130   83   -302   -252    628
20210113170657471	  131   84   -890   -743   1858
20210113170657504	  131   85   -301   -249    629
20210113170657571	  132   83   -299   -252    628
20210113170657771	  131   84   -301   -251    629
20210113170657971	  132   83   -299   -252    629
20210113170658171	  133   85   -298   -249    629
20210113170658371	  131   84   -301   -251    629
20210113170658404	  131   84   -952   -795   1991
20210113170658604	  132   83   -671   -565   1409
20210113170658804	  132   84   -299   -251    629
20210113170659004	  132   83   -299   -252    629
20210113170659171	  132   83   -299   -252    629
20210113170659371	  129   85   -304   -248    628
20210113170659604	  132   84   -575   -482   1208
20210113170659804	  131   84   -301   -251    629
20210113170659838	  132   83   -300   -252    630
20210113170659871	  132   83   -299   -252    629
20210113170659938	  132   84   -300   -251    630
20210113170700071	  132   85   -299   -249    629
20210113170700171	  132   83   -299   -252    629
20210113170700205	  133   85   -298   -249    629
20210113170700238	  132   84   -299   -251    629
20210113170700305	  132   85   -300   -249    630
20210113170700338	  132   84   -299   -251    629
20210113170700371	  132   83   -299   -252    629
20210113170700438	  131   84   -425   -354    889
20210113170700505	  131   84   -301   -251    629
20210113170700571	  132   83   -299   -252    629
20210113170700705	  132   84   -299   -251    629
20210113170700738	  132   83   -299   -252    629
20210113170700771	  132   84   -437   -364    916
20210113170700838	  130   83   -302   -252    628
20210113170700871	  132   84   -299   -251    628
20210113170700905	  132   83   -556   -468   1168
20210113170700938	  132   83   -299   -252    628
20210113170700971	  131   84   -300   -250    628
20210113170701005	  132   83   -299   -252    629
20210113170701071	  132   84   -432   -360    906
20210113170701138	  132   84   -300   -251    630
20210113170701171	  132   84   -299   -251    629
20210113170701205	  132   85   -562   -465   1177
20210113170701305	  131   84   -300   -250    628
20210113170701472	  132   83   -299   -252    629
20210113170701538	  132   84   -299   -251    629
20210113170701605	  132   83   -299   -252    629
20210113170701705	  132   85   -441   -366    925
20210113170701738	  132   84   -299   -251    629
20210113170701838	  132   84   -299   -251    629
20210113170701872	  132   83   -299   -252    628
20210113170701938	  132   83   -299   -252    629
20210113170701972	  132   84   -299   -250    629
20210113170702038	  132   84   -587   -493   1233
20210113170702105	  132   84   -299   -251    629
20210113170702238	  133   85   -298   -249    629
20210113170702272	  132   83   -299   -252    629
20210113170702372	  129   85   -304   -248    628
20210113170702505	  132   84   -426   -355    893
20210113170702538	  133   85   -298   -249    630
20210113170702572	  132   83   -300   -252    630
20210113170702805	  132   83   -299   -252    628
20210113170703039	  132   83   -299   -252    629
20210113170703239	  132   83   -299   -252    628
20210113170703472	  132   84   -299   -251    629
20210113170703672	  132   83   -300   -253    630
20210113170703772	  129   85   -304   -249    628
20210113170703806	  133   84   -298   -251    630
20210113170703872	  132   83   -299   -252    629
20210113170703939	  132   83   -299   -252    628
20210113170704006	  132   84   -299   -251    629
20210113170704072	  132   83   -299   -252    629
20210113170704139	  130   83   -445   -371    923
20210113170704239	  133   85   -298   -249    629
20210113170704406	  132   84   -300   -251    630
20210113170704472	  132   82   -299   -254    629
20210113170704506	  132   84   -299   -251    629
20210113170704606	  132   84   -299   -251    628
20210113170704639	  131   84   -301   -250    629
20210113170704806	  132   84   -299   -251    629
20210113170705006	  132   84   -299   -251    629
20210113170705239	  133   85   -298   -249    630
20210113170705473	  132   84   -299   -251    629
20210113170705673	  132   84   -299   -251    629
20210113170705873	  132   84   -299   -251    629
20210113170706106	  131   85   -301   -249    628
20210113170706339	  131   84   -301   -250    629
20210113170706540	  132   84   -300   -251    630
20210113170706940	  129   86   -303   -247    627
20210113170707173	  131   84   -300   -250    628
20210113170707373	  130   85   -302   -249    628
20210113170707540	  130   85   -492   -407   1025
20210113170707673	  130   85   -302   -249    629
20210113170707840	  133   84   -298   -251    629
20210113170708073	  132   85   -299   -249    629
20210113170708207	  132   85   -299   -249    629
20210113170708307	  132   85   -299   -249    628
20210113170708340	  132   85   -299   -249    629
20210113170708407	  132   85   -441   -367    925
20210113170708440	  133   85   -773   -647   1631
20210113170708573	  131   85   -628   -521   1310
20210113170708607	  131   87   -300   -245    627
20210113170708873	  130   85   -302   -249    628
20210113170709107	  133   85   -439   -368    927
20210113170709240	  131   87   -301   -245    628
20210113170709474	  130   86   -302   -247    628
20210113170709674	  130   86   -302   -247    627
20210113170709907	  132   86   -299   -247    628
20210113170710140	  132   85   -299   -248    628
20210113170710374	  133   86   -761   -635   1606
20210113170710607	  131   87   -301   -245    627
20210113170710841	  131   88   -300   -243    627
20210113170711007	  133   86   -297   -247    628
20210113170711141	  132   86   -299   -247    628
20210113170711207	  131   86   -300   -246    626
20210113170711274	  132   87   -299   -245    627
20210113170711341	  132   87   -299   -245    628
20210113170711374	  132   87   -298   -245    627
20210113170711541	  133   86   -297   -247    628
20210113170711774	  132   86   -298   -247    627
20210113170712008	  132   86   -299   -247    628
20210113170712241	  131   89   -299   -241    625
20210113170712308	  131   87   -300   -245    627
20210113170712508	  132   87   -298   -245    626
20210113170712608	  133   88   -297   -244    628
20210113170712874	  133   87   -297   -245    628
20210113170713041	  134   88   -296   -244    629
20210113170713075	  133   87   -297   -245    627
20210113170713208	  132   88   -299   -243    627
20210113170713275	  132   88   -298   -243    626
20210113170713308	  133   88   -297   -243    627
20210113170713408	  130   90   -301   -239    625
20210113170713441	  132   87   -298   -245    626
20210113170713475	  133   88   -297   -243    627
20210113170713575	  131   89   -299   -241    625
20210113170713608	  132   88   -298   -243    626
20210113170713675	  132   89   -298   -241    626
20210113170713741	  132   88   -298   -243    627
20210113170713808	  132   88   -298   -243    626
20210113170713875	  134   88   -296   -244    628
20210113170714075	  132   90   -298   -239    625
20210113170714108	  132   90   -298   -239    626
20210113170714175	  133   89   -297   -242    627
20210113170714208	  133   89   -296   -241    626
20210113170714241	  133   89   -297   -242    628
20210113170714341	  133   89   -297   -242    627
20210113170714408	  133   89   -297   -241    627
20210113170714508	  133   89   -297   -242    627
20210113170714608	  133   89   -296   -241    625
20210113170714642	  133   89   -297   -241    627
20210113170714675	  133   89   -297   -242    628
20210113170714775	  134   89   -295   -242    628
20210113170714842	  132   89   -298   -241    625
20210113170714875	  133   89   -297   -241    627
20210113170715042	  132   91   -298   -238    626
20210113170715108	  133   90   -296   -239    626
20210113170715208	  134   89   -295   -242    627
20210113170715308	  132   89   -298   -241    626
20210113170715408	  131   91   -299   -237    625
20210113170715508	  131   91   -298   -237    624
20210113170715575	  133   90   -296   -239    625
20210113170715608	  131   90   -299   -239    624
20210113170715708	  133   90   -296   -239    625
20210113170715775	  133   90   -296   -240    626
20210113170715875	  133   90   -295   -239    624
20210113170715909	  133   90   -296   -239    625
20210113170715975	  133   90   -296   -239    625
20210113170716009	  132   90   -297   -239    623
20210113170716075	  132   90   -297   -239    624
20210113170716142	  132   90   -297   -239    624
20210113170716242	  132   90   -297   -239    624
20210113170716275	  131   91   -298   -237    622
20210113170716309	  131   91   -298   -237    622
20210113170716309	  131   91   -298   -237    623
20210113170716509	  134   90   -295   -240    626
20210113170716575	  132   91   -297   -237    623
20210113170716575	  133   90   -295   -239    624
20210113170716642	  131   91   -298   -237    623
20210113170716675	  131   91   -298   -237    622
20210113170716742	  134   89   -294   -240    624
20210113170716742	  134   90   -294   -239    624
20210113170716809	  134   89   -295   -241    626
20210113170716809	  131   90   -299   -239    624
20210113170716875	  131   90   -298   -239    623
20210113170716875	  132   90   -297   -239    624
20210113170716942	  132   90   -297   -239    624
20210113170717042	  134   90   -293   -239    624
20210113170717075	  132   90   -297   -239    624
20210113170717109	  134   90   -294   -239    625
20210113170717142	  133   91   -295   -237    623
20210113170717242	  132   91   -297   -237    623
20210113170717242	  134   90   -294   -239    624
20210113170717309	  133   91   -295   -237    624
20210113170717376	  133   91   -295   -237    623
20210113170717409	  134   91   -294   -237    625
20210113170717542	  134   91   -294   -237    624
20210113170717809	  133   91   -295   -237    623
20210113170717942	  133   91   -295   -237    623
20210113170718176	  133   91   -295   -237    623
20210113170718376	  134   92   -294   -236    624
20210113170718609	  133   92   -295   -235    623
20210113170718843	  133   91   -295   -237    623
20210113170718976	  131   92   -297   -235    622
20210113170719076	  131   92   -297   -235    621
20210113170719309	  133   93   -295   -233    622
20210113170719509	  133   92   -294   -235    622
20210113170719776	  133   92   -294   -234    621
20210113170719976	  134   93   -293   -233    622
20210113170720210	  134   92   -293   -235    623
20210113170720443	  133   93   -294   -233    622
20210113170720676	  133   92   -294   -235    622
20210113170720910	  133   94   -294   -231    621
20210113170721143	  132   94   -295   -231    621
20210113170721377	  132   94   -295   -231    620
20210113170721577	  134   94   -293   -232    622
20210113170721810	  133   95   -294   -230    621
20210113170722043	  133   95   -294   -229    621
20210113170722143	  133   95   -294   -229    620
20210113170722243	  134   95   -292   -230    621
20210113170722310	  133   94   -294   -231    620
20210113170722544	  135   94   -291   -232    622
20210113170722777	  134   95   -292   -230    621
20210113170722977	  136   96   -290   -229    623
20210113170723244	  134   95   -292   -229    620
20210113170723444	  133   95   -293   -229    620
20210113170723677	  133   97   -294   -226    621
20210113170723910	  134   96   -292   -228    620
20210113170724111	  133   96   -293   -227    619
20210113170724344	  133   96   -294   -228    621
20210113170724577	  133   96   -294   -228    620
20210113170724811	  134   96   -292   -228    620
20210113170725044	  133   97   -294   -226    620
20210113170725211	  133   97   -294   -226    620
20210113170725444	  135   97   -290   -226    620
20210113170725644	  134   97   -292   -226    621
20210113170725878	  135   96   -291   -228    621
20210113170726111	  133   98   -294   -225    621
20210113170726311	  135   98   -291   -225    621
20210113170726545	  134   97   -292   -226    620
20210113170726778	  135   98   -291   -225    621
20210113170727011	  134  100   -292   -222    621
20210113170727211	  135   98   -291   -225    621
20210113170727445	  134  100   -293   -222    622
20210113170727645	  134   99   -293   -223    621
20210113170727912	  135  100   -290   -221    620
20210113170728112	  136  100   -290   -222    622
20210113170728345	  135  100   -291   -221    621
20210113170728545	  134  100   -293   -222    622
20210113170728712	  134  100   -293   -222    622
20210113170728845	  135  101   -291   -220    621
20210113170729045	  134  100   -292   -222    621
20210113170729212	  135  101   -291   -220    621
20210113170729312	  134  100   -293   -222    621
20210113170729512	  135  101   -291   -220    621
20210113170729745	  135  102   -290   -218    620
20210113170729979	  135  101   -290   -219    619
20210113170730212	  135  101   -290   -219    619
20210113170730446	  136  101   -289   -220    621
20210113170730646	  136  101   -288   -219    619
20210113170730879	  135  103   -290   -216    618
20210113170731046	  135  103   -290   -216    619
20210113170731246	  135  103   -290   -216    618
20210113170731346	  136  102   -288   -218    619
20210113170731612	  134  103   -291   -215    618
20210113170731846	  137  102   -287   -218    620
20210113170732046	  136  103   -288   -216    618
20210113170732279	  137  103   -286   -216    619
20210113170732513	  135  103   -290   -216    619
20210113170732746	  135  103   -289   -216    618
20210113170732946	  135  103   -289   -215    617
20210113170733180	  137  103   -287   -216    619
20210113170733413	  136  104   -288   -214    618
20210113170733646	  137  103   -286   -216    618
20210113170733880	  135  104   -289   -214    617
20210113170734113	  137  104   -286   -214    618
20210113170734313	  137  105   -286   -213    618
20210113170734547	  137  105   -286   -213    618
20210113170734780	  136  106   -288   -211    618
20210113170735013	  137  105   -286   -212    617
20210113170735247	  137  105   -286   -212    618
20210113170735413	  135  106   -288   -210    616
20210113170735580	  136  106   -287   -211    617
20210113170735814	  136  106   -287   -210    615
20210113170736047	  136  106   -287   -210    617
20210113170736280	  138  106   -284   -211    617
20210113170736514	  137  107   -286   -209    617
20210113170736714	  138  106   -285   -211    619
20210113170736947	  137  107   -286   -209    617
20210113170737147	  137  107   -286   -209    618
20210113170737381	  137  107   -286   -209    617
20210113170737547	  137  106   -286   -211    619
20210113170737781	  138  106   -284   -211    618
20210113170738014	  137  109   -285   -205    616
20210113170738181	  137  108   -286   -207    617
20210113170738314	  138  109   -284   -206    617
20210113170738448	  138  109   -285   -206    619
20210113170738514	  137  109   -286   -206    618
20210113170738614	  139  108   -283   -208    618
20210113170738781	  138  109   -284   -205    616
20210113170738881	  139  108   -282   -207    617
20210113170739114	  139  108   -283   -208    619
20210113170739314	  137  109   -285   -205    616
20210113170739548	  137  109   -286   -206    617
20210113170739781	  139  109   -282   -205    616
20210113170740015	  138  111   -283   -202    615
20210113170740248	  138  111   -284   -202    617
20210113170740448	  140  111   -281   -202    617
20210113170740681	  140  109   -281   -206    617
20210113170741048	  138  111   -284   -202    616
20210113170741282	  138  111   -284   -202    615
20210113170741482	  139  112   -282   -201    616
20210113170741748	  138  111   -284   -202    616
20210113170742182	  139  112   -282   -200    615
20210113170742349	  138  112   -284   -200    616
20210113170742449	  139  112   -282   -200    615
20210113170742549	  138  112   -284   -200    615
20210113170742649	  141  113   -279   -199    617
20210113170742782	  140  112   -280   -201    616
20210113170742882	  139  114   -282   -198    615
20210113170742982	  139  114   -282   -197    616
20210113170743082	  139  113   -281   -198    614
20210113170743315	  139  113   -282   -199    616
20210113170743549	  141  114   -279   -197    617
20210113170743649	  141  114   -279   -198    617
20210113170743849	  141  115   -279   -196    616
20210113170744082	  139  114   -282   -197    616
20210113170744182	  141  114   -279   -197    617
20210113170744282	  141  114   -279   -198    617
20210113170744416	  139  114   -282   -197    616
20210113170744516	  139  114   -282   -197    616
20210113170744616	  139  114   -282   -198    615
20210113170744749	  139  114   -282   -197    616
20210113170744849	  141  114   -279   -198    616
20210113170745049	  140  115   -281   -196    616
20210113170745516	  139  116   -282   -194    615
20210113170745616	  139  116   -282   -194    616
20210113170745749	  140  117   -280   -192    615
20210113170745949	  141  115   -279   -196    616
20210113170746083	  140  117   -280   -192    614
20210113170746183	  140  117   -281   -192    616
20210113170746283	  142  116   -278   -194    616
20210113170746416	  142  116   -277   -194    616
20210113170746516	  142  117   -277   -192    615
20210113170746650	  142  116   -277   -194    616
20210113170746783	  142  116   -278   -194    616
20210113170746883	  140  117   -280   -192    616
20210113170746983	  141  116   -278   -193    614
20210113170747083	  141  117   -278   -192    615
20210113170747216	  140  117   -279   -192    613
20210113170747316	  143  117   -276   -192    616
20210113170747450	  141  118   -279   -191    615
20210113170747550	  142  118   -277   -190    614
20210113170747650	  141  118   -278   -190    614
20210113170747750	  141  118   -278   -191    615
20210113170747883	  141  118   -278   -190    614
20210113170747983	  142  118   -277   -191    615
20210113170748083	  142  118   -277   -191    615
20210113170748217	  143  119   -275   -189    615
20210113170748317	  143  119   -275   -189    615
20210113170748450	  142  119   -277   -189    615
20210113170748583	  141  119   -278   -189    614
20210113170748683	  143  119   -276   -189    616
20210113170748817	  143  119   -275   -189    614
20210113170748917	  141  119   -278   -189    614
20210113170749050	  143  119   -275   -189    615
20210113170749184	  141  119   -278   -189    614
20210113170749284	  141  119   -278   -189    614
20210113170749417	  143  119   -275   -189    615
20210113170749550	  142  120   -277   -187    614
20210113170749650	  143  120   -275   -187    615
20210113170749750	  143  120   -275   -187    615
20210113170749884	  143  120   -275   -187    615
20210113170749984	  141  121   -278   -186    614
20210113170750117	  141  121   -278   -185    613
20210113170750217	  143  120   -275   -187    614
20210113170750350	  142  122   -277   -184    614
20210113170750451	  143  120   -275   -187    615
20210113170750617	  142  122   -277   -184    614
20210113170750684	  144  121   -274   -186    615
20210113170750684	  144  121   -274   -186    615
20210113170750851	  142  121   -276   -185    614
20210113170750917	  142  121   -277   -186    614
20210113170751151	  144  121   -274   -186    614
20210113170751317	  143  122   -275   -184    613
20210113170751451	  143  122   -274   -183    612
20210113170751584	  142  122   -276   -184    613
20210113170751684	  142  122   -276   -183    613
20210113170751818	  142  123   -276   -182    613
20210113170751951	  144  123   -273   -182    614
20210113170752051	  143  123   -275   -183    615
20210113170752184	  143  123   -274   -182    613
20210113170752318	  143  123   -274   -182    613
20210113170752451	  143  124   -274   -180    612
20210113170752551	  143  124   -274   -180    612
20210113170752684	  142  124   -276   -180    613
20210113170752784	  145  124   -272   -181    615
20210113170752918	  145  123   -272   -182    614
20210113170753051	  145  123   -271   -182    613
20210113170753151	  144  124   -272   -180    612
20210113170753285	  144  124   -273   -180    613
20210113170753351	  144  124   -273   -181    613
20210113170753518	  145  124   -272   -181    614
20210113170753651	  143  124   -274   -180    613
20210113170753751	  145  124   -271   -181    613
20210113170753885	  144  125   -273   -179    612
20210113170754018	  145  125   -271   -179    613
20210113170754151	  145  125   -271   -179    613
20210113170754251	  145  126   -271   -177    613
20210113170754385	  146  126   -270   -177    613
20210113170754518	  145  126   -271   -177    613
20210113170754618	  145  126   -271   -177    612
20210113170754718	  145  126   -272   -177    613
20210113170754885	  146  126   -270   -177    613
20210113170755018	  144  126   -272   -177    612
20210113170755118	  147  127   -269   -176    615
20210113170755252	  147  127   -269   -176    615
20210113170755385	  146  126   -270   -177    613
20210113170755485	  144  127   -273   -175    612
20210113170755618	  145  127   -271   -176    613
20210113170755752	  146  127   -269   -175    612
20210113170755852	  146  127   -270   -176    613
20210113170755952	  147  127   -268   -176    614
20210113170755985	  144  128   -272   -174    612
20210113170756019	  145  127   -271   -175    612
20210113170756052	  144  128   -272   -174    612
20210113170756119	  145  127   -271   -175    612
20210113170756152	  145  127   -271   -175    612
20210113170756185	  146  127   -269   -175    612
20210113170756252	  147  128   -268   -174    613
20210113170756285	  146  127   -269   -175    612
20210113170756352	  145  128   -271   -174    612
20210113170756419	  146  128   -270   -174    612
20210113170756619	  145  128   -271   -174    612
20210113170756852	  147  128   -268   -174    612
20210113170757119	  148  128   -267   -174    613
20210113170757386	  145  129   -271   -172    612
20210113170757586	  146  129   -269   -172    612
20210113170757819	  146  130   -270   -171    613
20210113170758086	  147  129   -268   -173    613
20210113170758253	  148  130   -267   -171    614
20210113170758353	  148  130   -267   -171    613
20210113170758519	  148  130   -267   -171    614
20210113170758619	  148  130   -267   -171    613
20210113170758719	  147  131   -268   -169    612
20210113170758786	  146  130   -269   -171    612
20210113170758819	  148  130   -267   -171    613
20210113170758919	  148  130   -266   -171    613
20210113170759186	  148  131   -266   -169    612
20210113170759386	  146  131   -269   -169    611
20210113170759520	  148  131   -266   -169    612
20210113170759620	  148  131   -266   -169    612
20210113170759753	  148  132   -266   -167    611
20210113170759853	  148  133   -266   -166    612
20210113170759986	  147  132   -267   -167    611
20210113170800120	  149  132   -265   -168    613
20210113170800253	  147  132   -268   -167    612
20210113170800386	  149  132   -265   -167    612
20210113170800486	  149  132   -265   -167    612
20210113170800586	  149  132   -265   -167    612
20210113170800653	  149  132   -265   -168    613
20210113170800786	  148  132   -266   -167    611
20210113170800987	  147  133   -268   -166    612
20210113170801120	  147  133   -268   -166    612
20210113170801253	  150  133   -264   -166    614
20210113170801353	  150  133   -264   -166    613
20210113170801487	  149  134   -265   -164    612
20210113170801587	  148  134   -266   -164    611
20210113170801687	  149  134   -264   -164    612
20210113170801753	  150  134   -263   -164    612
20210113170801920	  149  135   -264   -163    612
20210113170802154	  150  134   -263   -164    611
20210113170802254	  150  134   -263   -164    611
20210113170802387	  149  135   -264   -163    612
20210113170802520	  148  135   -266   -162    612
20210113170802620	  149  135   -264   -162    611
20210113170802754	  149  135   -265   -163    613
20210113170802887	  150  134   -263   -164    612
20210113170803020	  149  137   -264   -159    611
20210113170803120	  150  135   -263   -163    612
20210113170803254	  149  136   -264   -161    611
20210113170803387	  150  136   -263   -161    612
20210113170803487	  151  137   -262   -160    613
20210113170803621	  151  136   -261   -161    612
20210113170803754	  151  136   -261   -161    611
20210113170803887	  150  137   -263   -159    611
20210113170803987	  151  136   -260   -160    610
20210113170804154	  150  138   -262   -157    610
20210113170804254	  150  138   -262   -157    611
20210113170804387	  150  137   -262   -159    611
20210113170804521	  149  137   -264   -159    611
20210113170804621	  152  137   -259   -159    611
20210113170804754	  151  137   -261   -159    610
20210113170804887	  150  138   -262   -157    609
20210113170805021	  151  138   -260   -157    610
20210113170805121	  152  139   -259   -156    611
20210113170805254	  152  138   -259   -157    611
20210113170805388	  152  138   -259   -158    611
20210113170805488	  151  139   -261   -156    611
20210113170805621	  152  138   -259   -157    610
20210113170805754	  151  139   -261   -156    611
20210113170805821	  150  139   -262   -156    610
20210113170805988	  151  138   -261   -157    610
20210113170806121	  151  139   -261   -156    611
20210113170806254	  150  139   -262   -156    610
20210113170806388	  152  139   -259   -156    610
20210113170806488	  151  139   -261   -156    610
20210113170806588	  153  139   -258   -156    611
20210113170806655	  152  140   -259   -154    610
20210113170806855	  153  141   -258   -153    611
20210113170806988	  152  140   -259   -154    611
20210113170807121	  153  140   -259   -155    612
20210113170807221	  153  140   -258   -154    611
20210113170807355	  151  140   -261   -154    611
20210113170807488	  154  140   -256   -155    611
20210113170807622	  153  140   -258   -154    611
20210113170807722	  151  141   -261   -153    611
20210113170807855	  151  141   -261   -153    610
20210113170807988	  151  141   -261   -153    611
20210113170808122	  151  141   -261   -153    611
20210113170808222	  151  141   -261   -152    610
20210113170808355	  154  142   -257   -152    612
20210113170808488	  153  142   -258   -151    611
20210113170808588	  152  142   -259   -151    611
20210113170808722	  153  142   -258   -151    610
20210113170808855	  153  142   -258   -151    611
20210113170808989	  154  142   -256   -151    610
20210113170809089	  153  143   -257   -149    609
20210113170809222	  153  143   -257   -149    610
20210113170809355	  153  143   -258   -150    611
20210113170809489	  153  143   -257   -149    610
20210113170809589	  153  144   -257   -148    610
20210113170809722	  153  143   -258   -150    611
20210113170809855	  152  143   -258   -149    608
20210113170809989	  155  144   -254   -148    609
20210113170810089	  155  144   -254   -148    610
20210113170810222	  153  144   -257   -148    609
20210113170810356	  154  144   -256   -148    610
20210113170810489	  154  144   -255   -147    609
20210113170810589	  154  144   -256   -148    610
20210113170810722	  155  144   -254   -148    610
20210113170810856	  155  144   -254   -148    609
20210113170810989	  155  144   -254   -148    610
20210113170811089	  154  144   -255   -147    608
20210113170811222	  155  144   -254   -147    609
20210113170811356	  155  144   -254   -147    608
20210113170811489	  153  145   -257   -146    609
20210113170811589	  153  145   -256   -146    608
20210113170811723	  155  145   -254   -146    609
20210113170811856	  153  146   -257   -144    608
20210113170811956	  155  146   -254   -144    609
20210113170812089	  154  147   -255   -142    607
20210113170812123	  154  146   -255   -144    607
20210113170812189	  155  146   -253   -144    608
20210113170812356	  155  146   -253   -144    608
20210113170812623	  157  147   -251   -143    609
20210113170812723	  157  147   -251   -143    610
20210113170812856	  157  147   -251   -143    610
20210113170812956	  154  147   -255   -142    607
20210113170813090	  154  147   -255   -143    609
20210113170813223	  155  148   -254   -141    609
20210113170813356	  156  147   -252   -143    609
20210113170813490	  155  147   -254   -143    608
20210113170813590	  156  147   -253   -143    610
20210113170813723	  154  148   -256   -141    609
20210113170813856	  156  148   -252   -141    608
20210113170813990	  157  148   -251   -142    610
20210113170814090	  156  148   -252   -141    609
20210113170814223	  155  148   -254   -141    609
20210113170814357	  156  148   -253   -141    610
20210113170814490	  158  148   -250   -142    610
20210113170814590	  155  148   -254   -141    609
20210113170814757	  156  148   -252   -141    609
20210113170814857	  155  149   -255   -140    610
20210113170814990	  155  149   -254   -140    609
20210113170815090	  156  149   -253   -140    611
20210113170815224	  157  149   -252   -140    611
20210113170815357	  155  150   -254   -138    609
20210113170815490	  157  149   -251   -140    610
20210113170815624	  158  149   -250   -140    611
20210113170815724	  157  150   -251   -138    610
20210113170815857	  158  149   -250   -140    610
20210113170815990	  156  150   -253   -138    609
20210113170816090	  157  150   -251   -138    610
20210113170816224	  156  150   -252   -138    609
20210113170816357	  159  149   -248   -140    610
20210113170816490	  157  151   -251   -136    608
20210113170816591	  159  151   -248   -136    609
20210113170816724	  157  151   -250   -136    608
20210113170816857	  156  151   -253   -137    609
20210113170816991	  156  152   -252   -134    608
20210113170817191	  159  151   -248   -136    609
20210113170817357	  159  151   -248   -137    609
20210113170817457	  159  151   -248   -137    608
20210113170817591	  159  151   -248   -137    610
20210113170817724	  158  152   -249   -135    609
20210113170817957	  158  152   -249   -135    609
20210113170818091	  158  152   -249   -135    609
20210113170818224	  160  152   -246   -135    610
20210113170818491	  158  154   -249   -131    609
20210113170818591	  159  152   -248   -135    609
20210113170818858	  159  153   -247   -134    609
20210113170818991	  160  153   -246   -134    609
20210113170819091	  158  155   -249   -130    609
20210113170819224	  160  153   -246   -133    609
20210113170819358	  160  153   -246   -134    609
20210113170819491	  160  153   -246   -133    610
20210113170819758	  159  155   -248   -130    608
20210113170819858	  159  154   -247   -131    608
20210113170820091	  160  154   -246   -132    609
20210113170820225	  161  154   -245   -132    610
20210113170820358	  161  155   -245   -130    610
20210113170820625	  161  155   -245   -131    610
20210113170820758	  159  155   -248   -130    609
20210113170820858	  160  155   -246   -130    609
20210113170820992	  159  155   -248   -130    609
20210113170821125	  162  156   -243   -129    610
20210113170821258	  160  156   -246   -128    608
20210113170821392	  161  155   -245   -130    609
20210113170821525	  159  156   -247   -128    608
20210113170821625	  160  156   -246   -128    609
20210113170821758	  160  156   -246   -128    609
20210113170821892	  161  156   -244   -128    609
20210113170822025	  161  156   -245   -129    609
20210113170822125	  161  157   -245   -127    609
20210113170822259	  161  156   -245   -128    609
20210113170822392	  161  156   -244   -128    608
20210113170822525	  161  157   -244   -127    608
20210113170822625	  160  157   -246   -127    608
20210113170822759	  161  157   -244   -127    608
20210113170822892	  160  157   -246   -127    608
20210113170823025	  160  157   -246   -127    608
20210113170823125	  162  157   -243   -127    609
20210113170823259	  162  158   -243   -125    608
20210113170823392	  160  158   -246   -125    608
20210113170823526	  161  158   -244   -125    607
20210113170823659	  161  158   -244   -125    608
20210113170823792	  161  159   -245   -124    609
20210113170823892	  160  158   -246   -125    608
20210113170824026	  162  158   -243   -125    609
20210113170824159	  162  158   -243   -125    608
20210113170824292	  163  158   -241   -125    609
20210113170824392	  163  158   -241   -125    609
20210113170824526	  161  159   -244   -123    607
20210113170824659	  163  158   -241   -125    609
20210113170824793	  162  159   -243   -124    608
20210113170824893	  161  159   -244   -124    609
20210113170825059	  164  159   -240   -124    610
20210113170825193	  164  159   -240   -124    610
20210113170825293	  164  159   -240   -124    610
20210113170825459	  161  160   -244   -122    608
20210113170825593	  162  160   -243   -122    609
20210113170825693	  163  160   -242   -122    610
20210113170825826	  163  160   -242   -122    610
20210113170825959	  163  161   -242   -121    609
20210113170826093	  161  161   -244   -120    608
20210113170826226	  162  160   -243   -122    608
20210113170826360	  161  161   -244   -120    608
20210113170826526	  164  160   -240   -122    610
20210113170826626	  164  161   -240   -121    610
20210113170826760	  162  161   -243   -120    608
20210113170826893	  162  161   -243   -120    608
20210113170827026	  164  161   -240   -121    610
20210113170827160	  165  162   -239   -119    611
20210113170827293	  162  162   -243   -119    608
20210113170827427	  164  162   -240   -119    608
20210113170827560	  164  161   -240   -120    608
20210113170827693	  163  162   -241   -119    609
20210113170827827	  163  162   -241   -119    608
20210113170827960	  164  162   -240   -119    609
20210113170828093	  165  162   -238   -119    608
20210113170828227	  164  161   -240   -121    610
20210113170828360	  166  163   -237   -117    609
20210113170828493	  166  163   -237   -118    610
20210113170828627	  164  164   -240   -116    609
20210113170828760	  164  163   -239   -117    608
20210113170828894	  163  163   -240   -117    606
20210113170829027	  163  163   -241   -117    607
20210113170829160	  165  163   -238   -117    608
20210113170829260	  165  164   -238   -116    609
20210113170829427	  165  163   -238   -117    607
20210113170829560	  166  163   -237   -117    609
20210113170829694	  166  163   -236   -117    608
20210113170829827	  166  163   -236   -117    608
20210113170829961	  164  164   -239   -115    607
20210113170830094	  164  164   -240   -116    608
20210113170830227	  165  164   -238   -115    607
20210113170830361	  164  164   -239   -115    606
20210113170830494	  164  165   -239   -114    607
20210113170830627	  166  165   -236   -114    608
20210113170830761	  166  165   -236   -114    607
20210113170830894	  166  165   -236   -114    608
20210113170831061	  167  165   -235   -114    609
20210113170831194	  166  166   -236   -112    608
20210113170831328	  166  165   -236   -114    607
20210113170831461	  166  165   -236   -114    608
20210113170831594	  166  165   -236   -114    607
20210113170831728	  167  165   -235   -114    608
20210113170831894	  167  165   -235   -114    609
20210113170832028	  166  166   -236   -112    608
20210113170832161	  165  166   -238   -112    607
20210113170832294	  166  167   -236   -111    607
20210113170832428	  166  167   -236   -111    608
20210113170832561	  165  166   -238   -112    608
20210113170832695	  166  166   -236   -112    608
20210113170832828	  166  166   -237   -113    609
20210113170832995	  167  166   -235   -112    608
20210113170833128	  168  166   -234   -113    609
20210113170833261	  166  167   -236   -111    608
20210113170833395	  168  167   -234   -111    609
20210113170833528	  166  167   -236   -111    607
20210113170833695	  167  168   -235   -109    607
20210113170833828	  169  168   -232   -109    608
20210113170833961	  169  168   -232   -109    608
20210113170834095	  169  167   -231   -111    607
20210113170834228	  167  169   -234   -107    607
20210113170834395	  166  168   -235   -109    605
20210113170834528	  167  169   -234   -107    606
20210113170834662	  167  169   -234   -107    607
20210113170834795	  167  169   -234   -107    606
20210113170834928	  166  169   -236   -107    606
20210113170835095	  168  168   -233   -109    606
20210113170835228	  168  168   -233   -109    608
20210113170835362	  168  169   -233   -108    607
20210113170835495	  169  168   -232   -109    608
20210113170835662	  168  168   -233   -109    607
20210113170835795	  168  169   -233   -108    608
20210113170835929	  168  169   -233   -107    606
20210113170836062	  169  170   -231   -106    606
20210113170836229	  168  171   -233   -104    607
20210113170836362	  169  169   -231   -108    607
20210113170836495	  169  170   -231   -106    607
20210113170836629	  168  170   -233   -106    606
20210113170836762	  168  171   -233   -104    607
20210113170836929	  169  170   -231   -106    606
20210113170837062	  168  170   -233   -106    606
20210113170837196	  169  170   -231   -106    606
20210113170837329	  169  171   -231   -104    607
20210113170837496	  169  170   -231   -106    607
20210113170837629	  170  170   -230   -106    607
20210113170837762	  170  170   -230   -106    608
20210113170837929	  170  170   -230   -106    607
20210113170838063	  168  171   -232   -104    606
20210113170838196	  168  171   -233   -104    607
20210113170838363	  170  171   -230   -104    607
20210113170838463	  170  171   -230   -105    608
20210113170838629	  170  172   -230   -103    608
20210113170838763	  170  172   -230   -103    608
20210113170838896	  169  172   -232   -103    608
20210113170839029	  171  172   -229   -103    609
20210113170839196	  169  172   -232   -103    608
20210113170839329	  167  172   -235   -103    608
20210113170839463	  170  173   -231   -102    610
20210113170839596	  170  173   -230   -101    608
20210113170839730	  170  173   -231   -102    609
20210113170839896	  171  172   -229   -103    609
20210113170840030	  170  173   -230   -101    609
20210113170840163	  171  173   -229   -101    609
20210113170840296	  171  172   -230   -103    611
20210113170840463	  171  173   -229   -102    610
20210113170840596	  170  172   -231   -103    610
20210113170840730	  171  173   -230   -102    611
20210113170840863	  169  174   -232   -100    610
20210113170840997	  169  174   -233   -100    610
20210113170841163	  169  174   -232   -100    610
20210113170841297	  171  174   -230   -100    611
20210113170841430	  171  174   -230   -100    612
20210113170841563	  170  174   -231   -100    611
20210113170841730	  170  174   -231   -100    612
20210113170841863	  170  174   -231   -100    610
20210113170841997	  171  174   -230   -100    611
20210113170842130	  170  175   -231    -99    610
20210113170842264	  170  175   -231    -99    610
20210113170842430	  173  176   -227    -97    611
20210113170842564	  170  175   -231    -99    610
20210113170842664	  172  175   -228    -99    612
20210113170842830	  170  175   -231    -99    611
20210113170842964	  173  175   -227    -99    611
20210113170843131	  171  175   -230    -99    611
20210113170843264	  172  176   -228    -97    612
20210113170843397	  172  176   -228    -97    611
20210113170843531	  173  175   -227    -99    611
20210113170843664	  172  176   -228    -97    611
20210113170843831	  172  176   -227    -96    607
20210113170843964	  173  177   -226    -95    611
20210113170844097	  172  176   -227    -97    609
20210113170844231	  172  176   -227    -97    608
20210113170844364	  171  176   -229    -97    609
20210113170844531	  173  177   -226    -95    609
20210113170844664	  173  177   -226    -95    609
20210113170844798	  173  177   -225    -95    608
20210113170844931	  173  177   -226    -95    608
20210113170845098	  174  177   -224    -95    609
20210113170845231	  173  176   -226    -97    608
20210113170845364	  172  177   -227    -95    608
20210113170845498	  173  177   -225    -95    608
20210113170845664	  174  178   -224    -93    608
20210113170845798	  173  178   -225    -93    607
20210113170845931	  174  177   -224    -95    610
20210113170846065	  174  177   -224    -95    609
20210113170846198	  174  178   -224    -93    608
20210113170846365	  174  177   -224    -95    609
20210113170846498	  173  178   -225    -93    608
20210113170846631	  175  178   -223    -94    609
20210113170846765	  173  179   -225    -92    607
20210113170846932	  175  179   -222    -92    608
20210113170847065	  172  179   -227    -92    608
20210113170847198	  174  178   -224    -93    608
20210113170847332	  175  178   -222    -93    608
20210113170847498	  174  179   -223    -92    607
20210113170847632	  174  178   -224    -93    608
20210113170847765	  174  179   -223    -92    607
20210113170847932	  174  179   -224    -92    608
20210113170848065	  173  179   -225    -92    607
20210113170848198	  174  179   -223    -92    607
20210113170848332	  174  178   -224    -94    609
20210113170848465	  176  179   -221    -92    608
20210113170848632	  173  180   -225    -90    606
20210113170848765	  176  179   -220    -92    607
20210113170848899	  174  180   -223    -90    606
20210113170849032	  173  180   -225    -90    606
20210113170849199	  174  178   -224    -93    608
20210113170849332	  174  180   -223    -90    607
20210113170849465	  174  180   -223    -90    607
20210113170849599	  175  180   -222    -90    607
20210113170849732	  175  180   -222    -90    607
20210113170849899	  175  180   -222    -90    608
20210113170850032	  176  180   -221    -90    608
20210113170850166	  176  180   -221    -90    609
20210113170850299	  176  180   -221    -90    608
20210113170850466	  174  181   -224    -89    608
20210113170850599	  176  181   -220    -89    607
20210113170850732	  175  181   -222    -89    609
20210113170850866	  175  182   -223    -87    609
20210113170851033	  174  182   -224    -87    607
20210113170851166	  175  181   -222    -89    608
20210113170851299	  176  184   -221    -84    608
20210113170851433	  176  182   -221    -87    609
20210113170851599	  177  182   -219    -87    609
20210113170851733	  176  182   -221    -87    609
20210113170851866	  176  181   -220    -88    607
20210113170851999	  178  182   -218    -87    608
20210113170852133	  177  183   -219    -85    608
20210113170852299	  176  182   -220    -87    607
20210113170852433	  176  183   -221    -85    608
20210113170852566	  177  183   -219    -86    609
20210113170852700	  177  183   -219    -85    608
20210113170852866	  176  183   -221    -85    608
20210113170852933	  177  183   -219    -85    608
20210113170853133	  176  182   -221    -87    608
20210113170853266	  176  182   -220    -87    606
20210113170853433	  176  184   -220    -84    607
20210113170853566	  176  183   -221    -85    609
20210113170853700	  175  183   -222    -85    607
20210113170853833	  177  182   -219    -87    609
20210113170854000	  176  183   -220    -85    606
20210113170854133	  178  183   -218    -86    610
20210113170854267	  177  182   -220    -87    609
20210113170854400	  177  182   -219    -87    607
20210113170854567	  176  183   -220    -85    607
20210113170854700	  176  183   -220    -85    607
20210113170854833	  176  183   -221    -85    608
20210113170854967	  176  183   -221    -85    608
20210113170855100	  177  182   -220    -87    609
20210113170855267	  176  184   -221    -84    608
20210113170855400	  177  183   -219    -86    609
20210113170855534	  177  183   -219    -85    607
20210113170855667	  175  183   -222    -85    608
20210113170855834	  175  183   -223    -86    609
20210113170855967	  177  183   -219    -85    608
20210113170856100	  176  183   -220    -85    607
20210113170856234	  175  183   -222    -85    607
20210113170856367	  176  184   -220    -84    606
20210113170856534	  175  183   -222    -85    607
20210113170856667	  177  182   -219    -87    608
20210113170856801	  175  183   -222    -85    607
20210113170856934	  177  182   -219    -87    608
20210113170857067	  175  183   -222    -85    608
20210113170857234	  175  183   -222    -85    607
20210113170857367	  175  183   -222    -85    608
20210113170857501	  177  182   -219    -87    609
20210113170857634	  177  183   -219    -85    609
20210113170857801	  177  183   -219    -86    609
20210113170857934	  176  183   -220    -85    607
20210113170858068	  176  184   -220    -84    607
20210113170858134	  176  184   -220    -84    607
20210113170858301	  175  183   -222    -85    608
20210113170858468	  177  183   -219    -85    608
20210113170858634	  177  182   -219    -87    608
20210113170858734	  177  183   -220    -86    609
20210113170858934	  177  183   -219    -85    608
20210113170859068	  177  183   -219    -85    608
20210113170859201	  177  183   -219    -85    607
20210113170859335	  175  184   -222    -84    608
20210113170859468	  177  184   -219    -84    609
20210113170859635	  175  184   -223    -84    609
20210113170859768	  177  183   -220    -86    610
20210113170859901	  177  183   -220    -86    609
20210113170900035	  175  184   -222    -84    606
20210113170900201	  175  184   -222    -84    608
20210113170900335	  176  182   -221    -87    609
20210113170900468	  175  183   -222    -85    608
20210113170900602	  175  183   -222    -85    608
20210113170900735	  175  183   -222    -85    608
20210113170900902	  177  183   -219    -85    609
20210113170901035	  177  183   -219    -85    608
20210113170901168	  177  183   -219    -85    608
20210113170901335	  178  184   -218    -84    609
20210113170901468	  177  183   -219    -85    608
20210113170901602	  177  184   -219    -84    608
20210113170901769	  177  182   -220    -87    609
20210113170901835	  176  183   -221    -85    608
20210113170901935	  177  182   -220    -87    609
20210113170902169	  177  186   -219    -81    608
20210113170902269	  176  183   -221    -86    609
20210113170902402	  177  184   -219    -84    607
20210113170902602	  177  184   -219    -84    607
20210113170902735	  177  184   -219    -84    608
20210113170902902	  177  184   -219    -84    607
20210113170903036	  177  183   -220    -86    609
20210113170903169	  178  184   -217    -84    608
20210113170903336	  177  183   -219    -85    608
20210113170903469	  178  184   -218    -84    608
20210113170903602	  177  184   -220    -84    609
20210113170903769	  177  184   -219    -84    608
20210113170903902	  177  181   -220    -89    610
20210113170904036	  177  183   -219    -86    609
20210113170904203	  178  182   -218    -87    610
20210113170904336	  177  183   -219    -86    609
20210113170904469	  177  184   -219    -84    607
20210113170904636	  178  184   -217    -84    608
20210113170904769	  177  185   -219    -82    609
20210113170904903	  177  183   -219    -85    608
20210113170905036	  176  184   -220    -84    607
20210113170905203	  178  184   -217    -84    608
20210113170905336	  178  184   -218    -84    609
20210113170905469	  178  184   -217    -84    608
20210113170905636	  176  184   -221    -84    608
20210113170905770	  178  184   -217    -84    607
20210113170905903	  178  184   -217    -84    608
20210113170906036	  178  184   -218    -84    608
20210113170906203	  178  184   -217    -84    607
20210113170906336	  178  184   -218    -84    609
20210113170906503	  176  184   -221    -84    608
20210113170906636	  178  184   -217    -84    608
20210113170906803	  177  184   -220    -84    609
20210113170906936	  176  184   -220    -84    607
20210113170907070	  178  184   -218    -84    608
20210113170907237	  178  184   -218    -84    609
20210113170907370	  178  184   -217    -84    608
20210113170907503	  178  184   -218    -84    608
20210113170907670	  177  183   -219    -85    608
20210113170907803	  178  184   -217    -84    608
20210113170907970	  176  184   -221    -84    608
20210113170908103	  178  184   -218    -84    608
20210113170908237	  177  185   -219    -82    607
20210113170908370	  177  183   -219    -85    608
20210113170908537	  178  184   -218    -84    609
20210113170908670	  178  184   -218    -84    608
20210113170908837	  177  183   -220    -86    610
20210113170908970	  177  183   -219    -86    609
20210113170909137	  177  182   -220    -87    610
20210113170909270	  178  182   -218    -87    610
20210113170909437	  177  182   -219    -87    608
20210113170909604	  177  184   -219    -84    608
20210113170909737	  177  186   -219    -81    608
20210113170909904	  177  183   -219    -85    607
20210113170910071	  177  183   -219    -85    607
20210113170910204	  175  184   -222    -84    606
20210113170910337	  177  183   -219    -85    608
20210113170910504	  177  184   -218    -83    606
20210113170910671	  176  183   -220    -85    607
20210113170910804	  175  183   -222    -85    608
20210113170910971	  177  184   -219    -84    608
20210113170911104	  177  184   -219    -84    608
20210113170911271	  175  183   -222    -85    607
20210113170911438	  176  183   -220    -85    607
20210113170911571	  177  182   -219    -87    607
20210113170911738	  176  183   -220    -85    605
20210113170911904	  177  182   -219    -87    606
20210113170912038	  176  183   -220    -85    606
20210113170912204	  176  182   -220    -87    607
20210113170912371	  177  183   -219    -85    607
20210113170912505	  176  181   -221    -89    610
20210113170912671	  175  182   -222    -87    608
20210113170912838	  175  182   -222    -87    608
20210113170912971	  175  182   -222    -87    608
20210113170913138	  175  182   -222    -87    608
20210113170913271	  176  182   -221    -87    608
20210113170913438	  174  183   -223    -85    606
20210113170913538	  177  182   -219    -87    607
20210113170913738	  177  182   -219    -87    607
20210113170913905	  176  183   -220    -85    607
20210113170914072	  176  182   -221    -87    609
20210113170914205	  176  183   -221    -86    609
20210113170914372	  176  183   -221    -86    610
20210113170914538	  176  182   -221    -87    609
20210113170914705	  175  180   -223    -90    609
20210113170914838	  174  181   -223    -88    607
20210113170915005	  175  181   -222    -88    606
20210113170915172	  174  181   -223    -88    606
20210113170915305	  175  181   -222    -88    606
20210113170915472	  174  182   -223    -87    606
20210113170915639	  174  181   -223    -88    606
20210113170915772	  174  181   -223    -88    607
20210113170915939	  175  182   -222    -87    607
20210113170916105	  175  181   -223    -89    610
20210113170916239	  175  180   -222    -90    608
20210113170916406	  175  181   -223    -89    609
20210113170916572	  174  181   -224    -89    607
20210113170916706	  174  181   -223    -88    607
20210113170916872	  175  181   -222    -88    607
20210113170917039	  174  181   -223    -88    605
20210113170917206	  176  181   -220    -88    607
20210113170917339	  175  181   -222    -88    606
20210113170917506	  174  181   -223    -88    607
20210113170917673	  174  181   -224    -88    607
20210113170917806	  174  181   -224    -88    607
20210113170917973	  174  181   -224    -88    607
20210113170918106	  175  180   -222    -90    608
20210113170918273	  174  181   -223    -88    607
20210113170918439	  173  180   -225    -90    608
20210113170918606	  175  181   -222    -89    608
20210113170918739	  174  180   -224    -90    607
20210113170918906	  173  180   -225    -90    606
20210113170919073	  173  180   -225    -90    606
20210113170919206	  174  180   -223    -90    606
20210113170919373	  175  180   -222    -90    607
20210113170919540	  174  178   -224    -93    608
20210113170919673	  172  180   -226    -90    606
20210113170919840	  175  179   -223    -92    609
20210113170920006	  175  179   -222    -92    609
20210113170920140	  175  179   -222    -92    609
20210113170920307	  174  179   -224    -92    608
20210113170920473	  172  180   -226    -90    606
20210113170920640	  174  179   -223    -92    607
20210113170920773	  174  179   -223    -92    607
20210113170920940	  174  179   -223    -92    607
20210113170921107	  172  179   -227    -92    607
20210113170921240	  172  179   -227    -92    608
20210113170921407	  173  179   -226    -92    608
20210113170921574	  172  179   -227    -92    609
20210113170921707	  172  179   -227    -92    609
20210113170921874	  174  180   -224    -90    609
20210113170922040	  173  179   -226    -92    608
20210113170922207	  174  179   -224    -92    608
20210113170922340	  172  179   -227    -92    608
20210113170922507	  172  179   -226    -91    606
20210113170922674	  173  178   -225    -93    608
20210113170922841	  172  179   -226    -91    606
20210113170922974	  173  177   -226    -95    608
20210113170923141	  173  178   -225    -93    607
20210113170923274	  171  178   -229    -93    608
20210113170923441	  172  178   -227    -93    608
20210113170923607	  173  178   -226    -93    609
20210113170923741	  173  178   -226    -94    609
20210113170923907	  173  178   -226    -93    609
20210113170924074	  173  178   -226    -93    608
20210113170924241	  173  178   -225    -93    608
20210113170924374	  174  177   -224    -95    608
20210113170924541	  172  177   -227    -95    607
20210113170924708	  173  177   -226    -95    609
20210113170924841	  173  177   -226    -95    609
20210113170925008	  171  176   -228    -96    607
20210113170925174	  170  178   -231    -94    610
20210113170925308	  172  177   -228    -95    610
20210113170925474	  172  178   -227    -93    609
20210113170925641	  170  178   -231    -94    609
20210113170925775	  172  177   -228    -95    610
20210113170925941	  172  177   -227    -95    609
20210113170926108	  170  176   -230    -97    609
20210113170926241	  171  176   -228    -96    608
20210113170926408	  172  175   -228    -98    610
20210113170926575	  172  175   -228    -98    610
20210113170926708	  172  175   -228    -99    610
20210113170926875	  172  177   -227    -95    609
20210113170927042	  171  176   -229    -97    610
20210113170927175	  171  177   -229    -95    610
20210113170927342	  171  176   -229    -97    609
20210113170927508	  172  177   -228    -96    612
20210113170927675	  172  175   -228    -99    610
20210113170927808	  171  175   -229    -99    610
20210113170927975	  171  176   -230    -97    612
20210113170928142	  171  176   -230    -97    611
20210113170928275	  171  175   -230    -99    611
20210113170928442	  171  175   -229    -99    610
20210113170928609	  171  176   -230    -97    611
20210113170928775	  172  176   -228    -97    611
20210113170928909	  172  175   -228    -99    610
20210113170929075	  172  175   -228    -99    611
20210113170929242	  170  177   -231    -95    611
20210113170929342	  171  175   -230    -99    611
20210113170929409	  170  176   -230    -97    608
20210113170929542	  171  174   -229   -100    610
20210113170929576	  169  175   -232    -98    609
20210113170929676	  172  175   -228    -99    611
20210113170929709	  172  175   -228    -99    611
20210113170929709	  170  175   -231    -98    609
20210113170929909	  170  174   -231   -100    609
20210113170929942	  169  174   -232   -100    608
20210113170929976	  169  175   -232    -98    609
20210113170930276	  169  174   -232   -100    609
20210113170930576	  170  175   -231    -99    610
20210113170930809	  171  174   -230   -100    611
20210113170931009	  170  175   -231    -98    610
20210113170931209	  169  175   -232    -98    610
20210113170931209	  169  174   -232   -100    610
20210113170931376	  170  173   -230   -101    609
20210113170931576	  170  174   -230   -100    608
20210113170931809	  171  173   -229   -102    609
20210113170932110	  168  174   -234   -100    609
20210113170932376	  170  174   -231   -100    612
20210113170932643	  170  174   -231   -100    611
20210113170932910	  168  174   -234   -100    609
20210113170933110	  169  173   -232   -101    608
20210113170933276	  170  172   -230   -103    609
20210113170933410	  170  172   -230   -103    609
20210113170933577	  170  172   -230   -103    608
20210113170933743	  168  173   -233   -101    607
20210113170933877	  169  173   -232   -101    608
20210113170934043	  168  173   -233   -101    608
20210113170934210	  168  173   -234   -101    609
20210113170934343	  169  173   -232   -101    608
20210113170934510	  170  172   -231   -103    610
20210113170934677	  170  172   -231   -103    611
20210113170934777	  168  172   -233   -103    608
20210113170934910	  168  171   -233   -105    608
20210113170935077	  170  171   -230   -105    609
20210113170935277	  170  172   -230   -103    608
20210113170935444	  168  171   -233   -104    606
20210113170935610	  170  172   -231   -103    609
20210113170935777	  169  171   -232   -104    608
20210113170935911	  169  171   -232   -105    609
20210113170936077	  169  172   -232   -103    608
20210113170936244	  168  173   -233   -101    608
20210113170936377	  166  172   -236   -103    606
20210113170936544	  168  171   -233   -104    607
20210113170936711	  167  171   -234   -104    607
20210113170936877	  167  171   -234   -104    607
20210113170937011	  168  171   -233   -104    608
20210113170937178	  166  171   -236   -104    606
20210113170937344	  168  170   -233   -106    608
20210113170937511	  167  171   -235   -104    607
20210113170937644	  166  171   -236   -104    606
20210113170937811	  168  171   -233   -104    608
20210113170937978	  169  169   -232   -108    609
20210113170938145	  168  170   -234   -106    609
20210113170938278	  167  170   -235   -106    607
20210113170938445	  168  169   -233   -108    608
20210113170938611	  167  170   -235   -106    608
20210113170938745	  167  169   -235   -108    608
20210113170938911	  165  169   -237   -107    607
20210113170939078	  166  169   -236   -107    607
20210113170939211	  167  169   -234   -107    607
20210113170939345	  167  169   -234   -107    607
20210113170939512	  165  169   -237   -107    606
20210113170939678	  165  169   -237   -107    606
20210113170939845	  165  169   -238   -108    608
20210113170940012	  167  168   -235   -109    608
20210113170940178	  165  168   -238   -109    608
20210113170940345	  165  168   -237   -109    606
20210113170940512	  165  168   -238   -109    607
20210113170940645	  166  167   -236   -111    608
20210113170940778	  164  168   -239   -109    606
20210113170940945	  165  168   -238   -109    607
20210113170941112	  166  168   -236   -109    606
20210113170941279	  164  168   -239   -109    607
20210113170941445	  164  168   -239   -109    606
20210113170941579	  164  168   -239   -109    607
20210113170941745	  164  167   -238   -110    605
20210113170941912	  165  167   -237   -110    606
20210113170942079	  166  166   -236   -112    608
20210113170942212	  166  166   -236   -112    607
20210113170942379	  166  166   -236   -112    607
20210113170942546	  166  166   -237   -113    608
20210113170942679	  165  167   -237   -110    606
20210113170942846	  166  166   -236   -112    606
20210113170943012	  166  166   -236   -112    607
20210113170943146	  166  166   -236   -112    608
20210113170943312	  165  165   -238   -114    607
20210113170943479	  164  166   -239   -112    608
20210113170943612	  166  165   -237   -114    610
20210113170943779	  163  165   -241   -114    607
20210113170943946	  163  165   -240   -114    606
20210113170944079	  165  164   -238   -115    607
20210113170944246	  164  165   -239   -114    606
20210113170944413	  162  165   -241   -113    605
20210113170944579	  164  164   -239   -115    607
20210113170944713	  164  164   -239   -115    607
20210113170944879	  164  164   -239   -115    607
20210113170945046	  165  164   -238   -116    608
20210113170945179	  162  164   -242   -115    606
20210113170945346	  164  163   -239   -117    607
20210113170945513	  164  164   -239   -115    606
20210113170945680	  164  163   -239   -117    607
20210113170945846	  161  163   -243   -117    606
20210113170945980	  162  163   -242   -117    607
20210113170946146	  163  163   -240   -117    606
20210113170946313	  164  163   -240   -117    608
20210113170946446	  164  163   -240   -117    608
20210113170946646	  163  163   -241   -117    608
20210113170946780	  161  163   -244   -117    608
20210113170946947	  162  162   -242   -119    607
20210113170947113	  164  161   -240   -120    609
20210113170947247	  162  163   -242   -117    608
20210113170947413	  162  162   -243   -119    608
20210113170947580	  163  161   -241   -120    608
20210113170947747	  162  161   -243   -120    608
20210113170947880	  162  161   -242   -120    607
20210113170948047	  163  161   -241   -120    607
20210113170948213	  161  161   -244   -120    608
20210113170948347	  162  160   -243   -122    608
20210113170948514	  161  161   -244   -120    608
20210113170948680	  163  162   -242   -119    609
20210113170948847	  161  161   -244   -120    607
20210113170948980	  161  161   -244   -120    607
20210113170949147	  161  161   -244   -120    607
20210113170949314	  161  162   -244   -119    608
20210113170949447	  162  161   -243   -120    608
20210113170949614	  160  161   -245   -120    607
20210113170949781	  160  161   -246   -120    608
20210113170949947	  162  160   -243   -122    610
20210113170950114	  162  160   -243   -122    608
20210113170950247	  162  160   -243   -122    610
20210113170950414	  160  160   -246   -122    608
20210113170950581	  162  160   -243   -122    609
20210113170950714	  162  161   -243   -121    609
20210113170950881	  160  160   -246   -122    608
20210113170951048	  163  160   -242   -122    609
20210113170951214	  163  160   -241   -122    609
20210113170951381	  161  160   -244   -122    609
20210113170951514	  163  160   -241   -122    608
20210113170951681	  161  160   -244   -122    608
20210113170951848	  163  159   -242   -124    609
20210113170952014	  161  160   -245   -122    609
20210113170952181	  163  159   -242   -124    609
20210113170952348	  163  159   -242   -124    610
20210113170952481	  163  159   -242   -124    610
20210113170952648	  163  159   -242   -124    610
20210113170952815	  163  159   -242   -124    609
20210113170952981	  161  159   -244   -124    608
20210113170953148	  162  160   -243   -122    608
20210113170953315	  162  160   -243   -122    608
20210113170953482	  164  159   -240   -124    609
20210113170953648	  162  158   -243   -125    610
20210113170953815	  164  159   -241   -124    611
20210113170953948	  161  159   -245   -124    610
20210113170954115	  161  159   -245   -124    609
20210113170954248	  161  159   -245   -124    609
20210113170954448	  163  158   -241   -125    609
20210113170954615	  162  159   -243   -124    609
20210113170954782	  161  158   -245   -125    610
20210113170954949	  160  158   -246   -125    609
20210113170955115	  160  158   -246   -125    608
20210113170955282	  162  157   -243   -127    609
20210113170955449	  162  157   -243   -127    609
20210113170955615	  162  157   -243   -127    609
20210113170955749	  161  157   -245   -126    609
20210113170955949	  161  157   -245   -127    610
20210113170956082	  161  157   -245   -127    609
20210113170956249	  162  156   -244   -129    611
20210113170956449	  161  156   -245   -129    610
20210113170956616	  160  157   -246   -127    609
20210113170956782	  160  156   -246   -129    609
20210113170956949	  161  155   -245   -130    610
20210113170957116	  161  155   -245   -130    610
20210113170957282	  160  155   -246   -130    609
20210113170957449	  160  156   -247   -129    611
20210113170957616	  160  156   -246   -129    610
20210113170957783	  159  155   -248   -130    609
20210113170957949	  160  154   -247   -132    611
20210113170958116	  159  154   -248   -132    610
20210113170958283	  158  154   -249   -132    609
20210113170958449	  159  154   -248   -132    609
20210113170958616	  159  154   -248   -132    609
20210113170958783	  159  154   -248   -132    609
20210113170958883	  159  154   -248   -132    609
20210113170958983	  160  153   -246   -133    610
20210113170959216	  157  154   -251   -132    608
20210113170959450	  157  153   -251   -133    609
20210113170959616	  158  153   -249   -133    609
20210113170959783	  158  153   -249   -133    609
20210113170959983	  158  153   -249   -133    609
20210113171000150	  158  152   -249   -135    609
20210113171000483	  157  152   -251   -135    610
20210113171000650	  157  152   -251   -135    609
20210113171000750	  156  152   -252   -135    609
20210113171000950	  158  152   -250   -135    610
20210113171001184	  156  151   -253   -137    610
20210113171001350	  157  150   -251   -138    609
20210113171001517	  158  150   -250   -138    611
20210113171001717	  158  150   -250   -138    610
20210113171001884	  156  150   -253   -138    610
20210113171002050	  156  150   -253   -138    610
20210113171002217	  158  150   -250   -138    611
20210113171002384	  158  150   -250   -139    612
20210113171002551	  155  149   -255   -140    610
20210113171002717	  155  149   -254   -140    610
20210113171002917	  156  150   -253   -138    611
20210113171003084	  158  149   -250   -140    611
20210113171003251	  157  148   -252   -142    611
20210113171003417	  157  148   -251   -141    610
20210113171003584	  156  148   -253   -142    611
20210113171003784	  157  148   -251   -142    611
20210113171003918	  156  148   -253   -141    610
20210113171004118	  156  148   -252   -141    609
20210113171004284	  157  147   -252   -143    612
20210113171004451	  154  147   -256   -143    609
20210113171004618	  154  147   -256   -143    610
20210113171004784	  155  147   -254   -143    609
20210113171004951	  156  146   -253   -145    611
20210113171005118	  155  146   -255   -145    610
20210113171005351	  155  147   -254   -143    608
20210113171005518	  154  146   -256   -144    609
20210113171005685	  155  145   -254   -146    609
20210113171005851	  156  145   -253   -146    611
20210113171006018	  153  146   -257   -144    610
20210113171006218	  153  145   -257   -146    609
20210113171006385	  154  145   -255   -146    609
20210113171006552	  154  145   -256   -146    610
20210113171006718	  155  144   -255   -148    611
20210113171006885	  154  144   -256   -148    609
20210113171007085	  152  145   -258   -146    609
20210113171007252	  153  144   -257   -148    609
20210113171007418	  152  144   -259   -148    610
20210113171007585	  154  142   -256   -151    611
20210113171007752	  152  143   -259   -149    610
20210113171007919	  152  143   -259   -149    610
20210113171008119	  153  143   -258   -150    612
20210113171008285	  155  143   -255   -150    612
20210113171008452	  153  142   -258   -151    612
20210113171008619	  153  142   -258   -151    612
20210113171008785	  154  143   -257   -150    613
20210113171008985	  152  143   -260   -150    612
20210113171009152	  151  142   -261   -151    611
20210113171009319	  151  141   -261   -153    612
20210113171009486	  152  142   -260   -151    612
20210113171009652	  151  141   -261   -153    610
20210113171009852	  152  141   -260   -153    612
20210113171010019	  153  141   -258   -153    612
20210113171010186	  150  141   -263   -153    612
20210113171010352	  153  140   -259   -155    613
20210113171010519	  152  140   -260   -155    613
20210113171010686	  152  140   -260   -155    613
20210113171010886	  153  139   -259   -157    614
20210113171011053	  150  139   -263   -156    611
20210113171011219	  150  139   -263   -156    611
20210113171011386	  150  139   -263   -156    612
20210113171011553	  152  138   -260   -158    612
20210113171011719	  149  139   -264   -156    612
20210113171011920	  152  139   -261   -157    614
20210113171012086	  149  139   -264   -156    611
20210113171012253	  150  138   -263   -158    611
20210113171012420	  150  137   -262   -159    610
20210113171012586	  151  137   -262   -160    612
20210113171012753	  149  137   -265   -159    612
20210113171012953	  149  137   -264   -159    612
20210113171013120	  149  137   -264   -159    612
20210113171013287	  151  136   -262   -161    613
20210113171013453	  150  136   -263   -161    612
20210113171013620	  148  137   -266   -159    612
20210113171013787	  150  136   -264   -161    614
20210113171013987	  151  136   -262   -161    613
20210113171014153	  149  136   -265   -161    613
20210113171014320	  150  134   -264   -165    614
20210113171014487	  148  135   -266   -163    613
20210113171014654	  148  135   -266   -163    613
20210113171014787	  149  135   -265   -163    613
20210113171015020	  149  134   -265   -164    612
20210113171015187	  150  134   -264   -165    614
20210113171015354	  147  135   -268   -163    613
20210113171015520	  149  134   -265   -165    613
20210113171015687	  148  134   -267   -165    613
20210113171015854	  147  134   -268   -165    614
20210113171016054	  150  133   -264   -167    615
20210113171016221	  150  133   -264   -167    615
20210113171016387	  149  133   -266   -166    614
20210113171016554	  148  133   -267   -167    615
20210113171016721	  147  132   -268   -168    613
20210113171016921	  149  132   -266   -168    614
20210113171017087	  148  132   -267   -168    615
20210113171017254	  148  132   -267   -168    613
20210113171017421	  148  132   -267   -168    613
20210113171017588	  149  132   -265   -168    614
20210113171017788	  146  131   -270   -170    614
20210113171017954	  148  131   -268   -170    616
20210113171018121	  147  131   -269   -170    614
20210113171018288	  148  130   -268   -172    616
20210113171018454	  146  130   -270   -171    614
20210113171018621	  148  130   -268   -172    616
20210113171018821	  148  130   -268   -172    617
20210113171018988	  147  131   -270   -170    616
20210113171019155	  147  129   -270   -173    616
20210113171019321	  146  129   -270   -173    614
20210113171019488	  146  130   -271   -171    615
20210113171019588	  145  131   -271   -169    613
20210113171019655	  147  129   -269   -173    615
20210113171019721	  146  129   -270   -172    613
20210113171019822	  146  130   -270   -171    614
20210113171019955	  146  130   -271   -172    615
20210113171020055	  145  128   -271   -174    613
20210113171020122	  148  129   -268   -173    616
20210113171020122	  148  128   -268   -175    616
20210113171020188	  145  128   -271   -174    613
20210113171020488	  146  127   -270   -176    614
20210113171020788	  147  128   -269   -175    615
20210113171021089	  146  127   -270   -176    614
20210113171021355	  147  127   -269   -176    615
20210113171021689	  145  128   -272   -174    614
20210113171021889	  147  126   -269   -178    615
20210113171022055	  144  126   -274   -178    615
20210113171022122	  147  126   -269   -178    616
20210113171022189	  147  126   -269   -178    615
20210113171022322	  144  126   -274   -178    615
20210113171022422	  145  126   -272   -178    614
20210113171022689	  143  126   -275   -178    614
20210113171022989	  145  126   -272   -178    615
20210113171023256	  145  125   -272   -179    615
20210113171023556	  143  125   -276   -180    616
20210113171023889	  143  124   -275   -181    614
20210113171024223	  145  123   -272   -183    615
20210113171024356	  144  124   -275   -182    618
20210113171024623	  143  123   -275   -183    615
20210113171024923	  144  124   -275   -182    617
20210113171025056	  144  123   -274   -183    615
20210113171025223	  144  122   -274   -185    616
20210113171025456	  143  122   -276   -185    616
20210113171025590	  145  122   -274   -185    618
20210113171025823	  143  122   -276   -184    616
20210113171025990	  143  122   -276   -185    616
20210113171026156	  142  122   -277   -184    616
20210113171026323	  145  121   -273   -187    618
20210113171026490	  142  121   -277   -186    616
20210113171026657	  142  121   -277   -186    615
20210113171026823	  143  121   -276   -187    617
20210113171027023	  144  120   -275   -188    617
20210113171027190	  144  120   -275   -188    618
20210113171027357	  144  120   -275   -188    617
20210113171027523	  144  120   -275   -188    618
20210113171027690	  142  120   -278   -188    617
20210113171027857	  141  120   -279   -188    616
20210113171028190	  141  119   -279   -189    616
20210113171028357	  143  119   -276   -190    617
20210113171028557	  142  119   -278   -190    617
20210113171028724	  143  118   -277   -192    618
20210113171028924	  142  119   -278   -190    617
20210113171028957	  143  119   -277   -190    618
20210113171029057	  143  119   -276   -190    618
20210113171029224	  141  119   -280   -189    617
20210113171029324	  143  118   -276   -191    617
20210113171029491	  141  118   -280   -191    618
20210113171029824	  141  116   -279   -194    617
20210113171030124	  142  117   -278   -193    617
20210113171030291	  140  117   -282   -193    618
20210113171030458	  141  117   -280   -193    617
20210113171030624	  141  117   -280   -193    619
20210113171030691	  141  118   -280   -191    618
20210113171030691	  143  117   -277   -193    619
20210113171030824	  140  116   -281   -195    618
20210113171030891	  143  116   -278   -195    620
20210113171030958	  143  116   -277   -195    619
20210113171030958	  140  116   -281   -195    618
20210113171031058	  140  116   -281   -195    618
20210113171031091	  140  116   -281   -194    617
20210113171031158	  140  116   -281   -195    618
20210113171031224	  141  115   -280   -197    618
20210113171031224	  140  116   -281   -195    618
20210113171031224	  141  115   -280   -197    618
20210113171031224	  140  116   -281   -195    618
20210113171031424	  140  116   -281   -195    618
20210113171031558	  142  115   -278   -196    618
20210113171031691	  142  116   -279   -195    619
20210113171031891	  143  116   -278   -195    620
20210113171031991	  142  115   -279   -197    620
20210113171032325	  140  115   -282   -197    619
20210113171032525	  141  114   -280   -198    619
20210113171032858	  141  114   -281   -199    620
20210113171033125	  141  114   -281   -199    620
20210113171033425	  141  113   -281   -200    620
20210113171033725	  138  114   -285   -198    619
20210113171034025	  139  113   -283   -200    619
20210113171034325	  140  113   -282   -200    619
20210113171034525	  141  113   -280   -200    619
20210113171034825	  141  113   -281   -200    620
20210113171035125	  140  112   -281   -201    618
20210113171035292	  140  113   -282   -200    620
20210113171035292	  139  112   -284   -202    620
20210113171035459	  139  111   -284   -203    619
20210113171035525	  139  113   -284   -200    620
20210113171035659	  140  111   -282   -203    620
20210113171035926	  138  111   -285   -203    619
20210113171035992	  138  111   -285   -203    619
20210113171036159	  139  111   -283   -203    618
20210113171036326	  139  111   -284   -203    619
20210113171036626	  138  110   -285   -205    619
20210113171036893	  138  110   -286   -205    620
20210113171037159	  138  110   -286   -205    621
20210113171037459	  139  110   -284   -205    621
20210113171037759	  139  109   -284   -207    620
20210113171038059	  139  109   -284   -207    621
20210113171038360	  138  109   -286   -207    620
20210113171038660	  137  109   -287   -207    621
20210113171038960	  139  108   -285   -209    622
20210113171039293	  138  108   -286   -209    622
20210113171039593	  139  107   -285   -211    622
20210113171039893	  137  107   -288   -211    622
20210113171040160	  137  107   -287   -210    621
20210113171040427	  139  107   -285   -211    623
20210113171040627	  139  107   -285   -211    622
20210113171040793	  139  106   -285   -212    622
20210113171040960	  138  106   -286   -212    622
20210113171041127	  137  106   -288   -212    622
20210113171041327	  137  106   -288   -212    622
20210113171041494	  138  106   -286   -212    622
20210113171041694	  137  107   -288   -210    621
20210113171041860	  137  107   -288   -211    622
20210113171042061	  136  106   -289   -212    621
20210113171042227	  136  105   -289   -213    621
20210113171042427	  137  105   -288   -214    621
20210113171042594	  137  105   -288   -214    621
20210113171042794	  137  105   -288   -214    621
20210113171042961	  136  104   -289   -215    621
20210113171042961	  136  105   -289   -214    621
20210113171043194	  136  105   -290   -214    623
20210113171043294	  136  104   -289   -215    621
20210113171043394	  138  104   -288   -216    625
20210113171043494	  138  104   -287   -216    624
20210113171043594	  138  104   -287   -216    624
20210113171043728	  135  104   -291   -215    622
20210113171043894	  135  104   -291   -216    622
20210113171044161	  137  103   -289   -218    624
20210113171044494	  135  103   -292   -218    624
20210113171044761	  135  104   -291   -216    622
20210113171044928	  137  103   -289   -218    623
20210113171045228	  135  104   -292   -216    623
20210113171045495	  136  103   -290   -217    623
20210113171045661	  137  102   -289   -219    624
20210113171045861	  137  103   -289   -218    624
20210113171046028	  137  103   -289   -218    624
20210113171046195	  136  103   -291   -218    624
20210113171046395	  137  103   -289   -218    625
20210113171046562	  137  103   -289   -218    625
20210113171046762	  138  103   -287   -218    624
20210113171046928	  138  103   -288   -218    626
20210113171047128	  136  102   -290   -219    623
20210113171047295	  136  102   -291   -219    624
20210113171047462	  136  102   -291   -220    625
20210113171047662	  137  101   -289   -221    624
20210113171047829	  136  102   -291   -220    625
20210113171048029	  136  102   -291   -220    625
20210113171048195	  135  101   -292   -221    624
20210113171048362	  135  101   -293   -221    625
20210113171048562	  135  101   -293   -222    626
20210113171048762	  137  102   -290   -220    625
20210113171048929	  137  100   -290   -223    626
20210113171049096	  136  101   -291   -222    626
20210113171049296	  137  101   -290   -222    627
20210113171049462	  136  101   -291   -222    626
20210113171049596	  136  101   -291   -222    626
20210113171049729	  135  101   -293   -221    625
20210113171049796	  137   98   -290   -227    626
20210113171050062	  137   99   -290   -225    627
20210113171050329	  136  100   -291   -223    626
20210113171050496	  136  100   -292   -224    627
20210113171050696	  136  100   -292   -224    628
20210113171050896	  135  101   -293   -222    625
20210113171051096	  135   99   -293   -225    626
20210113171051263	  135   98   -293   -227    627
20210113171051429	  135   99   -293   -225    626
20210113171051596	  135   99   -293   -225    626
20210113171051796	  135   99   -293   -225    626
20210113171051996	  135   99   -294   -225    627
20210113171052163	  135   99   -293   -225    627
20210113171052363	  135   99   -294   -225    627
20210113171052530	  135   99   -293   -225    627
20210113171052730	  135   99   -294   -226    628
20210113171052930	  134   99   -295   -225    627
20210113171053097	  136   99   -292   -225    627
20210113171053297	  135   98   -293   -227    626
20210113171053463	  136   99   -292   -226    628
20210113171053663	  135   99   -294   -225    627
20210113171053864	  136   98   -292   -227    627
20210113171054030	  136   99   -292   -225    627
20210113171054230	  135   99   -294   -225    627
20210113171054430	  136   98   -292   -227    627
20210113171054597	  134   99   -295   -225    626
20210113171054764	  135   99   -294   -226    628
20210113171054964	  135   99   -294   -226    628
20210113171055164	  134   99   -295   -225    627
20210113171055364	  136   98   -292   -227    626
20210113171055397	  135   98   -293   -227    627
20210113171055631	  134   98   -294   -226    625
20210113171055931	  134   99   -295   -226    628
20210113171056097	  134   98   -295   -227    628
20210113171056264	  134   98   -295   -227    627
20210113171056464	  134   98   -295   -227    626
20210113171056664	  135   98   -293   -227    627
20210113171056864	  135   98   -293   -227    626
20210113171057031	  134   98   -295   -227    627
20210113171057231	  135   99   -294   -226    629
20210113171057398	  134   98   -295   -227    627
20210113171057598	  134   98   -295   -227    628
20210113171057764	  134   98   -295   -227    626
20210113171057965	  135   98   -294   -227    627
20210113171058165	  134   97   -295   -228    626
20210113171058331	  136   98   -293   -227    628
20210113171058531	  137   97   -291   -229    628
20210113171058698	  135   98   -294   -227    627
20210113171058731	  135   98   -294   -227    628
20210113171058865	  135   98   -294   -227    628
20210113171059098	  136   97   -292   -229    627
20210113171059398	  135   98   -294   -227    627
20210113171059632	  135   98   -294   -227    627
20210113171059832	  135   97   -293   -228    626
20210113171059965	  135   98   -294   -227    628
20210113171100065	  136   97   -292   -229    627
20210113171100265	  135   98   -293   -227    627
20210113171100565	  134   98   -296   -227    628
20210113171100732	  136   96   -292   -230    626
20210113171100799	  134   97   -295   -228    626
20210113171101132	  134   97   -295   -228    626
20210113171101299	  134   97   -295   -228    626
20210113171101465	  135   97   -294   -229    627
20210113171101565	  134   96   -295   -230    626
20210113171101665	  133   97   -297   -229    627
20210113171101732	  135   96   -293   -230    627
20210113171101999	  136   96   -293   -231    628
20210113171102132	  133   95   -296   -231    626
20210113171102466	  135   95   -294   -232    627
20210113171102766	  134   95   -295   -232    627
20210113171103032	  135   95   -294   -232    627
20210113171103199	  136   94   -292   -234    627
20210113171103366	  135   95   -293   -232    627
20210113171103566	  133   94   -297   -234    627
20210113171103766	  133   93   -297   -235    627
20210113171103966	  133   94   -297   -234    627
20210113171104133	  133   94   -297   -233    627
20210113171104233	  134   93   -296   -236    629
20210113171104533	  135   94   -295   -234    629
20210113171104666	  134   93   -296   -236    629
20210113171104900	  134   93   -296   -236    628
20210113171105066	  136   93   -293   -236    629
20210113171105266	  134   94   -296   -234    628
20210113171105433	  134   94   -295   -234    628
20210113171105633	  136   93   -292   -236    628
20210113171105833	  135   95   -293   -232    627
20210113171106000	  135   95   -293   -232    626
20210113171106200	  135   95   -294   -232    627
20210113171106567	  135   95   -294   -232    628
20210113171106767	  136   93   -292   -235    627
20210113171106933	  135   96   -294   -231    629
20210113171107133	  134   96   -295   -230    627
20210113171107300	  136   95   -292   -232    628
20210113171107500	  134   96   -295   -230    627
20210113171107667	  134   96   -295   -230    626
20210113171107867	  134   96   -295   -230    627
20210113171108067	  135   95   -294   -232    627
20210113171108234	  135   95   -293   -232    626
20210113171108434	  135   95   -293   -232    627
20210113171108601	  135   96   -293   -230    626
20210113171108801	  135   95   -293   -232    627
20210113171108967	  135   96   -294   -231    628
20210113171109167	  134   96   -295   -230    626
20210113171109334	  134   96   -295   -230    626
20210113171109534	  135   95   -294   -232    627
20210113171109734	  135   96   -294   -231    628
20210113171109901	  134   96   -295   -230    627
20210113171110101	  135   95   -293   -232    627
20210113171110268	  135   95   -293   -232    626
20210113171110468	  135   95   -293   -232    627
20210113171110668	  135   95   -293   -231    626
20210113171110834	  135   95   -294   -232    627
20210113171111034	  133   95   -296   -231    626
20210113171111201	  133   95   -296   -231    626
20210113171111401	  136   95   -292   -232    628
20210113171111601	  136   95   -292   -232    628
20210113171111768	  135   95   -293   -232    627
20210113171111968	  133   95   -296   -232    626
20210113171112135	  133   95   -296   -231    625
20210113171112335	  133   95   -296   -231    626
20210113171112535	  133   95   -297   -232    627
20210113171112702	  133   95   -296   -231    626
20210113171112902	  133   95   -296   -231    626
20210113171113068	  134   96   -296   -231    628
20210113171113268	  133   95   -297   -232    627
20210113171113468	  135   95   -293   -232    627
20210113171113635	  133   95   -296   -232    626
20210113171113835	  135   95   -293   -232    627
20210113171113935	  133   95   -297   -232    627
