20210113170643460	  179   73   -383   -463   1081
20210113170643597	  180   73   -234   -286    669
20210113170643698	  179   72   -394   -479   1112
20210113170644063	  180   72   -317   -389    903
20210113170644096	  180   72   -234   -287    668
20210113170644129	  178   72   -328   -397    923
20210113170644162	  178   72   -237   -287    666
20210113170644293	  181   73   -233   -286    669
20210113170644784	  180   71   -234   -289    668
20210113170644882	  180   71   -469   -577   1334
20210113170644948	  180   71   -234   -289    667
20210113170645013	  180   71   -306   -377    871
20210113170645110	  179   72   -309   -376    874
20210113170645175	  178   73   -331   -399    931
20210113170645272	  180   72   -313   -385    894
20210113170645336	  180   71   -321   -397    915
20210113170645400	  180   71   -235   -289    669
20210113170645497	  178   72   -238   -287    668
20210113170645561	  178   72   -238   -287    667
20210113170645625	  178   72   -238   -287    667
20210113170645725	  178   72   -238   -287    667
20210113170645792	  177   71   -239   -288    666
20210113170645858	  178   72   -406   -488   1136
20210113170645958	  181   71   -233   -289    668
20210113170646025	  180   73   -327   -400    932
20210113170646125	  180   73   -234   -285    667
20210113170646191	  180   72   -235   -288    668
20210113170646291	  180   72   -235   -288    668
20210113170646358	  180   72   -235   -288    668
20210113170646425	  178   72   -238   -287    667
20210113170646525	  178   72   -238   -287    667
20210113170646592	  177   71   -239   -288    666
20210113170646692	  180   72   -234   -287    667
20210113170646758	  177   71   -239   -288    665
20210113170646825	  180   72   -234   -287    667
20210113170646925	  178   72   -237   -287    666
20210113170646991	  180   72   -235   -287    668
20210113170647091	  178   72   -238   -287    667
20210113170647158	  180   72   -445   -545   1269
20210113170647257	  178   72   -238   -287    667
20210113170647324	  179   72   -315   -382    890
20210113170647424	  178   72   -237   -287    666
20210113170647490	  177   71   -239   -289    667
20210113170647590	  178   72   -238   -287    667
20210113170647690	  179   72   -236   -288    668
20210113170647757	  180   72   -331   -408    946
20210113170647857	  178   72   -238   -287    667
20210113170647924	  180   72   -390   -476   1109
20210113170648024	  181   71   -233   -289    668
20210113170648124	  179   71   -236   -289    667
20210113170648191	  180   72   -330   -406    943
20210113170648291	  181   71   -400   -497   1149
20210113170648391	  180   73   -235   -286    668
20210113170648458	  179   71   -236   -289    668
20210113170648559	  180   72   -387   -477   1106
20210113170648626	  180   73   -234   -286    668
20210113170648726	  179   71   -236   -289    668
20210113170648827	  178   72   -238   -287    667
20210113170648928	  179   71   -236   -289    668
20210113170648995	  180   72   -235   -288    668
20210113170649063	  181   71   -233   -290    669
20210113170649130	  178   72   -238   -287    667
20210113170649400	  180   72   -346   -426    987
20210113170649467	  180   74   -235   -285    668
20210113170649535	  180   71   -235   -289    668
20210113170649602	  180   73   -317   -386    904
20210113170649669	  178   72   -237   -287    666
20210113170649702	  178   72   -238   -287    667
20210113170649735	  178   72   -237   -287    666
20210113170649769	  179   72   -236   -287    667
20210113170649835	  178   72   -331   -402    932
20210113170649869	  181   71   -303   -376    870
20210113170649902	  179   72   -236   -287    667
20210113170649935	  181   71   -233   -290    669
20210113170650035	  178   72   -238   -287    667
20210113170650202	  180   72   -462   -565   1313
20210113170650402	  179   71   -236   -289    668
20210113170650569	  180   73   -235   -286    670
20210113170650669	  178   72   -238   -288    668
20210113170650936	  180   72   -235   -288    668
20210113170651069	  178   72   -238   -287    667
20210113170651169	  180   72   -235   -287    668
20210113170651236	  180   73   -234   -286    669
20210113170651336	  179   73   -236   -286    668
20210113170651436	  180   73   -235   -286    669
20210113170651536	  178   72   -238   -287    668
20210113170651569	  180   72   -401   -492   1140
20210113170651702	  180   72   -234   -288    668
20210113170651802	  180   71   -234   -289    667
20210113170651902	  178   72   -238   -287    667
20210113170651969	  178   72   -555   -671   1555
20210113170652069	  180   73   -475   -581   1358
20210113170652136	  178   72   -238   -287    667
20210113170652269	  181   73   -233   -286    669
20210113170652369	  181   71   -308   -381    882
20210113170652469	  178   72   -327   -394    915
20210113170652636	  180   72   -379   -465   1078
20210113170652736	  181   72   -382   -472   1095
20210113170652836	  180   72   -235   -288    668
20210113170652936	  180   73   -235   -286    668
20210113170653103	  178   72   -409   -496   1150
20210113170653136	  178   72   -238   -287    667
20210113170653236	  178   72   -238   -287    667
20210113170653269	  178   72   -238   -287    667
20210113170653303	  179   72   -236   -287    667
20210113170653369	  178   72   -237   -287    666
20210113170653470	  179   73   -413   -500   1166
20210113170653503	  178   72   -413   -500   1158
20210113170653603	  180   70   -235   -291    668
20210113170653703	  181   72   -233   -288    669
20210113170653736	  178   72   -237   -287    666
20210113170653736	  179   72   -236   -287    667
20210113170653803	  179   72   -236   -287    667
20210113170653836	  179   72   -393   -478   1108
20210113170653936	  180   72   -234   -288    669
20210113170654003	  179   72   -309   -375    873
20210113170654070	  178   72   -238   -287    667
20210113170654070	  178   72   -318   -385    895
20210113170654170	  178   73   -465   -560   1309
20210113170654170	  179   72   -387   -470   1093
20210113170654236	  180   72   -460   -564   1308
20210113170654270	  180   72   -235   -288    668
20210113170654303	  179   72   -236   -287    668
20210113170654370	  178   72   -238   -287    667
20210113170654436	  179   72   -391   -475   1105
20210113170654503	  179   72   -236   -287    667
20210113170654670	  179   72   -453   -550   1278
20210113170654703	  181   72   -388   -478   1112
20210113170654737	  179   73   -392   -474   1109
20210113170654770	  178   72   -238   -287    667
20210113170654803	  179   72   -461   -561   1303
20210113170654837	  179   72   -236   -287    668
20210113170654870	  181   72   -362   -447   1038
20210113170654903	  182   73   -231   -286    670
20210113170654903	  179   72   -236   -287    667
20210113170654970	  180   72   -631   -773   1794
20210113170655103	  179   72   -236   -288    668
20210113170655170	  181   72   -384   -475   1101
20210113170655237	  180   72   -410   -504   1169
20210113170655270	  180   72   -235   -288    669
20210113170655337	  181   72   -313   -387    898
20210113170655403	  179   72   -308   -374    870
20210113170655437	  179   72   -314   -383    888
20210113170655537	  178   72   -238   -287    668
20210113170655703	  179   74   -237   -284    669
20210113170655770	  181   71   -371   -460   1064
20210113170655970	  181   72   -306   -378    878
20210113170656070	  180   72   -403   -494   1147
20210113170656204	  179   72   -236   -287    668
20210113170656404	  181   71   -314   -391    901
20210113170657004	  179   72   -308   -374    871
20210113170657304	  179   72   -237   -288    669
20210113170657504	  179   72   -312   -379    881
20210113170657671	  180   72   -235   -288    668
20210113170657704	  179   72   -236   -288    668
20210113170657737	  179   72   -236   -287    668
20210113170657804	  180   72   -234   -288    669
20210113170657837	  179   74   -237   -284    669
20210113170657904	  179   72   -236   -287    667
20210113170657971	  179   72   -313   -382    886
20210113170658037	  179   72   -477   -580   1348
20210113170658104	  180   72   -356   -437   1012
20210113170658137	  181   71   -391   -486   1121
20210113170658171	  179   72   -472   -574   1333
20210113170658271	  178   73   -238   -285    667
20210113170658304	  180   72   -357   -440   1019
20210113170658504	  178   72   -238   -287    667
20210113170658904	  180   72   -421   -519   1203
20210113170659304	  180   72   -311   -382    886
20210113170659338	  180   72   -391   -480   1112
20210113170659638	  178   73   -460   -554   1294
20210113170659804	  179   72   -400   -488   1131
20210113170700205	  180   72   -424   -521   1206
20210113170700405	  179   72   -387   -471   1093
20210113170700605	  181   72   -233   -288    670
20210113170701005	  180   73   -235   -286    669
20210113170701138	  180   74   -235   -284    669
20210113170701171	  180   74   -235   -285    669
20210113170701405	  178   73   -238   -286    669
20210113170701605	  180   72   -235   -288    669
20210113170701838	  179   72   -311   -378    878
20210113170702038	  181   72   -234   -288    670
20210113170702205	  180   72   -368   -452   1048
20210113170702605	  178   73   -238   -286    668
20210113170702805	  180   72   -235   -288    670
20210113170703039	  180   72   -235   -288    670
20210113170703139	  178   73   -238   -285    668
20210113170703305	  180   73   -235   -286    669
20210113170703505	  180   72   -413   -507   1175
20210113170703705	  180   72   -235   -288    669
20210113170703972	  181   72   -380   -469   1089
20210113170704106	  180   72   -374   -459   1065
20210113170704139	  181   72   -378   -467   1083
20210113170704306	  180   74   -235   -284    669
20210113170704472	  180   74   -235   -284    669
20210113170704572	  180   72   -382   -469   1087
20210113170704772	  179   72   -389   -473   1100
20210113170704839	  181   71   -233   -290    669
20210113170704939	  180   72   -235   -287    669
20210113170705039	  181   72   -303   -374    868
20210113170705139	  179   72   -399   -486   1128
20210113170705206	  180   73   -235   -286    669
20210113170705339	  181   72   -308   -380    882
20210113170705406	  180   72   -537   -656   1524
20210113170705639	  180   72   -531   -650   1509
20210113170705706	  179   72   -383   -466   1082
20210113170705773	  180   72   -423   -521   1207
20210113170706006	  180   72   -234   -287    667
20210113170706106	  178   73   -238   -285    667
20210113170706173	  180   74   -235   -285    669
20210113170706273	  181   72   -306   -378    877
20210113170706373	  181   72   -233   -288    670
20210113170706473	  178   73   -318   -382    891
20210113170706573	  180   72   -235   -288    669
20210113170706640	  180   74   -235   -285    670
20210113170706740	  180   74   -235   -285    670
20210113170706840	  180   74   -235   -285    670
20210113170707040	  180   74   -235   -285    670
20210113170707140	  180   74   -235   -284    669
20210113170707306	  178   73   -238   -286    668
20210113170707406	  180   74   -234   -284    669
20210113170707506	  180   74   -234   -284    669
20210113170707606	  177   72   -240   -287    668
20210113170707673	  180   74   -234   -284    669
20210113170707773	  180   74   -235   -284    669
20210113170707873	  179   72   -237   -288    669
20210113170707973	  178   73   -238   -286    668
20210113170708073	  178   73   -238   -286    668
20210113170708140	  180   73   -235   -286    668
20210113170708240	  180   72   -235   -288    668
20210113170708340	  181   72   -302   -374    867
20210113170708440	  179   72   -317   -385    895
20210113170708540	  181   72   -391   -484   1123
20210113170708607	  179   72   -236   -287    667
20210113170708707	  179   72   -326   -397    923
20210113170708807	  180   73   -234   -286    669
20210113170708907	  180   73   -235   -286    669
20210113170709007	  180   75   -235   -283    668
20210113170709107	  181   72   -307   -380    882
20210113170709174	  178   74   -238   -284    667
20210113170709474	  180   73   -235   -286    669
20210113170709574	  180   73   -234   -286    669
20210113170709674	  180   73   -396   -486   1131
20210113170709740	  180   75   -234   -282    669
20210113170709840	  180   73   -307   -375    876
20210113170709940	  179   74   -323   -387    912
20210113170710140	  180   75   -235   -283    668
20210113170710207	  180   75   -617   -742   1756
20210113170710307	  181   73   -392   -480   1123
20210113170710407	  181   72   -393   -486   1128
20210113170710507	  180   73   -305   -373    870
20210113170710607	  181   74   -233   -284    668
20210113170710674	  181   72   -395   -488   1136
20210113170710774	  181   73   -233   -286    668
20210113170710807	  181   72   -233   -288    668
20210113170710974	  181   73   -233   -286    668
20210113170711074	  178   75   -237   -281    666
20210113170711174	  181   72   -233   -287    668
20210113170711241	  178   75   -237   -281    665
20210113170711341	  180   74   -234   -283    666
20210113170711441	  179   74   -236   -284    667
20210113170711541	  179   75   -236   -281    666
20210113170711641	  181   74   -233   -284    668
20210113170711741	  181   73   -233   -285    667
20210113170711808	  180   74   -234   -283    667
20210113170711908	  179   75   -236   -282    667
20210113170712008	  181   73   -233   -286    668
20210113170712108	  181   73   -233   -286    668
20210113170712208	  180   74   -234   -284    668
20210113170712308	  180   76   -234   -280    666
20210113170712374	  180   73   -234   -285    667
20210113170712474	  180   74   -234   -283    667
20210113170712574	  180   73   -234   -285    666
20210113170712674	  180   74   -234   -283    666
20210113170712774	  178   74   -237   -283    666
20210113170712874	  180   77   -234   -278    667
20210113170712941	  180   74   -235   -284    668
20210113170713041	  180   76   -234   -280    667
20210113170713141	  180   75   -234   -282    667
20210113170713241	  181   73   -233   -286    668
20210113170713341	  180   75   -234   -282    666
20210113170713441	  180   74   -234   -284    667
20210113170713508	  180   74   -234   -284    667
20210113170713608	  178   74   -237   -283    666
20210113170713708	  181   75   -232   -282    667
20210113170713808	  180   75   -234   -281    666
20210113170713908	  179   76   -235   -279    665
20210113170714008	  179   76   -235   -279    665
20210113170714075	  179   76   -236   -280    666
20210113170714175	  179   76   -236   -280    666
20210113170714275	  179   76   -235   -279    665
20210113170714375	  180   76   -234   -279    666
20210113170714475	  181   76   -232   -279    666
20210113170714542	  181   74   -233   -284    667
20210113170714642	  180   75   -234   -281    666
20210113170714742	  180   75   -234   -281    666
20210113170714842	  180   75   -234   -281    665
20210113170714942	  180   78   -233   -276    665
20210113170715042	  180   78   -234   -276    665
20210113170715108	  181   75   -232   -281    666
20210113170715208	  181   76   -233   -280    667
20210113170715308	  180   76   -234   -280    667
20210113170715408	  180   76   -234   -280    666
20210113170715542	  180   75   -234   -281    666
20210113170715642	  179   76   -235   -279    664
20210113170715742	  181   76   -232   -279    665
20210113170715809	  181   76   -232   -280    666
20210113170715909	  181   76   -232   -280    666
20210113170716009	  181   76   -232   -280    666
20210113170716109	  179   76   -235   -279    665
20210113170716209	  181   76   -231   -279    664
20210113170716275	  181   76   -232   -279    665
20210113170716309	  178   75   -237   -281    666
20210113170716342	  179   77   -235   -277    663
20210113170716509	  179   76   -235   -279    665
20210113170716742	  181   77   -232   -277    664
20210113170716842	  180   77   -234   -278    665
20210113170716942	  180   77   -233   -277    664
20210113170717042	  180   77   -233   -277    663
20210113170717109	  180   77   -233   -277    664
20210113170717242	  180   77   -233   -277    664
20210113170717342	  180   77   -233   -277    663
20210113170717442	  180   77   -233   -277    664
20210113170717542	  179   77   -235   -277    663
20210113170717642	  179   77   -235   -277    663
20210113170717742	  179   77   -235   -277    663
20210113170717776	  179   77   -235   -277    663
20210113170717942	  179   77   -235   -277    665
20210113170718042	  181   77   -232   -278    665
20210113170718142	  179   77   -235   -277    663
20210113170718276	  179   77   -235   -278    665
20210113170718376	  182   76   -230   -279    665
20210113170718476	  179   77   -235   -277    664
20210113170718576	  179   77   -235   -277    663
20210113170718676	  179   77   -235   -277    664
20210113170718809	  179   78   -235   -275    664
20210113170718909	  180   78   -233   -275    664
20210113170719009	  179   78   -235   -275    664
20210113170719109	  181   78   -232   -276    665
20210113170719209	  179   78   -235   -275    664
20210113170719343	  179   78   -235   -275    663
20210113170719443	  179   78   -235   -275    664
20210113170719543	  180   78   -233   -275    664
20210113170719643	  180   78   -233   -275    663
20210113170719776	  179   78   -235   -275    664
20210113170719876	  179   78   -235   -275    664
20210113170719976	  179   78   -235   -275    663
20210113170720076	  179   78   -235   -275    663
20210113170720176	  178   79   -236   -273    663
20210113170720276	  182   77   -230   -277    665
20210113170720410	  180   78   -233   -275    663
20210113170720510	  181   78   -231   -275    663
20210113170720610	  181   78   -231   -275    664
20210113170720743	  179   79   -235   -273    663
20210113170720843	  179   79   -234   -273    662
20210113170720943	  179   79   -235   -273    663
20210113170721043	  179   79   -234   -273    663
20210113170721177	  178   78   -236   -275    663
20210113170721277	  179   79   -234   -273    663
20210113170721377	  179   79   -235   -273    663
20210113170721510	  179   79   -234   -273    663
20210113170721610	  179   79   -234   -273    662
20210113170721710	  180   79   -233   -273    662
20210113170721810	  180   79   -233   -273    662
20210113170721943	  180   78   -233   -275    663
20210113170722110	  180   78   -233   -275    663
20210113170722210	  182   78   -230   -276    665
20210113170722310	  179   80   -235   -272    663
20210113170722410	  179   80   -234   -271    663
20210113170722544	  179   80   -234   -271    662
20210113170722644	  182   78   -229   -275    663
20210113170722744	  181   79   -231   -273    663
20210113170722844	  181   79   -231   -273    663
20210113170722977	  178   79   -236   -273    663
20210113170723077	  182   79   -229   -273    662
20210113170723177	  182   79   -230   -273    663
20210113170723310	  181   80   -231   -271    662
20210113170723410	  181   80   -231   -271    663
20210113170723510	  181   80   -231   -271    663
20210113170723644	  181   80   -231   -272    663
20210113170723744	  181   80   -231   -271    663
20210113170723844	  180   81   -232   -269    662
20210113170723944	  181   80   -231   -271    662
20210113170724077	  181   79   -231   -273    663
20210113170724177	  181   80   -231   -271    663
20210113170724277	  180   80   -233   -272    664
20210113170724377	  179   81   -234   -269    662
20210113170724511	  179   81   -234   -270    663
20210113170724611	  182   79   -229   -273    663
20210113170724711	  181   80   -231   -271    663
20210113170724844	  182   80   -229   -271    662
20210113170724944	  182   81   -230   -270    663
20210113170725044	  181   80   -231   -271    663
20210113170725177	  181   80   -231   -271    661
20210113170725278	  182   79   -230   -273    664
20210113170725378	  182   81   -229   -270    663
20210113170725478	  181   81   -231   -269    662
20210113170725611	  181   83   -231   -266    663
20210113170725711	  182   81   -229   -269    662
20210113170725811	  181   83   -231   -266    662
20210113170725944	  181   80   -231   -271    663
20210113170726044	  179   80   -234   -271    662
20210113170726144	  180   81   -232   -269    662
20210113170726278	  180   81   -233   -270    663
20210113170726378	  180   81   -233   -270    663
20210113170726478	  180   81   -233   -269    662
20210113170726611	  180   81   -232   -269    661
20210113170726711	  182   81   -229   -270    662
20210113170726811	  182   82   -230   -268    663
20210113170726911	  182   82   -230   -268    664
20210113170727045	  179   83   -234   -266    661
20210113170727145	  179   83   -234   -266    661
20210113170727245	  182   80   -229   -271    662
20210113170727378	  181   83   -231   -266    662
20210113170727478	  182   80   -229   -271    663
20210113170727578	  182   80   -229   -271    662
20210113170727711	  179   83   -234   -266    662
20210113170727812	  182   82   -230   -268    664
20210113170727912	  180   82   -232   -268    662
20210113170728012	  181   82   -231   -268    663
20210113170728145	  182   82   -230   -268    663
20210113170728245	  180   80   -233   -271    662
20210113170728345	  181   81   -231   -270    663
20210113170728478	  181   82   -231   -268    663
20210113170728578	  182   83   -230   -267    664
20210113170728678	  182   83   -230   -267    664
20210113170728812	  180   83   -232   -266    662
20210113170728912	  180   84   -232   -264    662
20210113170729345	  180   84   -233   -265    663
20210113170729579	  181   83   -231   -266    663
20210113170729679	  182   82   -229   -268    663
20210113170729779	  181   83   -231   -266    662
20210113170729879	  182   82   -230   -268    663
20210113170730012	  180   83   -233   -266    662
20210113170730112	  181   85   -232   -263    664
20210113170730212	  183   83   -228   -267    664
20210113170730345	  180   84   -232   -264    662
20210113170730446	  182   83   -230   -267    664
20210113170730546	  180   84   -233   -265    663
20210113170730679	  180   84   -233   -264    663
20210113170730779	  179   83   -234   -266    662
20210113170730879	  183   83   -228   -266    663
20210113170731012	  181   85   -231   -263    662
20210113170731112	  181   85   -231   -263    663
20210113170731212	  182   83   -229   -266    662
20210113170731312	  180   83   -233   -266    662
20210113170731446	  181   85   -231   -263    663
20210113170731546	  180   85   -233   -263    663
20210113170731646	  182   84   -230   -265    664
20210113170731779	  182   84   -230   -265    664
20210113170731879	  182   84   -229   -264    663
20210113170731979	  182   84   -229   -264    663
20210113170732079	  182   84   -230   -265    663
20210113170732213	  182   84   -230   -265    663
20210113170732313	  180   85   -233   -263    663
20210113170732413	  182   84   -230   -265    663
20210113170732546	  182   84   -230   -265    663
20210113170732646	  179   84   -234   -264    662
20210113170732746	  182   85   -230   -263    664
20210113170732879	  182   85   -230   -263    663
20210113170732980	  181   85   -231   -263    664
20210113170733080	  181   85   -231   -263    663
20210113170733180	  182   85   -230   -264    665
20210113170733313	  182   85   -230   -263    663
20210113170733413	  181   85   -231   -263    663
20210113170733513	  181   85   -231   -263    663
20210113170733646	  180   85   -233   -263    663
20210113170733746	  182   85   -230   -263    663
20210113170733846	  182   85   -230   -263    663
20210113170733946	  180   86   -233   -261    663
20210113170734080	  183   86   -228   -261    664
20210113170734180	  183   86   -228   -261    663
20210113170734280	  182   85   -229   -263    663
20210113170734413	  182   88   -230   -258    664
20210113170734513	  182   85   -230   -263    664
20210113170734613	  182   86   -230   -261    663
20210113170734713	  182   85   -229   -263    663
20210113170734847	  180   87   -233   -259    662
20210113170734947	  182   85   -229   -263    662
20210113170735047	  183   86   -228   -261    663
20210113170735147	  183   86   -228   -261    663
20210113170735280	  181   86   -231   -261    662
20210113170735380	  181   86   -231   -261    662
20210113170735480	  183   87   -228   -259    663
20210113170735613	  182   88   -229   -258    663
20210113170735714	  183   87   -228   -259    662
20210113170735814	  182   88   -230   -258    663
20210113170735914	  182   87   -229   -259    662
20210113170736014	  182   86   -229   -261    662
20210113170736080	  182   87   -229   -259    662
20210113170736247	  181   87   -231   -259    662
20210113170736380	  181   87   -231   -259    662
20210113170736480	  183   87   -228   -259    663
20210113170736580	  183   87   -228   -259    662
20210113170736680	  183   87   -228   -259    663
20210113170736814	  181   87   -231   -259    662
20210113170736914	  180   87   -232   -259    662
20210113170737014	  181   87   -230   -259    661
20210113170737147	  181   88   -230   -257    661
20210113170737247	  182   89   -229   -255    661
20210113170737381	  183   88   -227   -257    661
20210113170737481	  183   86   -227   -260    660
20210113170737581	  183   88   -227   -257    661
20210113170737714	  182   88   -228   -257    660
20210113170737814	  181   88   -230   -257    661
20210113170737914	  181   88   -230   -256    660
20210113170738014	  183   88   -227   -257    660
20210113170738147	  183   88   -227   -257    660
20210113170738247	  181   88   -230   -256    660
20210113170738348	  181   89   -230   -255    660
20210113170738481	  181   89   -230   -255    660
20210113170738581	  181   89   -230   -255    659
20210113170738681	  182   88   -229   -257    661
20210113170738814	  183   88   -227   -256    660
20210113170738914	  183   88   -227   -256    660
20210113170739014	  183   88   -227   -257    660
20210113170739114	  182   90   -228   -253    659
20210113170739248	  183   88   -227   -256    660
20210113170739348	  182   88   -228   -256    660
20210113170739448	  183   89   -227   -255    659
20210113170739548	  181   88   -230   -256    659
20210113170739681	  183   89   -227   -255    659
20210113170739781	  183   89   -226   -255    659
20210113170739881	  182   88   -228   -256    659
20210113170740015	  181   90   -230   -253    659
20210113170740115	  184   90   -225   -253    660
20210113170740215	  182   90   -228   -253    659
20210113170740315	  183   89   -227   -255    660
20210113170740448	  183   89   -227   -255    659
20210113170740548	  183   89   -226   -254    659
20210113170740648	  183   88   -226   -256    659
20210113170740782	  183   89   -226   -254    658
20210113170740882	  184   90   -225   -253    659
20210113170740982	  182   90   -228   -252    658
20210113170741082	  182   90   -228   -253    659
20210113170741215	  181   91   -230   -251    659
20210113170741315	  182   90   -228   -252    658
20210113170741415	  182   91   -228   -251    658
20210113170741548	  183   90   -226   -252    658
20210113170741648	  183   89   -226   -254    659
20210113170741748	  183   90   -226   -252    658
20210113170741882	  182   91   -228   -251    658
20210113170741982	  183   90   -226   -253    659
20210113170742082	  182   91   -228   -251    659
20210113170742215	  182   91   -228   -251    659
20210113170742315	  184   91   -225   -251    660
20210113170742415	  183   92   -227   -249    659
20210113170742515	  181   91   -229   -250    658
20210113170742649	  184   91   -225   -252    660
20210113170742749	  182   91   -228   -251    658
20210113170742849	  182   91   -228   -251    658
20210113170742982	  184   92   -225   -250    661
20210113170743082	  182   92   -228   -249    658
20210113170743182	  182   90   -228   -252    658
20210113170743282	  183   91   -226   -251    658
20210113170743415	  182   92   -228   -249    658
20210113170743515	  182   91   -228   -251    658
20210113170743615	  182   91   -228   -250    657
20210113170743716	  184   92   -225   -250    660
20210113170743849	  182   91   -227   -250    657
20210113170743949	  182   92   -228   -249    658
20210113170744049	  182   92   -228   -249    657
20210113170744182	  185   93   -223   -248    660
20210113170744282	  184   92   -225   -249    659
20210113170744382	  184   92   -224   -249    658
20210113170744482	  184   92   -224   -249    658
20210113170744616	  182   93   -228   -247    657
20210113170744716	  182   93   -228   -247    657
20210113170744816	  182   93   -228   -247    658
20210113170744949	  182   93   -227   -247    656
20210113170745049	  184   92   -224   -249    658
20210113170745149	  185   91   -223   -251    658
20210113170745283	  183   94   -226   -245    657
20210113170745383	  183   94   -226   -246    658
20210113170745483	  182   94   -228   -245    657
20210113170745616	  182   94   -227   -245    657
20210113170745716	  182   94   -227   -245    657
20210113170745816	  182   94   -228   -245    657
20210113170745949	  183   94   -226   -245    657
20210113170746049	  184   93   -225   -247    659
20210113170746183	  184   92   -224   -249    658
20210113170746283	  182   93   -227   -247    657
20210113170746383	  184   93   -224   -247    657
20210113170746483	  184   93   -224   -247    657
20210113170746616	  184   93   -224   -247    657
20210113170746716	  183   94   -226   -245    658
20210113170746816	  184   93   -224   -247    657
20210113170746950	  185   93   -223   -247    658
20210113170747050	  184   93   -224   -247    657
20210113170747150	  183   94   -226   -245    656
20210113170747283	  183   94   -226   -245    657
20210113170747383	  184   95   -224   -244    658
20210113170747516	  183   95   -226   -244    658
20210113170747616	  185   95   -223   -244    659
20210113170747716	  183   96   -226   -242    658
20210113170747817	  183   95   -226   -244    658
20210113170747950	  185   95   -223   -244    657
20210113170748050	  185   95   -222   -243    657
20210113170748150	  184   95   -224   -243    657
20210113170748283	  185   95   -222   -244    657
20210113170748383	  184   95   -225   -244    658
20210113170748483	  183   96   -226   -242    658
20210113170748617	  184   96   -224   -242    658
20210113170748717	  185   95   -222   -243    657
20210113170748850	  183   96   -225   -241    656
20210113170748983	  185   95   -222   -243    657
20210113170749084	  183   96   -226   -242    657
20210113170749150	  185   96   -222   -242    657
20210113170749184	  183   95   -225   -243    656
20210113170749250	  183   95   -225   -243    655
20210113170749284	  185   96   -222   -241    656
20210113170749550	  185   96   -222   -242    656
20210113170749750	  185   95   -222   -243    656
20210113170749884	  185   96   -222   -242    657
20210113170750017	  185   96   -222   -242    657
20210113170750150	  185   96   -222   -242    657
20210113170750250	  186   97   -221   -240    657
20210113170750384	  186   97   -221   -240    657
20210113170750484	  185   96   -222   -241    656
20210113170750617	  184   98   -224   -238    657
20210113170750717	  183   98   -226   -238    657
20210113170750851	  183   98   -226   -238    657
20210113170750951	  186   96   -220   -241    656
20210113170751084	  185   97   -222   -240    656
20210113170751184	  185   97   -222   -240    656
20210113170751317	  186   96   -220   -241    656
20210113170751451	  185   97   -222   -240    656
20210113170751551	  185   97   -222   -240    656
20210113170751684	  186   98   -220   -238    656
20210113170751818	  185   98   -222   -238    656
20210113170751918	  184   99   -224   -236    656
20210113170752051	  184   99   -224   -236    656
20210113170752118	  185   99   -222   -236    656
20210113170752251	  185   98   -222   -238    656
20210113170752418	  184   99   -224   -236    656
20210113170752551	  184   99   -224   -236    657
20210113170752651	  184   99   -224   -236    656
20210113170752784	  184   99   -224   -236    655
20210113170752918	  186   99   -220   -236    655
20210113170753051	  184   99   -224   -236    656
20210113170753151	  184   99   -224   -236    656
20210113170753285	  186   99   -220   -236    654
20210113170753418	  185   99   -222   -236    656
20210113170753551	  186   99   -220   -236    655
20210113170753651	  185   99   -222   -236    655
20210113170753785	  186  100   -220   -234    655
20210113170753918	  185  101   -222   -233    655
20210113170754051	  187  100   -218   -234    655
20210113170754151	  186  100   -302   -322    900
20210113170754285	  184  101   -223   -232    654
20210113170754418	  186  100   -220   -234    654
20210113170754518	  184  101   -223   -232    654
20210113170754652	  187  100   -218   -234    654
20210113170754785	  186  100   -220   -234    655
20210113170754918	  186  100   -325   -348    969
20210113170754985	  186  100   -220   -234    654
20210113170755085	  186  100   -219   -234    653
20210113170755152	  186  100   -220   -234    654
20210113170755352	  185  101   -221   -232    653
20210113170755518	  186  102   -219   -230    653
20210113170755652	  186  102   -220   -230    653
20210113170755785	  186  101   -219   -232    653
20210113170755885	  186  101   -220   -232    653
20210113170756019	  186  101   -220   -232    654
20210113170756152	  186  102   -220   -230    654
20210113170756285	  185  102   -221   -230    653
20210113170756419	  185  102   -221   -230    653
20210113170756519	  186  102   -220   -230    653
20210113170756652	  186  102   -219   -230    653
20210113170756785	  186  102   -219   -230    653
20210113170756919	  186  102   -219   -230    653
20210113170757019	  186  102   -297   -312    886
20210113170757152	  187  103   -218   -228    653
20210113170757419	  186  102   -220   -231    655
20210113170757519	  187  103   -218   -229    654
20210113170757652	  186  104   -220   -227    655
20210113170757786	  187  103   -218   -229    655
20210113170757919	  186  103   -220   -229    654
20210113170758019	  186  103   -220   -229    654
20210113170758153	  185  104   -221   -227    654
20210113170758286	  185  104   -221   -227    654
20210113170758386	  187  103   -218   -229    654
20210113170758519	  187  103   -218   -228    653
20210113170758653	  187  104   -218   -227    654
20210113170758786	  188  103   -216   -229    653
20210113170758886	  188  103   -216   -229    654
20210113170759019	  187  104   -218   -227    653
20210113170759153	  188  104   -216   -227    654
20210113170759286	  187  105   -218   -225    653
20210113170759419	  187  105   -218   -225    653
20210113170759520	  187  105   -218   -225    653
20210113170759653	  187  105   -218   -225    653
20210113170759786	  187  105   -218   -225    654
20210113170759920	  187  105   -300   -311    901
20210113170800020	  187  105   -218   -225    654
20210113170800153	  187  105   -218   -225    654
20210113170800286	  187  105   -218   -225    653
20210113170800420	  187  105   -218   -225    653
20210113170800553	  188  104   -216   -227    653
20210113170800620	  188  104   -216   -227    653
20210113170800786	  187  106   -217   -223    652
20210113170800920	  187  106   -217   -223    652
20210113170801053	  186  105   -219   -225    652
20210113170801153	  186  105   -219   -225    652
20210113170801287	  187  106   -217   -223    652
20210113170801453	  187  106   -217   -223    652
20210113170801553	  188  106   -215   -223    651
20210113170801687	  187  106   -217   -223    652
20210113170801787	  188  106   -216   -223    652
20210113170801920	  188  106   -216   -223    653
20210113170802053	  188  106   -215   -223    651
20210113170802187	  189  106   -214   -223    652
20210113170802320	  189  106   -214   -223    651
20210113170802420	  188  107   -215   -221    651
20210113170802554	  188  108   -216   -219    651
20210113170802654	  189  107   -214   -221    652
20210113170802754	  189  107   -214   -221    651
20210113170802854	  188  107   -215   -221    651
20210113170802920	  188  108   -216   -220    652
20210113170802954	  188  108   -216   -220    652
20210113170803054	  188  108   -216   -220    652
20210113170803087	  189  108   -214   -219    651
20210113170803287	  188  108   -216   -219    652
20210113170803554	  188  108   -216   -219    651
20210113170803687	  188  108   -216   -219    652
20210113170803787	  188  108   -216   -220    652
20210113170803887	  188  109   -216   -218    651
20210113170804021	  189  108   -214   -219    651
20210113170804054	  189  108   -214   -219    651
20210113170804087	  189  108   -214   -219    651
20210113170804187	  187  108   -217   -219    651
20210113170804221	  188  109   -216   -218    652
20210113170804254	  189  110   -214   -216    652
20210113170804321	  189  110   -214   -216    652
20210113170804387	  188  109   -215   -217    651
20210113170804421	  189  107   -214   -221    651
20210113170804487	  189  107   -214   -221    651
20210113170804521	  189  109   -214   -218    652
20210113170804654	  188  109   -215   -217    651
20210113170804821	  188  110   -216   -216    652
20210113170805088	  188  108   -215   -219    651
20210113170805354	  189  110   -214   -216    653
20210113170805488	  189  109   -214   -218    652
20210113170805754	  189  110   -214   -216    652
20210113170806021	  188  109   -216   -218    651
20210113170806288	  188  111   -215   -214    651
20210113170806455	  189  109   -214   -218    651
20210113170806721	  188  110   -216   -216    651
20210113170806888	  190  112   -212   -213    652
20210113170807021	  189  111   -214   -214    651
20210113170807155	  189  112   -214   -213    652
20210113170807288	  189  112   -214   -212    651
20210113170807388	  189  112   -214   -212    650
20210113170807521	  189  112   -214   -212    651
20210113170807655	  189  111   -214   -214    651
20210113170807788	  189  112   -214   -212    650
20210113170807922	  189  111   -214   -214    651
20210113170808022	  190  111   -212   -214    651
20210113170808155	  190  112   -212   -213    651
20210113170808288	  190  112   -212   -212    651
20210113170808355	  190  112   -212   -212    651
20210113170808388	  190  112   -212   -212    651
20210113170808588	  188  113   -215   -211    650
20210113170808788	  190  113   -212   -211    651
20210113170808922	  189  114   -214   -209    651
20210113170809022	  190  113   -212   -211    651
20210113170809155	  190  113   -212   -211    651
20210113170809289	  190  113   -212   -211    651
20210113170809422	  189  113   -214   -211    651
20210113170809522	  191  114   -211   -210    653
20210113170809655	  189  115   -214   -207    650
20210113170809789	  190  114   -212   -209    651
20210113170809922	  190  113   -212   -211    651
20210113170810022	  189  114   -214   -209    651
20210113170810155	  189  114   -214   -209    651
20210113170810289	  189  114   -213   -209    650
20210113170810422	  189  114   -214   -209    650
20210113170810522	  189  114   -213   -209    650
20210113170810656	  189  114   -214   -209    651
20210113170810789	  189  114   -214   -209    651
20210113170810889	  189  114   -214   -209    651
20210113170811022	  190  115   -212   -207    651
20210113170811156	  191  114   -210   -209    651
20210113170811289	  190  115   -212   -207    651
20210113170811389	  191  115   -211   -208    653
20210113170811523	  189  115   -214   -207    651
20210113170811656	  191  115   -210   -207    651
20210113170811789	  190  115   -212   -207    650
20210113170811923	  190  115   -212   -207    651
20210113170812023	  191  116   -210   -206    651
20210113170812156	  190  116   -212   -205    650
20210113170812289	  190  115   -212   -207    650
20210113170812423	  191  116   -210   -206    651
20210113170812523	  192  117   -209   -204    652
20210113170812656	  191  116   -211   -206    651
20210113170812790	  191  116   -210   -206    651
20210113170812923	  191  116   -210   -206    651
20210113170813023	  191  116   -210   -206    651
20210113170813156	  190  117   -212   -204    650
20210113170813290	  192  117   -209   -204    652
20210113170813423	  191  117   -210   -204    650
20210113170813523	  191  117   -210   -204    651
20210113170813656	  191  117   -210   -204    650
20210113170813790	  191  117   -210   -204    650
20210113170813890	  191  117   -210   -204    651
20210113170814057	  191  117   -210   -204    651
20210113170814157	  192  117   -209   -204    652
20210113170814290	  192  117   -209   -204    651
20210113170814423	  190  117   -212   -204    650
20210113170814557	  192  117   -208   -204    650
20210113170814657	  191  118   -210   -202    650
20210113170814790	  190  119   -212   -200    650
20210113170814923	  190  119   -212   -200    650
20210113170815057	  191  118   -210   -202    650
20210113170815157	  190  118   -211   -202    649
20210113170815290	  190  118   -212   -202    650
20210113170815424	  190  118   -211   -202    649
20210113170815557	  190  118   -211   -201    648
20210113170815690	  191  118   -210   -202    649
20210113170815790	  192  118   -208   -202    650
20210113170815924	  192  118   -208   -202    650
20210113170816057	  192  119   -208   -200    649
20210113170816157	  192  119   -208   -200    649
20210113170816290	  192  119   -208   -200    650
20210113170816424	  192  119   -208   -200    649
20210113170816557	  193  119   -206   -200    649
20210113170816657	  191  119   -209   -200    648
20210113170816791	  191  119   -209   -200    648
20210113170816924	  191  119   -209   -199    647
20210113170817057	  192  120   -208   -198    648
20210113170817191	  192  120   -208   -198    648
20210113170817324	  192  120   -208   -198    648
20210113170817424	  192  120   -208   -198    648
20210113170817557	  193  119   -206   -200    649
20210113170817691	  193  120   -206   -198    649
20210113170817791	  192  121   -208   -196    648
20210113170817924	  191  120   -209   -198    648
20210113170818058	  193  120   -206   -198    649
20210113170818191	  193  120   -206   -198    648
20210113170818324	  193  120   -207   -198    650
20210113170818424	  193  123   -207   -194    651
20210113170818558	  193  121   -206   -196    649
20210113170818691	  193  121   -207   -197    650
20210113170818824	  193  121   -207   -197    650
20210113170818924	  193  121   -207   -197    649
20210113170819058	  193  121   -206   -196    648
20210113170819191	  193  121   -207   -197    650
20210113170819324	  194  121   -205   -197    650
20210113170819424	  193  122   -207   -195    650
20210113170819558	  193  122   -207   -195    650
20210113170819625	  193  122   -207   -195    649
20210113170819758	  193  122   -207   -195    650
20210113170819958	  193  123   -207   -194    651
20210113170820091	  193  122   -206   -195    649
20210113170820225	  192  122   -208   -195    649
20210113170820325	  194  123   -205   -194    651
20210113170820458	  194  123   -205   -193    650
20210113170820591	  192  122   -208   -195    648
20210113170820725	  192  122   -208   -195    650
20210113170820825	  192  122   -208   -195    649
20210113170820958	  194  123   -205   -194    651
20210113170821092	  193  123   -207   -194    650
20210113170821225	  194  123   -205   -193    650
20210113170821325	  194  123   -205   -194    651
20210113170821458	  194  123   -205   -194    650
20210113170821592	  194  123   -205   -193    649
20210113170821725	  194  123   -205   -193    650
20210113170821825	  195  124   -203   -192    650
20210113170821992	  195  124   -204   -192    651
20210113170822125	  193  124   -207   -192    649
20210113170822192	  194  124   -205   -192    650
20210113170822325	  194  124   -205   -192    649
20210113170822492	  195  123   -203   -194    650
20210113170822625	  195  123   -203   -194    650
20210113170822725	  195  123   -203   -193    650
20210113170822892	  193  124   -207   -192    650
20210113170822992	  193  124   -207   -192    650
20210113170823125	  195  125   -204   -190    651
20210113170823259	  194  125   -205   -190    650
20210113170823392	  194  125   -205   -190    650
20210113170823492	  194  125   -205   -190    651
20210113170823626	  194  125   -205   -190    651
20210113170823759	  194  125   -205   -190    651
20210113170823892	  194  125   -205   -190    650
20210113170824026	  194  125   -205   -190    650
20210113170824159	  195  125   -204   -190    650
20210113170824292	  195  125   -204   -190    650
20210113170824426	  195  125   -204   -190    650
20210113170824559	  195  125   -203   -190    649
20210113170824659	  194  125   -205   -190    649
20210113170824793	  195  125   -203   -190    650
20210113170824893	  194  125   -205   -190    650
20210113170824959	  194  125   -205   -190    649
20210113170825126	  195  126   -203   -188    649
20210113170825293	  195  126   -203   -188    649
20210113170825426	  195  126   -204   -189    651
20210113170825559	  194  126   -205   -188    649
20210113170825693	  194  126   -205   -188    650
20210113170825826	  194  126   -205   -188    649
20210113170825959	  195  126   -203   -188    649
20210113170826093	  195  127   -203   -187    650
20210113170826226	  195  127   -203   -187    650
20210113170826360	  195  127   -204   -187    650
20210113170826493	  194  127   -204   -186    648
20210113170826626	  194  127   -205   -187    650
20210113170826760	  194  127   -204   -186    648
20210113170826893	  196  128   -201   -185    648
20210113170827026	  195  127   -203   -187    649
20210113170827160	  195  128   -203   -184    648
20210113170827293	  196  127   -201   -186    648
20210113170827427	  196  128   -201   -184    648
20210113170827593	  195  127   -203   -186    649
20210113170827727	  196  128   -202   -185    650
20210113170827860	  195  128   -203   -184    648
20210113170827960	  196  128   -201   -185    649
20210113170828127	  196  128   -201   -185    648
20210113170828260	  196  128   -201   -185    649
20210113170828393	  196  127   -201   -186    648
20210113170828527	  196  129   -201   -183    649
20210113170828660	  196  129   -201   -183    648
20210113170828794	  196  128   -201   -184    648
20210113170828927	  196  128   -201   -185    648
20210113170829060	  197  128   -200   -185    648
20210113170829227	  196  129   -201   -183    649
20210113170829360	  196  130   -201   -181    648
20210113170829494	  196  130   -201   -181    648
20210113170829627	  195  129   -203   -183    648
20210113170829760	  195  129   -203   -183    648
20210113170829927	  196  129   -201   -183    647
20210113170830061	  195  129   -202   -182    647
20210113170830194	  196  130   -201   -181    648
20210113170830327	  195  130   -202   -181    647
20210113170830494	  196  130   -201   -181    647
20210113170830627	  196  130   -201   -181    647
20210113170830761	  196  130   -201   -181    647
20210113170830894	  197  130   -200   -181    649
20210113170831027	  198  129   -198   -183    648
20210113170831161	  197  129   -199   -183    648
20210113170831294	  196  130   -201   -181    647
20210113170831461	  197  130   -200   -181    648
20210113170831594	  197  130   -199   -181    648
20210113170831728	  196  131   -201   -179    647
20210113170831861	  197  131   -199   -179    647
20210113170832028	  197  131   -199   -179    647
20210113170832161	  197  131   -200   -179    648
20210113170832294	  197  131   -199   -179    647
20210113170832428	  195  131   -202   -179    647
20210113170832595	  196  131   -201   -179    647
20210113170832728	  197  132   -200   -178    648
20210113170832861	  197  132   -199   -178    648
20210113170832995	  198  132   -198   -178    649
20210113170833161	  197  132   -199   -178    647
20210113170833295	  197  132   -199   -178    647
20210113170833428	  197  132   -199   -178    647
20210113170833561	  197  132   -199   -178    647
20210113170833728	  197  132   -199   -177    647
20210113170833861	  198  132   -198   -178    649
20210113170833995	  196  131   -201   -179    647
20210113170834128	  196  132   -201   -177    647
20210113170834295	  197  133   -199   -176    648
20210113170834428	  198  133   -198   -176    648
20210113170834562	  199  131   -197   -180    649
20210113170834695	  197  132   -199   -177    647
20210113170834828	  198  133   -198   -176    647
20210113170834995	  196  133   -201   -176    647
20210113170835128	  198  133   -198   -176    649
20210113170835262	  198  133   -198   -176    649
20210113170835428	  198  133   -198   -176    649
20210113170835562	  198  133   -198   -176    648
20210113170835695	  197  133   -199   -176    648
20210113170835829	  197  133   -199   -176    646
20210113170835962	  197  132   -199   -177    646
20210113170836129	  198  134   -198   -174    648
20210113170836262	  198  134   -198   -174    647
20210113170836395	  198  134   -197   -174    647
20210113170836529	  198  134   -198   -174    648
20210113170836629	  198  134   -198   -174    647
20210113170836695	  198  134   -198   -175    649
20210113170836762	  198  135   -198   -172    647
20210113170836829	  199  135   -196   -173    648
20210113170836929	  197  134   -199   -174    647
20210113170836996	  199  135   -196   -173    648
20210113170837196	  199  135   -196   -173    648
20210113170837496	  199  134   -196   -174    648
20210113170837762	  197  135   -199   -172    646
20210113170837962	  198  135   -197   -172    646
20210113170838129	  198  135   -198   -173    647
20210113170838263	  197  135   -199   -172    647
20210113170838396	  199  135   -196   -173    648
20210113170838529	  199  135   -196   -172    647
20210113170838663	  199  135   -196   -173    648
20210113170838829	  198  136   -197   -170    646
20210113170838963	  199  135   -196   -172    647
20210113170839096	  199  135   -196   -172    646
20210113170839229	  199  136   -196   -171    646
20210113170839396	  200  135   -194   -172    647
20210113170839530	  199  136   -196   -171    647
20210113170839663	  199  136   -196   -170    646
20210113170839796	  198  136   -197   -170    646
20210113170839963	  198  136   -197   -170    646
20210113170840096	  198  136   -197   -170    646
20210113170840230	  198  136   -197   -170    646
20210113170840363	  199  136   -196   -170    646
20210113170840496	  200  136   -194   -171    647
20210113170840663	  198  136   -197   -170    646
20210113170840797	  199  137   -196   -169    646
20210113170840930	  199  137   -196   -169    646
20210113170841063	  199  137   -196   -169    646
20210113170841197	  199  137   -196   -169    647
20210113170841363	  200  137   -194   -169    648
20210113170841497	  198  137   -197   -169    645
20210113170841630	  198  137   -197   -169    646
20210113170841763	  200  137   -194   -169    647
20210113170841897	  201  137   -193   -169    649
20210113170842064	  200  137   -194   -169    647
20210113170842197	  200  137   -194   -169    647
20210113170842330	  200  138   -194   -167    646
20210113170842464	  200  138   -194   -167    647
20210113170842597	  200  138   -194   -167    647
20210113170842764	  200  138   -194   -168    648
20210113170842897	  200  138   -194   -167    646
20210113170843030	  200  138   -194   -167    647
20210113170843164	  199  137   -196   -169    646
20210113170843331	  200  138   -194   -167    647
20210113170843464	  200  139   -194   -166    647
20210113170843597	  200  139   -194   -166    647
20210113170843731	  201  139   -192   -165    646
20210113170843864	  201  138   -193   -167    648
20210113170844031	  200  139   -194   -166    647
20210113170844164	  200  139   -194   -166    646
20210113170844297	  200  139   -194   -165    646
20210113170844431	  201  138   -193   -167    648
20210113170844598	  201  138   -192   -167    647
20210113170844731	  201  140   -192   -164    647
20210113170844864	  200  139   -194   -165    646
20210113170844964	  200  140   -194   -164    646
20210113170845098	  201  139   -192   -166    647
20210113170845298	  201  139   -193   -166    648
20210113170845431	  200  139   -194   -166    647
20210113170845564	  200  139   -194   -165    646
20210113170845698	  199  140   -195   -164    645
20210113170845865	  201  140   -192   -163    645
20210113170845998	  201  140   -192   -164    645
20210113170846131	  201  140   -192   -164    646
20210113170846265	  201  140   -192   -164    646
20210113170846431	  201  140   -192   -164    646
20210113170846565	  199  140   -195   -163    645
20210113170846731	  200  141   -194   -162    646
20210113170846865	  201  140   -192   -164    646
20210113170846998	  201  141   -192   -162    645
20210113170847132	  201  141   -192   -162    645
20210113170847265	  202  140   -191   -164    648
20210113170847432	  200  141   -194   -162    645
20210113170847565	  202  140   -191   -164    647
20210113170847698	  201  141   -192   -162    645
20210113170847832	  200  141   -194   -162    645
20210113170847998	  201  141   -192   -162    645
20210113170848132	  202  142   -191   -161    647
20210113170848265	  202  142   -191   -160    647
20210113170848399	  201  142   -192   -160    645
20210113170848565	  200  141   -193   -162    645
20210113170848699	  202  141   -190   -162    646
20210113170848832	  201  141   -192   -162    645
20210113170848965	  200  142   -193   -160    645
20210113170849099	  200  142   -194   -160    645
20210113170849265	  202  142   -191   -160    646
20210113170849399	  202  142   -191   -160    646
20210113170849532	  202  142   -190   -160    646
20210113170849666	  202  142   -191   -160    646
20210113170849832	  202  142   -191   -160    646
20210113170849966	  202  141   -190   -162    645
20210113170850099	  202  141   -190   -162    646
20210113170850232	  201  144   -192   -157    645
20210113170850366	  202  142   -190   -160    645
20210113170850532	  202  143   -190   -159    646
20210113170850666	  202  143   -190   -158    645
20210113170850799	  203  142   -189   -160    646
20210113170850932	  202  143   -190   -159    646
20210113170851099	  202  143   -190   -158    645
20210113170851233	  203  143   -189   -159    646
20210113170851366	  201  143   -192   -158    645
20210113170851499	  201  143   -192   -158    644
20210113170851633	  203  144   -189   -157    646
20210113170851799	  203  144   -189   -157    647
20210113170852066	  202  144   -190   -157    645
20210113170852199	  203  143   -189   -159    646
20210113170852366	  203  143   -189   -159    646
20210113170852500	  202  144   -190   -157    645
20210113170852633	  202  144   -190   -157    645
20210113170852766	  202  144   -190   -157    645
20210113170852833	  202  144   -190   -157    646
20210113170852900	  202  144   -190   -156    645
20210113170853000	  201  144   -192   -157    645
20210113170853200	  202  144   -191   -157    646
20210113170853500	  203  144   -189   -157    646
20210113170853633	  201  144   -192   -157    645
20210113170853767	  202  145   -191   -155    646
20210113170853900	  203  143   -189   -159    647
20210113170854067	  202  144   -191   -157    646
20210113170854200	  201  144   -192   -157    645
20210113170854333	  203  144   -189   -157    647
20210113170854467	  201  144   -192   -157    644
20210113170854600	  201  144   -192   -157    645
20210113170854767	  203  144   -189   -157    646
20210113170854900	  203  144   -189   -157    646
20210113170855034	  201  144   -192   -157    645
20210113170855167	  201  144   -192   -157    645
20210113170855334	  202  145   -191   -155    647
20210113170855467	  202  145   -191   -155    646
20210113170855600	  202  145   -190   -155    646
20210113170855734	  203  144   -189   -157    646
20210113170855900	  202  145   -190   -155    646
20210113170856034	  202  145   -190   -155    645
20210113170856167	  202  145   -191   -155    646
20210113170856300	  202  145   -190   -155    646
20210113170856467	  201  144   -192   -157    645
20210113170856601	  202  145   -190   -155    645
20210113170856734	  204  144   -188   -157    647
20210113170856867	  202  145   -190   -155    645
20210113170857034	  201  144   -192   -157    645
20210113170857167	  203  145   -189   -155    647
20210113170857301	  202  145   -190   -155    645
20210113170857434	  203  144   -189   -157    645
20210113170857601	  202  145   -191   -155    646
20210113170857734	  202  145   -190   -155    646
20210113170857868	  202  145   -190   -155    646
20210113170858001	  202  145   -191   -155    646
20210113170858101	  201  144   -192   -157    645
20210113170858168	  203  143   -189   -159    646
20210113170858434	  202  145   -190   -155    645
20210113170858568	  202  145   -190   -155    645
20210113170858734	  203  145   -189   -155    647
20210113170858868	  203  145   -189   -155    646
20210113170859001	  203  143   -189   -159    646
20210113170859135	  203  143   -189   -159    646
20210113170859268	  203  144   -189   -157    647
20210113170859435	  202  144   -190   -157    645
20210113170859568	  204  143   -187   -159    647
20210113170859735	  203  144   -189   -157    646
20210113170859868	  203  143   -189   -159    646
20210113170900001	  203  143   -189   -159    647
20210113170900135	  202  144   -191   -157    646
20210113170900301	  202  145   -190   -155    646
20210113170900435	  202  144   -191   -157    646
20210113170900602	  203  144   -189   -157    648
20210113170900735	  202  145   -190   -155    645
20210113170900868	  203  145   -189   -155    646
20210113170901035	  202  145   -191   -155    646
20210113170901168	  203  145   -189   -156    647
20210113170901302	  203  145   -189   -155    646
20210113170901368	  203  143   -189   -159    646
20210113170901502	  202  143   -190   -159    645
20210113170901535	  203  145   -189   -155    646
20210113170901602	  202  145   -190   -155    644
20210113170901635	  203  144   -189   -157    646
20210113170901635	  204  143   -187   -159    647
20210113170901769	  202  144   -191   -157    646
20210113170901869	  204  143   -187   -159    647
20210113170901902	  203  145   -189   -155    646
20210113170902169	  203  145   -189   -155    647
20210113170902402	  201  145   -192   -155    645
20210113170902602	  204  143   -187   -159    645
20210113170902769	  203  145   -189   -155    645
20210113170902835	  203  144   -189   -157    645
20210113170902902	  203  145   -189   -155    646
20210113170903069	  203  145   -189   -155    645
20210113170903136	  204  143   -187   -159    646
20210113170903202	  203  145   -189   -155    646
20210113170903269	  203  145   -189   -155    647
20210113170903502	  203  145   -189   -155    646
20210113170903569	  203  145   -189   -155    647
20210113170903702	  203  145   -189   -155    646
20210113170903802	  203  145   -189   -155    646
20210113170903902	  201  145   -192   -155    645
20210113170904002	  201  145   -192   -155    645
20210113170904136	  203  145   -189   -155    646
20210113170904203	  201  145   -192   -155    645
20210113170904336	  201  145   -192   -155    645
20210113170904403	  203  145   -189   -155    646
20210113170904536	  203  145   -189   -155    646
20210113170904603	  203  145   -189   -155    647
20210113170904736	  201  145   -192   -155    644
20210113170904803	  204  144   -187   -157    647
20210113170905003	  203  145   -189   -155    646
20210113170905036	  203  145   -189   -155    647
20210113170905036	  203  145   -189   -155    647
20210113170905103	  203  145   -189   -155    647
20210113170905269	  203  145   -189   -156    648
20210113170905369	  203  145   -189   -155    646
20210113170905403	  203  145   -189   -155    647
20210113170905503	  203  145   -189   -155    646
20210113170905569	  203  145   -189   -155    646
20210113170905703	  203  145   -189   -155    646
20210113170905803	  203  145   -189   -155    647
20210113170905970	  203  145   -189   -155    646
20210113170906070	  202  144   -190   -157    645
20210113170906203	  203  145   -189   -155    646
20210113170906303	  203  145   -189   -155    646
20210113170906336	  204  143   -187   -159    647
20210113170906403	  203  145   -189   -155    646
20210113170906503	  203  145   -189   -155    645
20210113170906603	  203  145   -189   -155    646
20210113170906670	  203  145   -189   -155    647
20210113170906770	  203  145   -189   -155    646
20210113170906870	  203  145   -189   -155    646
20210113170906970	  203  145   -189   -155    647
20210113170907070	  203  145   -189   -156    647
20210113170907170	  203  145   -189   -155    646
20210113170907337	  203  145   -189   -155    646
20210113170907603	  203  145   -189   -155    647
20210113170907837	  203  145   -189   -155    647
20210113170908003	  203  145   -189   -155    646
20210113170908037	  203  145   -189   -155    646
20210113170908037	  203  145   -189   -155    646
20210113170908370	  203  145   -189   -155    646
20210113170908704	  203  145   -189   -155    647
20210113170909037	  201  145   -192   -155    645
20210113170909304	  202  144   -190   -157    645
20210113170909671	  203  145   -189   -155    646
20210113170909804	  204  143   -187   -159    646
20210113170910337	  204  143   -187   -159    647
20210113170910671	  202  144   -190   -157    645
20210113170911004	  204  143   -188   -159    648
20210113170911338	  201  144   -192   -157    645
20210113170911638	  202  145   -191   -155    646
20210113170911938	  201  145   -192   -155    645
20210113170912271	  203  143   -189   -159    646
20210113170912571	  202  144   -190   -157    646
20210113170912871	  202  144   -190   -157    645
20210113170913071	  202  144   -190   -157    645
20210113170913338	  202  144   -190   -157    645
20210113170913638	  202  144   -190   -157    645
20210113170913772	  202  144   -190   -157    645
20210113170914005	  202  144   -190   -157    645
20210113170914105	  202  144   -191   -157    646
20210113170914438	  202  143   -190   -158    645
20210113170914638	  201  143   -192   -158    645
20210113170914872	  200  143   -193   -158    644
20210113170915205	  202  143   -190   -158    645
20210113170915672	  202  143   -190   -158    645
20210113170915939	  202  143   -190   -158    645
20210113170916005	  200  143   -193   -158    645
20210113170916305	  201  143   -192   -158    644
20210113170916606	  200  142   -193   -160    645
20210113170916939	  202  142   -190   -160    645
20210113170917072	  202  143   -191   -159    646
20210113170917072	  202  143   -191   -159    646
20210113170917372	  202  142   -190   -160    645
20210113170917673	  201  143   -192   -158    644
20210113170917906	  201  142   -192   -160    646
20210113170918039	  200  142   -193   -160    644
20210113170918206	  201  142   -192   -160    646
20210113170918306	  200  142   -194   -160    646
20210113170918506	  201  143   -192   -159    646
20210113170918673	  201  142   -192   -160    645
20210113170918806	  200  142   -193   -160    645
20210113170918973	  200  142   -193   -160    644
20210113170919140	  202  141   -190   -162    646
20210113170919273	  201  142   -192   -160    645
20210113170919440	  201  142   -192   -160    645
20210113170919606	  201  142   -192   -160    645
20210113170919740	  200  142   -194   -160    645
20210113170919906	  201  142   -192   -160    646
20210113170920073	  200  142   -194   -160    645
20210113170920240	  201  142   -192   -160    647
20210113170920373	  200  143   -194   -158    645
20210113170920540	  201  142   -192   -160    645
20210113170920840	  201  141   -192   -162    645
20210113170921007	  201  140   -192   -163    645
20210113170921173	  202  142   -190   -160    646
20210113170921340	  201  141   -192   -162    646
20210113170921474	  201  141   -192   -162    646
20210113170921640	  201  141   -192   -162    646
20210113170921807	  201  141   -192   -162    646
20210113170921974	  201  141   -192   -162    646
20210113170922107	  200  143   -194   -159    646
20210113170922274	  201  141   -192   -162    645
20210113170922440	  201  141   -192   -162    646
20210113170922574	  200  140   -194   -163    645
20210113170922740	  199  140   -195   -163    644
20210113170922907	  199  140   -195   -163    644
20210113170923074	  199  140   -195   -163    645
20210113170923207	  200  140   -194   -163    645
20210113170923374	  200  140   -194   -164    646
20210113170923541	  200  140   -194   -164    646
20210113170923674	  201  140   -192   -164    646
20210113170923841	  200  140   -194   -164    645
20210113170924007	  201  140   -192   -164    645
20210113170924141	  201  140   -192   -164    646
20210113170924308	  200  140   -194   -164    646
20210113170924474	  200  140   -194   -164    646
20210113170924641	  200  140   -194   -164    645
20210113170924774	  200  140   -194   -164    646
20210113170924941	  200  139   -194   -165    646
20210113170925108	  200  140   -194   -164    647
20210113170925241	  200  140   -194   -164    647
20210113170925408	  200  140   -194   -164    647
20210113170925574	  200  140   -194   -164    646
20210113170925741	  200  139   -194   -166    647
20210113170925875	  200  139   -194   -166    647
20210113170926041	  198  139   -197   -165    645
20210113170926208	  200  139   -194   -165    646
20210113170926375	  200  139   -194   -165    645
20210113170926508	  199  139   -195   -165    644
20210113170926675	  200  139   -194   -165    646
20210113170926841	  198  139   -197   -165    645
20210113170926975	  200  139   -194   -166    647
20210113170927142	  198  139   -197   -165    645
20210113170927308	  198  139   -197   -165    645
20210113170927442	  198  139   -197   -165    646
20210113170927608	  199  139   -195   -165    645
20210113170927775	  198  139   -197   -165    645
20210113170927908	  199  139   -195   -165    645
20210113170928075	  198  138   -197   -167    644
20210113170928242	  198  138   -197   -167    645
20210113170928409	  198  138   -197   -167    645
20210113170928542	  198  138   -197   -167    645
20210113170928709	  200  139   -194   -166    647
20210113170928875	  198  138   -197   -167    645
20210113170929042	  199  138   -196   -167    647
20210113170929175	  201  138   -193   -167    647
20210113170929342	  198  138   -197   -167    645
20210113170929509	  198  138   -197   -167    645
20210113170929642	  199  138   -195   -167    646
20210113170929809	  199  138   -195   -167    646
20210113170929976	  199  138   -196   -167    646
20210113170930142	  199  138   -195   -167    646
20210113170930276	  199  138   -195   -167    646
20210113170930442	  199  138   -195   -167    645
20210113170930609	  200  138   -194   -167    647
20210113170930743	  199  139   -196   -165    646
20210113170930909	  199  138   -196   -167    646
20210113170931076	  199  138   -196   -167    646
20210113170931243	  199  138   -195   -167    646
20210113170931376	  198  138   -197   -167    645
20210113170931543	  199  137   -195   -169    646
20210113170931709	  199  137   -196   -169    646
20210113170931876	  199  137   -195   -169    646
20210113170932009	  198  137   -197   -169    647
20210113170932176	  198  138   -197   -167    646
20210113170932343	  199  136   -196   -171    647
20210113170932476	  199  137   -196   -169    647
20210113170932643	  198  137   -197   -169    646
20210113170932810	  197  137   -199   -169    646
20210113170932976	  198  137   -197   -169    646
20210113170933110	  199  136   -196   -171    647
20210113170933276	  199  137   -196   -169    646
20210113170933443	  199  136   -195   -170    646
20210113170933577	  197  136   -199   -170    646
20210113170933743	  197  136   -199   -170    645
20210113170933910	  198  136   -197   -170    645
20210113170934043	  198  137   -197   -169    646
20210113170934210	  198  137   -197   -169    646
20210113170934377	  198  137   -197   -169    646
20210113170934510	  199  136   -196   -171    647
20210113170934677	  199  136   -196   -171    647
20210113170934844	  198  136   -197   -170    646
20210113170935010	  199  134   -196   -174    648
20210113170935144	  198  135   -197   -172    646
20210113170935310	  198  135   -197   -172    646
20210113170935477	  198  135   -197   -172    646
20210113170935610	  198  135   -198   -172    647
20210113170935777	  199  134   -196   -174    647
20210113170935944	  199  134   -196   -174    647
20210113170936111	  199  134   -196   -174    648
20210113170936244	  198  135   -198   -172    647
20210113170936411	  198  135   -197   -172    646
20210113170936577	  198  134   -198   -174    647
20210113170936711	  198  135   -197   -172    647
20210113170936877	  196  135   -200   -172    645
20210113170937044	  196  135   -200   -172    645
20210113170937211	  198  135   -197   -172    647
20210113170937344	  198  134   -197   -174    647
20210113170937544	  198  134   -198   -174    647
20210113170937711	  198  135   -197   -172    647
20210113170937844	  197  135   -199   -172    646
20210113170938011	  198  134   -198   -174    648
20210113170938178	  197  134   -199   -174    648
20210113170938311	  198  135   -198   -173    649
20210113170938478	  197  135   -199   -172    647
20210113170938645	  197  134   -199   -174    646
20210113170938778	  197  134   -199   -174    647
20210113170938945	  197  134   -199   -174    647
20210113170939111	  197  134   -199   -174    647
20210113170939245	  197  134   -199   -174    647
20210113170939411	  197  133   -199   -176    647
20210113170939578	  197  133   -199   -176    647
20210113170939745	  197  134   -199   -174    647
20210113170939878	  197  133   -199   -176    647
20210113170940078	  196  133   -201   -175    646
20210113170940245	  197  133   -199   -176    648
20210113170940378	  196  133   -201   -175    646
20210113170940545	  197  133   -200   -176    649
20210113170940712	  197  132   -199   -178    647
20210113170940845	  197  132   -200   -178    649
20210113170941012	  197  131   -199   -179    648
20210113170941179	  197  133   -200   -176    649
20210113170941345	  197  131   -199   -179    647
20210113170941479	  197  132   -199   -178    648
20210113170941645	  196  132   -201   -177    647
20210113170941812	  196  132   -201   -178    647
20210113170941945	  196  132   -201   -178    647
20210113170942112	  196  132   -201   -178    648
20210113170942279	  196  132   -201   -178    648
20210113170942412	  195  131   -202   -179    647
20210113170942579	  197  132   -200   -178    650
20210113170942746	  196  131   -201   -179    647
20210113170942879	  195  131   -202   -179    647
20210113170943046	  196  131   -201   -179    648
20210113170943212	  196  131   -201   -179    648
20210113170943346	  196  131   -201   -179    648
20210113170943512	  196  131   -201   -179    648
20210113170943679	  196  131   -201   -179    648
20210113170943846	  196  130   -201   -181    647
20210113170943979	  196  130   -201   -181    647
20210113170944146	  196  131   -201   -179    648
20210113170944313	  196  131   -201   -179    648
20210113170944446	  195  130   -202   -180    646
20210113170944613	  195  130   -202   -181    647
20210113170944779	  195  130   -203   -181    647
20210113170944946	  195  130   -203   -181    647
20210113170945079	  195  130   -202   -181    647
20210113170945246	  195  130   -203   -181    648
20210113170945413	  195  130   -203   -181    648
20210113170945546	  194  129   -205   -183    648
20210113170945713	  194  129   -204   -183    648
20210113170945880	  195  129   -202   -183    647
20210113170946013	  195  129   -203   -183    648
20210113170946180	  195  129   -203   -183    648
20210113170946346	  195  128   -203   -184    647
20210113170946513	  196  127   -201   -186    648
20210113170946646	  195  128   -203   -185    649
20210113170946813	  195  127   -203   -186    649
20210113170946980	  194  129   -205   -183    648
20210113170947147	  195  128   -203   -185    649
20210113170947313	  195  127   -203   -187    649
20210113170947447	  194  128   -205   -185    649
20210113170947613	  195  128   -203   -185    648
20210113170947780	  194  128   -205   -185    649
20210113170947947	  193  128   -206   -185    649
20210113170948080	  193  128   -206   -184    648
20210113170948247	  195  127   -203   -186    649
20210113170948414	  195  128   -203   -185    648
20210113170948547	  195  127   -203   -187    650
20210113170948714	  195  127   -203   -187    650
20210113170948880	  195  127   -203   -186    648
20210113170949014	  194  127   -205   -186    649
20210113170949180	  195  128   -203   -185    649
20210113170949347	  194  128   -205   -185    650
20210113170949480	  194  128   -204   -184    647
20210113170949581	  194  127   -205   -186    649
20210113170949814	  194  127   -205   -187    650
20210113170949981	  194  127   -205   -187    650
20210113170950147	  194  127   -205   -187    650
20210113170950314	  194  127   -205   -186    649
20210113170950447	  194  127   -205   -186    649
20210113170950614	  194  127   -205   -187    650
20210113170950781	  194  127   -205   -186    648
20210113170950914	  195  127   -203   -187    650
20210113170951081	  194  127   -205   -186    649
20210113170951248	  193  126   -206   -188    648
20210113170951414	  194  127   -205   -187    650
20210113170951548	  193  125   -207   -190    649
20210113170951714	  194  127   -205   -187    650
20210113170951881	  195  126   -203   -188    649
20210113170952014	  195  126   -203   -188    649
20210113170952115	  195  126   -203   -188    650
20210113170952281	  195  126   -203   -188    650
20210113170952515	  195  126   -203   -188    650
20210113170952648	  195  126   -203   -188    650
20210113170952815	  194  126   -205   -188    650
20210113170952981	  194  126   -205   -188    650
20210113170953148	  194  126   -205   -189    651
20210113170953315	  194  126   -205   -189    651
20210113170953448	  194  126   -205   -188    650
20210113170953615	  195  126   -204   -189    651
20210113170953782	  195  126   -203   -188    649
20210113170953948	  194  125   -205   -190    650
20210113170954115	  194  125   -205   -190    651
20210113170954282	  195  125   -204   -190    651
20210113170954448	  195  126   -204   -189    651
20210113170954615	  194  125   -205   -190    651
20210113170954782	  194  125   -206   -191    652
20210113170954949	  194  125   -205   -190    650
20210113170955082	  194  125   -206   -191    652
20210113170955249	  194  125   -205   -190    651
20210113170955415	  194  125   -205   -190    650
20210113170955582	  195  123   -203   -194    650
20210113170955749	  194  124   -205   -192    651
20210113170955915	  194  124   -205   -192    650
20210113170956082	  194  124   -205   -192    651
20210113170956249	  194  124   -206   -192    651
20210113170956416	  194  123   -205   -194    651
20210113170956582	  193  124   -207   -192    652
20210113170956749	  194  122   -205   -195    650
20210113170956916	  193  123   -207   -194    651
20210113170957116	  193  123   -207   -194    650
20210113170957282	  193  123   -207   -194    651
20210113170957416	  193  123   -207   -194    651
20210113170957583	  192  123   -209   -194    651
20210113170957749	  193  123   -207   -194    651
20210113170957916	  194  121   -205   -197    651
20210113170958083	  193  121   -207   -197    649
20210113170958249	  193  122   -207   -195    651
20210113170958449	  193  121   -207   -197    649
20210113170958616	  193  121   -206   -197    649
20210113170958783	  192  121   -208   -197    649
20210113170958950	  193  121   -206   -197    649
20210113170959083	  193  121   -206   -197    649
20210113170959150	  191  121   -210   -196    648
20210113170959383	  191  121   -210   -197    649
20210113170959616	  192  121   -208   -197    649
20210113170959783	  191  120   -209   -197    646
20210113170959950	  191  120   -210   -198    649
20210113171000117	  193  121   -207   -197    651
20210113171000283	  191  120   -209   -198    648
20210113171000483	  192  119   -208   -200    649
20210113171000650	  192  120   -208   -198    649
20210113171000817	  192  120   -208   -198    649
20210113171000983	  192  120   -208   -198    650
20210113171001150	  192  119   -208   -200    650
20210113171001317	  192  119   -208   -200    650
20210113171001484	  192  119   -208   -200    650
20210113171001684	  192  119   -208   -200    650
20210113171001850	  192  119   -209   -200    651
20210113171002017	  191  119   -210   -200    650
20210113171002084	  192  118   -209   -202    651
20210113171002184	  192  117   -209   -204    651
20210113171002384	  191  118   -210   -202    650
20210113171002651	  190  118   -212   -202    650
20210113171002851	  190  118   -212   -202    650
20210113171003017	  191  118   -211   -202    652
20210113171003184	  191  118   -210   -202    651
20210113171003351	  191  118   -211   -202    651
20210113171003517	  192  118   -210   -203    654
20210113171003684	  191  118   -210   -202    651
20210113171003884	  191  116   -211   -206    652
20210113171004051	  191  117   -211   -204    652
20210113171004184	  191  116   -211   -206    652
20210113171004384	  191  116   -211   -206    651
20210113171004551	  190  116   -212   -206    651
20210113171004718	  189  116   -213   -205    650
20210113171004884	  189  116   -213   -205    650
20210113171005084	  189  116   -214   -206    651
20210113171005251	  190  116   -212   -206    651
20210113171005418	  190  116   -212   -206    652
20210113171005585	  190  116   -212   -206    652
20210113171005751	  190  116   -212   -206    652
20210113171005918	  191  116   -211   -206    653
20210113171006118	  190  115   -212   -207    651
20210113171006285	  189  115   -214   -207    651
20210113171006451	  190  115   -212   -207    651
20210113171006618	  190  115   -212   -207    651
20210113171006785	  191  114   -211   -209    652
20210113171006985	  189  114   -214   -209    652
20210113171007152	  189  114   -214   -209    651
20210113171007318	  190  114   -212   -209    652
20210113171007485	  190  114   -212   -209    652
20210113171007652	  190  114   -212   -209    652
20210113171007819	  190  113   -212   -211    651
20210113171008019	  190  114   -212   -209    652
20210113171008185	  189  113   -214   -211    651
20210113171008352	  190  112   -212   -213    652
20210113171008519	  190  112   -212   -213    652
20210113171008685	  189  112   -214   -212    651
20210113171008852	  189  112   -214   -213    651
20210113171009052	  189  112   -214   -213    651
20210113171009219	  188  111   -215   -214    651
20210113171009386	  189  112   -214   -213    651
20210113171009552	  190  112   -212   -213    651
20210113171009719	  190  110   -212   -216    652
20210113171009886	  190  110   -212   -216    652
20210113171010052	  190  112   -213   -213    653
20210113171010252	  189  111   -214   -214    651
20210113171010419	  188  111   -216   -214    651
20210113171010586	  189  111   -214   -215    652
20210113171010753	  189  111   -214   -214    652
20210113171010919	  189  110   -214   -216    653
20210113171011086	  188  110   -216   -216    652
20210113171011286	  187  110   -217   -216    652
20210113171011453	  187  110   -217   -216    652
20210113171011619	  188  109   -216   -218    651
20210113171011786	  189  110   -214   -217    653
20210113171011953	  188  110   -216   -216    653
20210113171012120	  189  109   -214   -218    653
20210113171012320	  188  110   -216   -216    652
20210113171012486	  188  109   -216   -218    652
20210113171012653	  188  109   -216   -218    652
20210113171012820	  188  109   -216   -218    652
20210113171012986	  188  109   -216   -218    652
20210113171013153	  188  109   -216   -218    653
20210113171013353	  188  108   -217   -220    654
20210113171013520	  189  107   -214   -222    653
20210113171013687	  189  107   -214   -222    653
20210113171013853	  188  107   -216   -221    652
20210113171014020	  187  107   -218   -221    653
20210113171014187	  188  107   -216   -222    653
20210113171014387	  188  108   -216   -220    653
20210113171014553	  188  107   -216   -221    653
20210113171014720	  187  106   -218   -223    653
20210113171014887	  187  106   -218   -223    653
20210113171015054	  188  107   -216   -222    654
20210113171015254	  188  106   -216   -224    654
20210113171015420	  186  106   -220   -224    654
20210113171015587	  187  106   -218   -223    654
20210113171015920	  187  106   -218   -223    653
20210113171016087	  188  106   -458   -476   1385
20210113171016287	  187  106   -218   -223    653
20210113171016454	  187  104   -218   -227    655
20210113171016621	  188  104   -293   -309    889
20210113171016787	  188  104   -217   -228    655
20210113171016954	  186  106   -220   -224    656
20210113171017154	  187  105   -218   -226    655
20210113171017321	  188  105   -217   -226    655
20210113171017488	  187  105   -218   -226    655
20210113171017654	  187  105   -219   -226    656
20210113171017821	  186  105   -220   -225    654
20210113171018021	  188  104   -217   -227    655
20210113171018188	  188  103   -217   -229    656
20210113171018354	  188  103   -217   -229    656
20210113171018454	  188  103   -217   -229    656
20210113171018655	  187  103   -218   -229    655
20210113171019155	  186  103   -220   -229    655
20210113171019288	  186  103   -221   -230    656
20210113171019488	  186  104   -220   -228    656
20210113171019788	  185  103   -222   -229    656
20210113171019922	  185  103   -222   -229    656
20210113171020122	  187  102   -218   -231    655
20210113171020288	  186  102   -220   -231    655
20210113171020455	  187  102   -219   -231    656
20210113171020622	  186  102   -220   -231    655
20210113171020788	  185  102   -222   -231    656
20210113171020988	  186  101   -220   -233    656
20210113171021155	  186  101   -220   -233    655
20210113171021322	  187  101   -219   -233    656
20210113171021389	  186  102   -220   -231    656
20210113171021622	  186  101   -220   -232    655
20210113171021855	  187  100   -218   -234    655
20210113171022022	  186  100   -220   -234    655
20210113171022189	  186  100   -220   -234    654
20210113171022322	  187  100   -219   -235    656
20210113171022522	  184  101   -224   -233    655
20210113171022689	  186  100   -220   -234    656
20210113171022889	  187   99   -219   -237    657
20210113171023056	  186  100   -220   -235    656
20210113171023222	  186   99   -221   -236    657
20210113171023389	  186   98   -220   -238    656
20210113171023556	  185   99   -222   -236    656
20210113171023722	  185   99   -222   -236    657
20210113171023923	  185   99   -223   -237    658
20210113171024089	  186   98   -221   -238    657
20210113171024256	  185   98   -222   -238    656
20210113171024423	  184   99   -224   -237    657
20210113171024589	  185   99   -223   -237    659
20210113171024756	  185   97   -223   -241    659
20210113171024923	  185   99   -223   -237    658
20210113171025123	  185   98   -223   -239    658
20210113171025290	  184   97   -224   -240    658
20210113171025456	  185   97   -223   -241    659
20210113171025623	  184   98   -225   -239    658
20210113171025790	  185   98   -223   -239    659
20210113171025990	  185   96   -223   -242    659
20210113171026156	  185   96   -223   -242    658
20210113171026323	  184   98   -225   -239    659
20210113171026490	  184   98   -225   -239    660
20210113171026657	  184   97   -225   -241    659
20210113171026857	  186   97   -222   -241    660
20210113171027023	  185   96   -223   -242    659
20210113171027190	  186   97   -222   -241    660
20210113171027357	  186   95   -221   -244    659
20210113171027523	  183   97   -227   -241    659
20210113171027690	  185   96   -223   -243    660
20210113171027890	  183   95   -226   -244    659
20210113171028057	  184   96   -225   -242    659
20210113171028224	  184   97   -225   -241    659
20210113171028390	  183   96   -227   -243    660
20210113171028557	  184   95   -225   -244    659
20210113171028724	  183   96   -227   -243    660
20210113171028924	  185   95   -224   -245    661
20210113171029091	  183   94   -226   -246    659
20210113171029257	  183   94   -226   -246    659
20210113171029424	  185   95   -223   -244    660
20210113171029591	  182   95   -228   -244    660
20210113171029757	  183   95   -227   -244    660
20210113171029957	  184   95   -225   -244    659
20210113171030124	  183   94   -226   -246    659
20210113171030291	  185   94   -224   -246    661
20210113171030458	  185   94   -224   -246    661
20210113171030624	  184   93   -225   -248    659
20210113171030791	  183   94   -227   -246    660
20210113171030958	  185   94   -224   -247    661
20210113171031158	  182   94   -228   -246    660
20210113171031324	  184   92   -225   -249    659
20210113171031491	  183   94   -227   -246    660
20210113171031658	  184   92   -225   -250    660
20210113171031825	  184   92   -225   -250    661
20210113171032025	  184   92   -225   -250    660
20210113171032191	  184   92   -225   -250    660
20210113171032358	  184   92   -225   -250    660
20210113171032525	  182   93   -229   -248    660
20210113171032691	  182   93   -229   -248    660
20210113171032858	  184   92   -225   -250    660
20210113171033058	  184   92   -225   -250    661
20210113171033225	  182   93   -229   -248    660
20210113171033392	  184   91   -225   -252    661
20210113171033558	  182   91   -228   -251    660
20210113171033658	  182   91   -228   -251    659
20210113171033925	  182   92   -229   -250    660
20210113171034092	  183   91   -227   -251    660
20210113171034258	  184   91   -225   -252    661
20210113171034425	  182   91   -229   -251    660
20210113171034592	  182   91   -229   -252    660
20210113171034759	  184   91   -226   -252    662
20210113171034959	  183   90   -227   -254    661
20210113171035125	  182   91   -229   -252    660
20210113171035292	  184   91   -226   -252    662
20210113171035492	  183   92   -227   -250    661
20210113171035626	  182   91   -229   -252    661
20210113171035792	  185   89   -224   -256    663
20210113171035992	  182   90   -229   -253    661
20210113171036159	  181   90   -231   -254    661
20210113171036292	  184   90   -226   -254    663
20210113171036492	  184   90   -226   -254    662
20210113171036659	  184   89   -226   -256    663
20210113171036859	  183   89   -227   -256    662
20210113171037026	  184   88   -226   -258    663
20210113171037193	  182   90   -229   -254    662
20210113171037359	  182   89   -229   -256    663
20210113171037526	  183   88   -228   -258    663
20210113171037693	  184   89   -226   -256    663
20210113171037893	  182   91   -229   -252    662
20210113171038059	  183   87   -228   -260    664
20210113171038226	  183   88   -228   -258    663
20210113171038393	  183   89   -228   -256    663
20210113171038560	  181   89   -231   -256    662
20210113171038760	  184   88   -226   -258    664
20210113171038926	  182   89   -229   -256    662
20210113171039093	  184   88   -226   -258    664
20210113171039260	  183   88   -228   -258    664
20210113171039426	  184   88   -226   -258    664
20210113171039593	  183   87   -228   -260    665
20210113171039793	  183   87   -228   -260    664
20210113171039960	  183   87   -228   -260    664
20210113171040127	  181   88   -232   -258    664
20210113171040327	  181   88   -232   -258    665
20210113171040493	  181   88   -232   -258    664
20210113171040693	  182   88   -230   -258    665
20210113171040860	  182   88   -230   -259    665
20210113171041027	  183   87   -229   -261    666
20210113171041227	  181   87   -232   -260    665
20210113171041394	  181   86   -232   -263    667
20210113171041560	  181   87   -232   -261    666
20210113171041727	  181   87   -232   -260    665
20210113171041927	  181   86   -232   -262    666
20210113171042094	  182   86   -230   -262    666
20210113171042261	  183   86   -229   -262    666
20210113171042461	  182   86   -230   -262    666
20210113171042627	  183   86   -229   -262    666
20210113171042794	  182   86   -231   -262    666
20210113171042961	  183   86   -229   -263    668
20210113171043127	  183   86   -230   -263    668
20210113171043327	  183   86   -229   -263    667
20210113171043494	  183   85   -229   -265    668
20210113171043694	  183   83   -229   -268    666
20210113171043861	  182   83   -231   -268    667
20210113171044028	  183   85   -229   -265    668
20210113171044228	  182   83   -230   -267    666
20210113171044394	  182   83   -230   -267    665
20210113171044561	  183   84   -229   -266    667
20210113171044761	  182   84   -230   -266    666
20210113171044928	  182   83   -231   -268    666
20210113171045095	  182   85   -231   -264    666
20210113171045295	  182   85   -231   -264    667
20210113171045461	  183   84   -229   -266    667
20210113171045661	  182   84   -231   -266    666
20210113171045828	  180   84   -234   -266    666
20210113171045995	  183   83   -229   -267    666
20210113171046195	  183   84   -229   -266    666
20210113171046362	  181   84   -232   -266    666
20210113171046528	  181   84   -232   -266    667
20210113171046728	  181   84   -232   -266    666
20210113171046895	  182   83   -230   -267    665
20210113171047062	  183   83   -229   -268    666
20210113171047262	  179   83   -235   -267    664
20210113171047429	  183   83   -229   -268    666
20210113171047595	  182   82   -230   -269    665
20210113171047795	  182   83   -230   -267    665
20210113171047995	  183   82   -229   -269    666
20210113171048162	  183   82   -229   -269    667
20210113171048329	  181   83   -232   -267    665
20210113171048529	  181   83   -232   -267    665
20210113171048695	  181   83   -232   -267    664
20210113171048896	  182   83   -230   -267    665
20210113171049096	  183   81   -229   -271    665
20210113171049262	  182   83   -230   -267    665
20210113171049429	  182   83   -231   -268    666
20210113171049629	  182   82   -231   -269    666
20210113171049796	  180   83   -234   -267    665
20210113171049996	  180   83   -234   -267    665
20210113171050129	  183   81   -229   -271    666
20210113171050263	  180   83   -233   -267    664
20210113171050529	  181   82   -232   -269    666
20210113171050729	  181   82   -232   -269    664
20210113171050896	  181   82   -232   -269    665
20210113171051029	  180   83   -234   -267    665
20210113171051029	  181   82   -232   -269    666
20210113171051129	  181   82   -232   -269    665
20210113171051263	  180   83   -234   -267    665
20210113171051263	  181   82   -232   -269    666
20210113171051363	  181   82   -232   -269    666
20210113171051363	  180   83   -234   -268    667
20210113171051463	  181   82   -232   -269    664
20210113171051563	  181   82   -232   -269    666
20210113171051630	  181   82   -232   -269    664
20210113171051763	  181   82   -232   -269    665
20210113171051796	  181   82   -232   -269    665
20210113171052130	  180   82   -234   -269    665
20210113171052463	  180   83   -234   -267    665
20210113171052797	  179   81   -235   -271    665
20210113171052863	  183   81   -229   -272    668
20210113171052930	  180   82   -233   -268    664
20210113171053097	  183   81   -229   -272    667
20210113171053130	  181   83   -232   -267    665
20210113171053197	  183   81   -229   -271    666
20210113171053330	  183   81   -229   -271    666
20210113171053430	  183   81   -229   -271    667
20210113171053597	  183   81   -229   -271    666
20210113171053930	  179   81   -236   -271    665
20210113171054164	  180   82   -233   -269    664
20210113171054264	  182   81   -230   -271    666
20210113171054597	  183   81   -229   -272    667
20210113171054897	  179   81   -235   -270    664
20210113171055197	  182   81   -231   -271    666
20210113171055531	  181   81   -233   -272    668
20210113171055864	  180   80   -234   -272    665
20210113171056164	  181   81   -232   -271    666
20210113171056497	  180   81   -234   -271    665
20210113171056764	  181   81   -232   -271    665
20210113171056764	  181   81   -232   -271    665
20210113171057131	  181   81   -232   -271    666
20210113171057264	  180   82   -234   -269    666
20210113171057564	  180   82   -234   -269    665
20210113171057898	  180   81   -233   -270    665
20210113171058231	  181   81   -232   -271    666
20210113171058531	  180   82   -234   -270    667
20210113171058831	  183   80   -229   -273    667
20210113171059165	  181   81   -232   -271    666
20210113171059498	  180   81   -234   -271    665
20210113171059798	  182   81   -230   -271    665
20210113171100065	  181   81   -232   -270    665
20210113171100165	  181   81   -232   -271    666
20210113171100265	  182   80   -231   -273    667
20210113171100265	  182   81   -231   -272    667
20210113171100398	  181   80   -232   -273    665
20210113171100599	  182   81   -231   -271    667
20210113171100899	  183   80   -229   -273    666
20210113171101232	  182   82   -231   -270    668
20210113171101565	  180   80   -234   -273    666
20210113171101665	  182   79   -230   -274    665
20210113171101732	  182   79   -231   -275    667
20210113171101999	  181   79   -232   -275    667
20210113171102299	  182   79   -231   -275    666
20210113171102632	  182   79   -231   -275    667
20210113171102966	  182   79   -231   -275    667
20210113171103266	  182   78   -231   -277    667
20210113171103466	  181   78   -232   -276    667
20210113171103666	  181   79   -233   -275    667
20210113171103833	  181   77   -233   -279    668
20210113171104033	  181   78   -233   -277    668
20210113171104233	  181   78   -233   -277    667
20210113171104399	  182   77   -231   -279    667
20210113171104599	  180   78   -235   -277    668
20210113171104800	  180   78   -234   -277    668
20210113171104966	  182   78   -231   -277    669
20210113171105166	  180   78   -234   -277    668
20210113171105333	  182   78   -231   -277    668
20210113171105533	  182   77   -231   -279    669
20210113171105733	  181   78   -232   -276    666
20210113171105900	  181   80   -232   -273    666
20210113171106100	  182   78   -231   -277    668
20210113171106300	  183   79   -229   -275    668
20210113171106467	  182   79   -230   -274    665
20210113171106667	  181   79   -232   -275    667
20210113171106867	  182   80   -231   -273    668
20210113171107033	  182   79   -231   -275    667
20210113171107233	  181   78   -233   -277    668
20210113171107400	  182   80   -231   -273    666
20210113171107600	  182   78   -231   -277    668
20210113171107800	  182   79   -231   -275    667
20210113171107934	  181   78   -233   -277    668
20210113171108100	  181   79   -233   -275    668
20210113171108367	  182   80   -231   -273    667
20210113171108534	  181   80   -232   -273    666
20210113171108734	  180   80   -234   -273    665
20210113171108901	  182   78   -231   -277    668
20210113171109101	  181   81   -232   -271    666
20210113171109301	  181   79   -232   -275    667
20210113171109467	  179   79   -236   -275    667
20210113171109667	  182   79   -231   -275    667
20210113171109868	  181   78   -233   -277    667
20210113171110034	  182   79   -231   -275    668
20210113171110234	  182   79   -231   -275    667
20210113171110434	  181   80   -232   -273    667
20210113171110601	  182   78   -231   -277    667
20210113171110801	  182   80   -231   -273    668
20210113171111001	  182   78   -230   -276    666
20210113171111168	  181   79   -232   -275    667
20210113171111268	  180   79   -234   -275    666
20210113171111368	  182   78   -231   -276    667
20210113171111468	  182   78   -231   -277    667
20210113171111501	  182   79   -231   -275    667
20210113171111601	  181   79   -232   -274    666
20210113171111668	  182   78   -231   -277    667
20210113171111768	  182   78   -231   -277    667
20210113171111835	  182   78   -231   -277    668
20210113171111968	  182   80   -231   -274    668
20210113171112201	  180   79   -234   -274    666
20210113171112335	  180   79   -234   -274    665
20210113171112468	  183   79   -229   -275    667
20210113171112568	  179   79   -236   -275    667
20210113171112635	  179   78   -236   -277    667
20210113171112702	  182   78   -231   -277    667
20210113171112868	  182   78   -231   -277    669
20210113171113168	  182   78   -231   -277    668
20210113171113502	  181   80   -232   -273    666
20210113171113768	  182   78   -231   -276    666
20210113171113935	  180   79   -234   -275    666
