20210113170643832	  169   86   -230   -238    605
20210113170644030	  168   86   -231   -238    604
20210113170644096	  170   86   -228   -238    605
20210113170644129	  168   85   -231   -240    605
20210113170644162	  170   86   -229   -238    606
20210113170644195	  170   87   -229   -237    607
20210113170644260	  168   85   -231   -240    605
20210113170644424	  169   86   -230   -238    605
20210113170644588	  170   84   -228   -241    603
20210113170644654	  170   85   -228   -240    605
20210113170644719	  170   85   -228   -240    605
20210113170644784	  168   86   -232   -239    608
20210113170644882	  170   83   -227   -242    602
20210113170644948	  170   86   -228   -238    605
20210113170645013	  170   86   -229   -239    606
20210113170645110	  168   86   -232   -239    606
20210113170645175	  168   86   -232   -238    605
20210113170645239	  170   86   -229   -239    606
20210113170645336	  168   86   -232   -238    606
20210113170645432	  170   85   -228   -240    605
20210113170645497	  169   86   -230   -238    605
20210113170645561	  169   86   -230   -239    606
20210113170645658	  170   85   -228   -240    605
20210113170645725	  169   86   -230   -238    606
20210113170645825	  169   86   -230   -239    606
20210113170645891	  172   85   -225   -240    605
20210113170645958	  169   86   -230   -238    605
20210113170646058	  170   85   -228   -240    605
20210113170646125	  170   87   -229   -237    607
20210113170646191	  171   84   -226   -241    603
20210113170646291	  169   86   -230   -238    605
20210113170646358	  170   87   -229   -237    606
20210113170646425	  169   86   -230   -238    604
20210113170646525	  169   86   -230   -238    606
20210113170646625	  171   86   -227   -239    606
20210113170646692	  170   87   -229   -237    606
20210113170646792	  169   86   -230   -238    605
20210113170646858	  169   86   -230   -238    605
20210113170646925	  169   86   -229   -238    604
20210113170647025	  171   86   -227   -239    606
20210113170647091	  169   86   -231   -239    607
20210113170647191	  169   86   -230   -239    606
20210113170647257	  169   86   -230   -238    605
20210113170647357	  169   86   -230   -239    606
20210113170647424	  170   87   -229   -238    608
20210113170647524	  170   87   -229   -237    606
20210113170647590	  169   86   -230   -238    605
20210113170647690	  169   86   -230   -239    606
20210113170647757	  170   85   -228   -240    605
20210113170647857	  169   86   -230   -238    606
20210113170647957	  170   87   -229   -237    607
20210113170648057	  169   86   -230   -239    607
20210113170648124	  171   86   -227   -238    605
20210113170648191	  170   85   -228   -240    605
20210113170648291	  169   86   -231   -239    607
20210113170648358	  169   86   -230   -238    605
20210113170648458	  170   87   -230   -238    609
20210113170648559	  169   86   -230   -239    606
20210113170648626	  170   87   -229   -237    606
20210113170648726	  169   86   -230   -238    605
20210113170648827	  170   87   -229   -237    606
20210113170648894	  170   87   -229   -237    607
20210113170648995	  170   87   -228   -237    605
20210113170649096	  170   87   -228   -236    605
20210113170649164	  169   86   -230   -238    605
20210113170649265	  170   87   -229   -237    606
20210113170649332	  171   86   -227   -238    606
20210113170649433	  169   86   -230   -238    605
20210113170649501	  169   86   -230   -238    604
20210113170649602	  169   86   -230   -239    606
20210113170649669	  169   86   -230   -239    606
20210113170649735	  169   86   -230   -239    606
20210113170649902	  170   85   -228   -240    605
20210113170649935	  171   86   -226   -238    604
20210113170649969	  169   86   -230   -238    606
20210113170650002	  170   87   -229   -237    607
20210113170650035	  170   87   -229   -237    607
20210113170650102	  169   86   -230   -238    605
20210113170650202	  170   87   -229   -237    607
20210113170650269	  170   87   -229   -237    606
20210113170650435	  170   87   -229   -237    606
20210113170650569	  170   87   -229   -238    607
20210113170650802	  171   86   -227   -238    605
20210113170650902	  170   87   -229   -237    606
20210113170651002	  169   86   -230   -238    605
20210113170651102	  169   86   -230   -239    606
20210113170651202	  170   87   -228   -237    605
20210113170651302	  169   86   -230   -239    606
20210113170651402	  169   86   -230   -239    607
20210113170651402	  169   86   -230   -239    607
20210113170651502	  169   86   -230   -239    606
20210113170651502	  169   86   -230   -239    606
20210113170651769	  169   86   -230   -239    606
20210113170651869	  169   86   -230   -238    605
20210113170651969	  171   86   -227   -238    605
20210113170652069	  171   86   -227   -239    606
20210113170652169	  169   86   -231   -239    607
20210113170652269	  171   86   -228   -239    607
20210113170652336	  170   87   -229   -237    606
20210113170652436	  169   86   -231   -239    607
20210113170652503	  169   86   -230   -239    606
20210113170652603	  169   86   -230   -239    607
20210113170652636	  169   86   -231   -239    607
20210113170652803	  170   87   -230   -238    609
20210113170652869	  170   87   -229   -238    608
20210113170653003	  171   84   -226   -241    604
20210113170653103	  170   85   -228   -240    605
20210113170653203	  171   85   -227   -240    606
20210113170653303	  170   87   -229   -237    607
20210113170653369	  170   85   -228   -240    605
20210113170653470	  171   86   -227   -239    607
20210113170653570	  169   86   -230   -238    605
20210113170653670	  169   86   -230   -238    605
20210113170653770	  171   86   -226   -237    603
20210113170653836	  170   85   -228   -240    605
20210113170653936	  171   86   -227   -238    605
20210113170654036	  171   86   -227   -239    606
20210113170654136	  171   86   -227   -238    606
20210113170654236	  170   86   -228   -238    605
20210113170654303	  169   86   -230   -238    605
20210113170654403	  171   86   -227   -238    605
20210113170654503	  171   86   -227   -238    605
20210113170654603	  171   86   -227   -239    607
20210113170654703	  170   86   -228   -238    605
20210113170654770	  171   86   -227   -238    605
20210113170654870	  170   85   -228   -240    605
20210113170654970	  171   86   -227   -238    605
20210113170655070	  171   86   -227   -238    605
20210113170655170	  170   85   -228   -240    605
20210113170655270	  170   85   -228   -240    605
20210113170655337	  169   86   -231   -239    608
20210113170655437	  169   86   -230   -239    606
20210113170655537	  169   86   -230   -238    606
20210113170655637	  171   86   -227   -238    606
20210113170655737	  169   86   -230   -239    606
20210113170655803	  171   86   -227   -239    606
20210113170655837	  170   86   -228   -238    605
20210113170656004	  171   86   -227   -238    605
20210113170656104	  171   86   -227   -239    607
20210113170656204	  171   86   -227   -239    607
20210113170656304	  170   86   -229   -239    606
20210113170656337	  170   85   -228   -240    605
20210113170656470	  169   86   -231   -239    608
20210113170656570	  170   85   -228   -239    604
20210113170656670	  169   86   -230   -239    607
20210113170656770	  170   85   -228   -240    605
20210113170656837	  171   86   -227   -239    607
20210113170656970	  172   85   -225   -240    605
20210113170657070	  171   86   -227   -238    606
20210113170657170	  169   86   -230   -239    607
20210113170657237	  171   86   -227   -238    606
20210113170657337	  170   85   -228   -240    605
20210113170657437	  170   85   -228   -240    605
20210113170657537	  171   86   -227   -238    606
20210113170657637	  170   85   -228   -240    605
20210113170657704	  171   86   -226   -238    604
20210113170657804	  171   86   -227   -238    606
20210113170657904	  169   86   -231   -239    607
20210113170658004	  170   85   -229   -240    606
20210113170658104	  171   86   -227   -238    605
20210113170658204	  171   86   -227   -239    607
20210113170658271	  171   86   -227   -238    605
20210113170658371	  170   85   -228   -240    605
20210113170658471	  171   86   -227   -239    606
20210113170658571	  170   85   -228   -240    605
20210113170658671	  171   86   -227   -239    607
20210113170658771	  169   86   -230   -239    607
20210113170658838	  170   85   -228   -240    605
20210113170658938	  170   86   -228   -238    605
20210113170659038	  170   85   -229   -240    606
20210113170659138	  171   86   -227   -239    606
20210113170659238	  171   86   -227   -238    605
20210113170659304	  170   85   -228   -240    605
20210113170659338	  171   86   -227   -238    605
20210113170659404	  171   85   -226   -239    604
20210113170659438	  171   86   -226   -238    604
20210113170659471	  170   85   -228   -240    605
20210113170659538	  169   86   -230   -238    605
20210113170659638	  171   86   -227   -238    605
20210113170659671	  170   85   -228   -240    605
20210113170659838	  171   86   -227   -239    606
20210113170700038	  171   86   -227   -239    606
20210113170700238	  170   85   -228   -239    603
20210113170700371	  170   85   -228   -240    605
20210113170700438	  170   85   -228   -239    603
20210113170700538	  171   86   -227   -239    607
20210113170700638	  170   85   -228   -240    605
20210113170700738	  171   86   -227   -238    605
20210113170700838	  171   86   -227   -239    606
20210113170700905	  171   86   -227   -239    606
20210113170700971	  170   85   -228   -240    605
20210113170701071	  170   85   -228   -240    605
20210113170701105	  170   85   -229   -240    606
20210113170701271	  171   86   -227   -238    605
20210113170701405	  170   85   -228   -240    605
20210113170701472	  171   86   -227   -239    607
20210113170701605	  170   85   -228   -240    605
20210113170701638	  171   86   -227   -239    606
20210113170701738	  171   86   -227   -239    607
20210113170701838	  171   86   -227   -238    605
20210113170701872	  171   86   -227   -238    606
20210113170701905	  170   85   -228   -240    605
20210113170701938	  169   86   -230   -239    606
20210113170702005	  170   86   -228   -238    606
20210113170702038	  170   85   -228   -239    604
20210113170702072	  171   86   -227   -239    606
20210113170702105	  170   85   -228   -240    605
20210113170702172	  171   86   -227   -238    606
20210113170702205	  169   86   -230   -238    605
20210113170702238	  170   85   -228   -240    605
20210113170702338	  170   85   -228   -240    605
20210113170702405	  171   86   -227   -238    605
20210113170702472	  171   86   -227   -238    605
20210113170702538	  170   85   -228   -240    605
20210113170702605	  170   85   -228   -239    604
20210113170702672	  171   86   -226   -238    604
20210113170702772	  171   86   -227   -238    605
20210113170702839	  171   86   -227   -239    606
20210113170703005	  171   86   -227   -238    605
20210113170703205	  169   86   -230   -239    606
20210113170703405	  171   86   -227   -239    606
20210113170703605	  170   85   -228   -240    605
20210113170703806	  171   86   -227   -238    605
20210113170704006	  170   85   -228   -240    605
20210113170704206	  169   86   -230   -239    607
20210113170704272	  171   86   -227   -238    605
20210113170704339	  171   86   -227   -238    605
20210113170704406	  171   86   -227   -239    606
20210113170704472	  171   86   -227   -238    605
20210113170704506	  170   85   -229   -240    606
20210113170704572	  171   86   -227   -238    605
20210113170704706	  171   86   -227   -238    605
20210113170704906	  170   85   -228   -240    604
20210113170705106	  171   86   -227   -238    605
20210113170705239	  170   86   -229   -239    607
20210113170705306	  170   85   -229   -240    606
20210113170705406	  170   85   -228   -240    605
20210113170705506	  171   86   -228   -239    608
20210113170705606	  171   84   -226   -240    603
20210113170705706	  170   85   -228   -240    605
20210113170705806	  171   86   -226   -238    604
20210113170705873	  170   85   -228   -239    604
20210113170705973	  171   86   -227   -239    606
20210113170706073	  171   86   -227   -239    607
20210113170706173	  170   85   -228   -239    603
20210113170706273	  171   86   -227   -238    605
20210113170706339	  171   86   -227   -238    605
20210113170706440	  170   85   -228   -240    605
20210113170706573	  171   86   -227   -238    605
20210113170706673	  170   86   -228   -238    605
20210113170706773	  170   86   -228   -238    605
20210113170706873	  170   86   -228   -238    605
20210113170706973	  170   86   -228   -238    605
20210113170707073	  170   86   -228   -238    605
20210113170707140	  169   86   -230   -238    605
20210113170707240	  169   86   -230   -239    606
20210113170707273	  171   87   -227   -236    605
20210113170707306	  170   86   -228   -238    605
20210113170707340	  170   86   -228   -238    605
20210113170707406	  170   86   -228   -238    606
20210113170707473	  170   86   -228   -238    604
20210113170707540	  169   86   -230   -239    606
20210113170707573	  169   86   -230   -239    606
20210113170707707	  171   86   -226   -238    604
20210113170707807	  171   86   -227   -238    605
20210113170708007	  170   87   -228   -237    605
20210113170708173	  171   86   -227   -238    605
20210113170708373	  171   87   -227   -237    606
20210113170708507	  171   88   -227   -235    605
20210113170708640	  171   88   -227   -235    605
20210113170708740	  171   88   -227   -235    606
20210113170708840	  171   88   -227   -235    605
20210113170708940	  169   87   -230   -237    605
20210113170709040	  171   88   -226   -235    604
20210113170709107	  171   86   -226   -237    603
20210113170709207	  171   86   -226   -238    603
20210113170709240	  171   87   -226   -236    604
20210113170709407	  169   87   -229   -236    604
20210113170709507	  169   87   -229   -236    602
20210113170709574	  171   87   -226   -236    604
20210113170709674	  172   87   -225   -236    604
20210113170709774	  172   87   -224   -236    603
20210113170709874	  172   86   -224   -237    603
20210113170709940	  170   88   -228   -235    605
20210113170710074	  169   87   -230   -236    604
20210113170710174	  172   87   -225   -236    604
20210113170710274	  170   88   -228   -235    604
20210113170710340	  170   88   -228   -235    604
20210113170710441	  172   87   -225   -236    604
20210113170710541	  172   87   -225   -236    604
20210113170710641	  171   87   -226   -236    604
20210113170710741	  171   87   -226   -236    603
20210113170710807	  171   87   -226   -236    603
20210113170710907	  172   87   -225   -236    604
20210113170711007	  171   87   -226   -236    603
20210113170711107	  172   89   -225   -234    605
20210113170711207	  172   88   -225   -235    604
20210113170711274	  171   88   -226   -235    604
20210113170711374	  171   88   -226   -235    604
20210113170711474	  171   88   -226   -235    604
20210113170711574	  172   88   -225   -235    604
20210113170711674	  170   88   -228   -235    604
20210113170711741	  172   89   -225   -233    604
20210113170711841	  170   88   -227   -234    602
20210113170711941	  172   88   -224   -234    603
20210113170712041	  172   89   -225   -233    605
20210113170712141	  172   89   -225   -233    604
20210113170712241	  170   89   -228   -233    605
20210113170712308	  172   88   -224   -234    602
20210113170712408	  172   90   -225   -232    604
20210113170712508	  172   89   -224   -233    603
20210113170712608	  172   88   -225   -234    604
20210113170712708	  171   89   -227   -234    605
20210113170712808	  172   90   -225   -231    604
20210113170712908	  172   89   -224   -233    603
20210113170712975	  172   89   -225   -233    605
20210113170713075	  172   89   -225   -233    604
20210113170713175	  172   90   -225   -231    604
20210113170713275	  170   89   -228   -233    604
20210113170713375	  172   89   -225   -234    605
20210113170713475	  172   89   -225   -233    604
20210113170713541	  170   90   -228   -231    603
20210113170713675	  173   89   -222   -232    602
20210113170713741	  170   89   -227   -233    603
20210113170713841	  171   90   -226   -231    602
20210113170713941	  171   90   -226   -231    603
20210113170714041	  171   90   -227   -232    605
20210113170714141	  172   89   -225   -233    604
20210113170714241	  172   89   -224   -233    603
20210113170714341	  172   89   -224   -233    603
20210113170714442	  172   89   -224   -233    603
20210113170714542	  171   90   -226   -231    602
20210113170714642	  171   90   -226   -231    603
20210113170714742	  171   90   -225   -231    602
20210113170714808	  171   90   -226   -232    604
20210113170714908	  173   90   -223   -231    604
20210113170715042	  172   90   -225   -232    604
20210113170715108	  174   90   -222   -232    604
20210113170715208	  174   90   -222   -231    604
20210113170715275	  172   90   -224   -231    603
20210113170715375	  170   90   -227   -231    602
20210113170715408	  173   91   -223   -230    603
20210113170715442	  171   90   -226   -232    604
20210113170715508	  173   90   -223   -231    604
20210113170715742	  173   90   -223   -231    602
20210113170715875	  173   90   -223   -231    602
20210113170715975	  175   91   -220   -230    603
20210113170716075	  173   92   -223   -228    603
20210113170716209	  173   92   -223   -228    604
20210113170716275	  173   90   -223   -231    602
20210113170716375	  173   92   -223   -228    604
20210113170716475	  173   92   -223   -228    604
20210113170716575	  173   92   -223   -228    603
20210113170716675	  174   91   -221   -230    603
20210113170716742	  173   91   -222   -229    602
20210113170716775	  173   91   -223   -230    603
20210113170716875	  171   91   -226   -229    602
20210113170716909	  173   91   -223   -229    602
20210113170717042	  174   91   -221   -229    603
20210113170717176	  173   91   -223   -230    604
20210113170717376	  172   91   -224   -229    602
20210113170717476	  172   92   -225   -228    604
20210113170717576	  173   91   -222   -229    602
20210113170717676	  173   91   -223   -229    602
20210113170717809	  173   91   -223   -230    603
20210113170717842	  173   91   -223   -229    602
20210113170717942	  173   91   -222   -229    602
20210113170718042	  174   91   -221   -229    602
20210113170718076	  173   91   -222   -229    601
20210113170718142	  174   92   -221   -227    601
20210113170718276	  172   92   -224   -228    603
20210113170718509	  171   92   -225   -227    602
20210113170718609	  175   92   -220   -228    603
20210113170718743	  172   92   -224   -227    602
20210113170718876	  175   92   -219   -228    602
20210113170718909	  172   92   -224   -228    603
20210113170718976	  174   92   -221   -227    602
20210113170719043	  173   93   -222   -226    602
20210113170719109	  173   93   -223   -226    602
20210113170719309	  174   92   -221   -228    602
20210113170719543	  174   92   -221   -228    602
20210113170719643	  174   94   -221   -225    602
20210113170719776	  175   93   -219   -226    602
20210113170719876	  175   94   -219   -225    602
20210113170719976	  174   93   -221   -226    603
20210113170720076	  175   93   -220   -226    603
20210113170720210	  175   94   -220   -225    602
20210113170720310	  175   93   -219   -226    601
20210113170720410	  172   93   -224   -226    602
20210113170720543	  175   93   -219   -226    601
20210113170720643	  175   93   -219   -226    602
20210113170720743	  174   95   -221   -223    603
20210113170720843	  173   93   -222   -226    601
20210113170720976	  174   94   -221   -225    602
20210113170721076	  174   93   -220   -225    600
20210113170721177	  175   93   -219   -226    601
20210113170721277	  175   93   -219   -226    602
20210113170721410	  174   93   -221   -226    602
20210113170721510	  174   92   -221   -227    601
20210113170721610	  173   94   -223   -225    603
20210113170721743	  173   94   -222   -224    601
20210113170721843	  175   93   -219   -226    601
20210113170721943	  175   94   -219   -224    602
20210113170722043	  175   94   -219   -224    601
20210113170722177	  174   94   -221   -224    601
20210113170722277	  175   94   -219   -224    601
20210113170722377	  174   95   -221   -223    602
20210113170722510	  174   95   -221   -223    601
20210113170722610	  174   95   -221   -223    602
20210113170722710	  175   94   -219   -224    602
20210113170722810	  174   94   -221   -224    602
20210113170722944	  175   94   -219   -224    602
20210113170723044	  175   94   -219   -224    602
20210113170723144	  175   94   -219   -224    600
20210113170723244	  174   95   -221   -223    601
20210113170723344	  174   95   -221   -223    601
20210113170723377	  174   95   -221   -223    602
20210113170723477	  175   94   -219   -224    601
20210113170723577	  176   95   -218   -223    602
20210113170723677	  176   95   -218   -223    602
20210113170723744	  174   95   -221   -223    601
20210113170723977	  176   95   -217   -223    601
20210113170724144	  175   95   -219   -223    602
20210113170724244	  175   95   -219   -223    602
20210113170724344	  175   95   -219   -223    601
20210113170724477	  175   95   -220   -224    604
20210113170724577	  175   95   -220   -223    603
20210113170724677	  175   95   -219   -223    601
20210113170724777	  176   95   -218   -223    602
20210113170724911	  176   95   -218   -223    602
20210113170724977	  176   95   -218   -223    601
20210113170725077	  176   95   -218   -223    601
20210113170725244	  176   96   -218   -222    604
20210113170725344	  176   96   -219   -222    604
20210113170725444	  174   95   -221   -223    602
20210113170725578	  176   96   -218   -222    604
20210113170725678	  176   97   -218   -220    603
20210113170725778	  177   96   -216   -221    602
20210113170725811	  176   97   -218   -220    603
20210113170725911	  176   96   -218   -221    602
20210113170725978	  177   96   -216   -221    602
20210113170726078	  177   97   -217   -220    603
20210113170726311	  177   96   -216   -221    602
20210113170726444	  175   97   -219   -220    602
20210113170726545	  177   97   -217   -220    603
20210113170726678	  177   97   -217   -220    604
20210113170726778	  177   97   -216   -220    602
20210113170726878	  178   97   -215   -220    602
20210113170726978	  177   97   -216   -220    602
20210113170727111	  177   97   -216   -219    601
20210113170727211	  177   97   -216   -220    603
20210113170727245	  178   96   -215   -221    602
20210113170727278	  176   97   -218   -220    603
20210113170727511	  176   98   -218   -219    604
20210113170727645	  177   97   -217   -220    604
20210113170727745	  177   97   -216   -220    602
20210113170727878	  177   97   -216   -220    601
20210113170727978	  177   97   -217   -220    604
20210113170728078	  177   97   -216   -220    602
20210113170728212	  177   97   -217   -220    603
20210113170728312	  176   98   -218   -219    604
20210113170728412	  178   98   -215   -219    604
20210113170728545	  178   97   -215   -220    602
20210113170728645	  178   98   -215   -218    602
20210113170728745	  178   97   -215   -220    602
20210113170728845	  178   98   -215   -218    602
20210113170728945	  177   98   -217   -219    603
20210113170729179	  177   97   -216   -220    602
20210113170729412	  178   98   -215   -218    602
20210113170729512	  178   98   -215   -218    602
20210113170729612	  178   99   -215   -217    602
20210113170729745	  179   98   -213   -218    602
20210113170729845	  178   99   -215   -217    602
20210113170729945	  178   99   -215   -217    602
20210113170730079	  178   99   -215   -217    602
20210113170730179	  178   99   -215   -217    601
20210113170730279	  179   99   -213   -217    602
20210113170730412	  178   99   -215   -217    602
20210113170730512	  178   99   -214   -216    601
20210113170730612	  178   99   -214   -216    601
20210113170730746	  178   99   -214   -216    601
20210113170730846	  179   99   -213   -216    600
20210113170730946	  179   99   -213   -216    601
20210113170731079	  179   99   -213   -216    600
20210113170731179	  179   99   -212   -216    600
20210113170731279	  177  100   -216   -215    601
20210113170731379	  177  100   -216   -215    601
20210113170731479	  179   99   -213   -216    601
20210113170731546	  179  100   -212   -214    600
20210113170731646	  180   99   -211   -216    601
20210113170731679	  180   99   -211   -216    600
20210113170731779	  181  100   -209   -214    599
20210113170731813	  179   99   -212   -216    600
20210113170732046	  179  100   -212   -214    599
20210113170732279	  179   99   -212   -216    600
20210113170732413	  179  100   -212   -214    599
20210113170732513	  179  100   -212   -214    598
20210113170732579	  179  100   -212   -214    599
20210113170732679	  177  100   -215   -214    599
20210113170732779	  177  100   -215   -214    599
20210113170732846	  179  101   -212   -212    599
20210113170732913	  181  101   -209   -212    599
20210113170733013	  181  101   -209   -212    599
20210113170733046	  181  101   -209   -212    599
20210113170733113	  181  101   -209   -212    598
20210113170733180	  180  101   -210   -212    599
20210113170733246	  180  100   -210   -214    599
20210113170733313	  179  101   -211   -212    597
20210113170733446	  180  101   -210   -212    598
20210113170733480	  180  101   -210   -212    597
20210113170733546	  180  101   -210   -212    597
20210113170733580	  180  101   -210   -212    598
20210113170733780	  180  101   -210   -212    598
20210113170733813	  180  101   -210   -213    598
20210113170733946	  180  101   -210   -212    597
20210113170734013	  179  101   -212   -212    598
20210113170734046	  180  101   -210   -212    598
20210113170734146	  180  101   -210   -212    597
20210113170734246	  180  101   -211   -213    599
20210113170734480	  180  102   -210   -211    598
20210113170734713	  180  102   -210   -211    599
20210113170734947	  180  101   -210   -212    598
20210113170735080	  180  102   -210   -210    597
20210113170735147	  178  102   -213   -211    598
20210113170735213	  180  102   -210   -210    598
20210113170735380	  179  103   -212   -209    598
20210113170735613	  182  102   -207   -210    597
20210113170735847	  182  102   -207   -210    598
20210113170736047	  182  102   -207   -210    596
20210113170736147	  181  103   -209   -209    598
20210113170736247	  180  103   -210   -209    596
20210113170736380	  180  103   -210   -209    597
20210113170736480	  182  103   -207   -209    597
20210113170736580	  182  103   -207   -209    599
20210113170736680	  180  103   -210   -209    597
20210113170736814	  180  103   -210   -209    597
20210113170736914	  181  103   -209   -209    598
20210113170737014	  180  104   -210   -207    597
20210113170737147	  181  103   -209   -209    598
20210113170737247	  181  103   -208   -209    597
20210113170737347	  180  103   -210   -209    597
20210113170737481	  181  104   -208   -207    597
20210113170737581	  181  104   -208   -207    597
20210113170737681	  181  103   -209   -209    598
20210113170737781	  181  103   -208   -209    597
20210113170737914	  181  103   -208   -209    597
20210113170738014	  181  104   -209   -207    598
20210113170738114	  181  104   -209   -207    598
20210113170738214	  182  105   -207   -206    598
20210113170738348	  179  104   -212   -208    599
20210113170738448	  180  104   -210   -208    598
20210113170738548	  183  104   -206   -208    598
20210113170738681	  182  105   -207   -206    597
20210113170738781	  181  104   -208   -207    597
20210113170738881	  182  105   -207   -206    598
20210113170738981	  181  106   -209   -205    599
20210113170739114	  183  104   -205   -207    597
20210113170739148	  182  105   -207   -206    599
20210113170739181	  182  105   -207   -206    598
20210113170739214	  182  105   -207   -206    598
20210113170739448	  182  105   -207   -206    598
20210113170739648	  182  105   -207   -206    598
20210113170739748	  182  105   -207   -206    597
20210113170739881	  182  106   -207   -204    597
20210113170739981	  182  106   -207   -205    599
20210113170740081	  182  106   -207   -205    599
20210113170740148	  182  106   -207   -204    598
20210113170740248	  182  106   -207   -205    598
20210113170740315	  182  106   -207   -204    598
20210113170740481	  181  106   -209   -204    598
20210113170740548	  182  106   -207   -204    598
20210113170740615	  181  106   -209   -205    598
20210113170740848	  181  107   -209   -203    599
20210113170740982	  181  107   -209   -203    598
20210113170741115	  181  107   -209   -203    599
20210113170741215	  182  108   -207   -201    598
20210113170741315	  182  108   -207   -201    598
20210113170741448	  181  107   -209   -203    598
20210113170741548	  181  107   -208   -203    597
20210113170741648	  181  107   -209   -203    599
20210113170741782	  182  107   -207   -203    597
20210113170741882	  182  108   -207   -201    598
20210113170741948	  182  107   -207   -203    598
20210113170741982	  182  107   -207   -203    598
20210113170742048	  182  107   -207   -203    598
20210113170742149	  183  107   -206   -203    598
20210113170742182	  182  107   -207   -203    599
20210113170742249	  183  108   -206   -201    598
20210113170742382	  183  108   -205   -201    598
20210113170742615	  183  108   -206   -201    598
20210113170742849	  183  108   -205   -201    597
20210113170742982	  184  107   -204   -202    597
20210113170743082	  184  107   -204   -203    597
20210113170743215	  182  109   -207   -200    598
20210113170743282	  183  109   -205   -200    598
20210113170743349	  183  109   -205   -200    598
20210113170743382	  183  109   -205   -199    597
20210113170743482	  183  109   -205   -199    597
20210113170743549	  183  109   -205   -199    597
20210113170743716	  183  109   -205   -200    597
20210113170743849	  183  109   -205   -199    596
20210113170744082	  183  109   -205   -199    597
20210113170744182	  183  109   -205   -199    597
20210113170744316	  184  110   -204   -198    597
20210113170744416	  183  110   -205   -198    596
20210113170744516	  184  109   -204   -199    597
20210113170744649	  184  110   -204   -198    598
20210113170744782	  185  108   -202   -201    596
20210113170744882	  185  108   -202   -201    596
20210113170744982	  184  110   -204   -198    597
20210113170745083	  185  110   -202   -198    597
20210113170745183	  184  111   -204   -197    598
20210113170745316	  184  110   -204   -198    597
20210113170745416	  184  111   -204   -196    598
20210113170745516	  184  111   -204   -197    599
20210113170745649	  185  111   -203   -197    598
20210113170745749	  184  111   -203   -196    596
20210113170745883	  185  111   -202   -197    598
20210113170745983	  184  112   -204   -195    599
20210113170746116	  184  112   -204   -195    598
20210113170746216	  184  112   -204   -195    599
20210113170746316	  185  112   -203   -195    598
20210113170746450	  185  111   -202   -197    598
20210113170746550	  185  111   -202   -196    597
20210113170746683	  184  112   -204   -195    598
20210113170746816	  185  112   -202   -195    598
20210113170746916	  184  112   -204   -195    598
20210113170747050	  184  112   -204   -195    599
20210113170747150	  186  112   -201   -195    598
20210113170747283	  186  112   -201   -195    599
20210113170747383	  185  113   -203   -194    599
20210113170747516	  185  113   -203   -194    599
20210113170747616	  185  113   -203   -194    598
20210113170747716	  185  113   -202   -193    598
20210113170747817	  185  113   -202   -193    597
20210113170747917	  185  113   -202   -193    598
20210113170747983	  185  113   -202   -193    598
20210113170748050	  185  113   -202   -193    597
20210113170748117	  186  113   -201   -193    597
20210113170748317	  186  113   -200   -193    596
20210113170748517	  186  114   -201   -192    598
20210113170748617	  185  114   -202   -192    597
20210113170748750	  186  113   -200   -193    596
20210113170748883	  185  114   -202   -191    596
20210113170749017	  185  114   -201   -191    595
20210113170749117	  185  114   -202   -192    597
20210113170749250	  186  114   -200   -191    596
20210113170749384	  186  115   -200   -190    596
20210113170749484	  186  115   -201   -190    597
20210113170749584	  186  115   -200   -190    596
20210113170749717	  186  115   -201   -190    597
20210113170749850	  186  115   -200   -190    596
20210113170749984	  186  115   -200   -190    596
20210113170750084	  186  115   -200   -189    595
20210113170750184	  187  115   -198   -189    595
20210113170750217	  186  116   -200   -188    595
20210113170750417	  186  116   -200   -188    596
20210113170750617	  186  116   -200   -188    596
20210113170750751	  187  116   -199   -188    595
20210113170750851	  186  116   -200   -188    596
20210113170750984	  186  116   -201   -188    597
20210113170751117	  187  117   -199   -187    596
20210113170751217	  187  117   -199   -187    596
20210113170751351	  187  117   -199   -187    596
20210113170751484	  186  117   -200   -187    596
20210113170751551	  187  117   -199   -186    595
20210113170751651	  187  117   -198   -186    595
20210113170751784	  187  117   -199   -187    596
20210113170751984	  187  117   -199   -187    596
20210113170752118	  187  117   -199   -186    595
20210113170752218	  187  117   -199   -187    596
20210113170752351	  188  117   -197   -187    596
20210113170752484	  188  118   -197   -185    597
20210113170752618	  188  117   -197   -187    596
20210113170752718	  188  118   -198   -185    597
20210113170752851	  189  118   -196   -185    595
20210113170752984	  188  119   -198   -184    597
20210113170753118	  188  118   -197   -185    597
20210113170753218	  188  118   -197   -185    596
20210113170753351	  188  119   -198   -184    598
20210113170753485	  188  119   -198   -184    597
20210113170753618	  189  119   -196   -184    596
20210113170753718	  188  119   -197   -184    597
20210113170753851	  188  119   -198   -184    597
20210113170753985	  188  120   -198   -183    598
20210113170754118	  188  120   -198   -182    598
20210113170754218	  189  119   -196   -184    597
20210113170754351	  189  119   -196   -184    597
20210113170754485	  189  120   -196   -182    597
20210113170754618	  189  120   -196   -183    598
20210113170754752	  189  120   -196   -183    598
20210113170754852	  190  120   -195   -183    598
20210113170754985	  190  119   -194   -184    597
20210113170755118	  188  120   -198   -182    598
20210113170755218	  189  121   -197   -181    599
20210113170755285	  189  121   -196   -181    598
20210113170755385	  188  121   -198   -181    598
20210113170755485	  190  122   -195   -180    600
20210113170755585	  190  122   -195   -180    599
20210113170755852	  189  121   -197   -181    599
20210113170756119	  188  122   -198   -180    599
20210113170756252	  190  121   -195   -181    599
20210113170756352	  190  121   -195   -181    599
20210113170756485	  189  122   -197   -180    599
20210113170756619	  190  122   -195   -180    599
20210113170756719	  190  122   -195   -180    600
20210113170756852	  191  121   -193   -181    597
20210113170757019	  190  122   -195   -180    599
20210113170757186	  190  123   -196   -179    601
20210113170757286	  190  123   -196   -179    600
20210113170757419	  191  122   -194   -180    599
20210113170757552	  191  123   -194   -179    602
20210113170757686	  191  123   -194   -179    600
20210113170757752	  191  123   -194   -179    600
20210113170757886	  191  123   -194   -179    600
20210113170757952	  191  123   -194   -179    600
20210113170758186	  192  122   -192   -180    599
20210113170758286	  191  123   -194   -179    600
20210113170758419	  190  124   -196   -177    602
20210113170758553	  190  124   -196   -177    600
20210113170758653	  191  124   -195   -178    602
20210113170758786	  191  124   -194   -177    601
20210113170758919	  191  124   -194   -177    600
20210113170759019	  191  124   -194   -177    599
20210113170759086	  191  124   -194   -177    600
20210113170759286	  193  125   -191   -176    601
20210113170759419	  191  125   -194   -176    601
20210113170759553	  192  124   -193   -177    601
20210113170759686	  192  124   -192   -177    599
20210113170759820	  193  125   -191   -175    599
20210113170759920	  193  125   -191   -175    600
20210113170800053	  193  124   -191   -177    599
20210113170800186	  193  124   -190   -177    599
20210113170800320	  193  125   -190   -175    599
20210113170800420	  193  125   -191   -176    601
20210113170800553	  192  126   -192   -174    600
20210113170800686	  192  126   -193   -174    601
20210113170800820	  192  126   -193   -174    602
20210113170800920	  193  125   -191   -175    599
20210113170801053	  193  125   -191   -176    602
20210113170801187	  194  126   -190   -174    601
20210113170801320	  194  126   -189   -174    599
20210113170801420	  194  126   -189   -174    599
20210113170801553	  194  126   -189   -174    599
20210113170801687	  194  126   -189   -174    599
20210113170801820	  193  127   -191   -172    600
20210113170801953	  193  127   -191   -172    599
20210113170802053	  193  127   -190   -172    599
20210113170802187	  194  127   -189   -172    598
20210113170802320	  195  127   -187   -172    598
20210113170802454	  195  127   -187   -172    598
20210113170802587	  195  127   -187   -172    598
20210113170802654	  194  128   -189   -170    598
20210113170802820	  194  127   -188   -171    597
20210113170802954	  194  127   -189   -172    598
20210113170803054	  195  127   -187   -172    599
20210113170803220	  195  128   -187   -170    597
20210113170803287	  195  128   -187   -170    598
20210113170803420	  195  128   -187   -170    598
20210113170803454	  195  128   -187   -170    597
20210113170803554	  195  128   -187   -170    598
20210113170803687	  195  128   -187   -170    597
20210113170803754	  195  128   -187   -170    598
20210113170803887	  195  128   -187   -170    597
20210113170804121	  195  129   -187   -168    597
20210113170804321	  196  129   -185   -168    596
20210113170804387	  196  129   -185   -168    597
20210113170804454	  196  129   -185   -168    597
20210113170804521	  196  130   -185   -167    598
20210113170804554	  196  130   -185   -167    597
20210113170804654	  196  129   -185   -168    597
20210113170804687	  195  129   -187   -168    597
20210113170804721	  196  129   -185   -168    597
20210113170804754	  195  129   -187   -168    597
20210113170804921	  195  130   -187   -167    598
20210113170805121	  195  130   -187   -167    596
20210113170805254	  196  130   -185   -167    597
20210113170805288	  195  130   -187   -167    597
20210113170805321	  196  130   -186   -167    598
20210113170805421	  196  130   -185   -167    597
20210113170805588	  197  130   -184   -167    598
20210113170805854	  197  130   -184   -167    597
20210113170806088	  196  131   -186   -166    598
20210113170806355	  197  131   -184   -166    598
20210113170806588	  197  131   -184   -166    598
20210113170806655	  197  131   -184   -165    598
20210113170806721	  197  131   -184   -165    598
20210113170806855	  197  131   -184   -165    598
20210113170807121	  197  131   -184   -165    598
20210113170807321	  197  132   -184   -164    599
20210113170807455	  197  132   -184   -164    599
20210113170807588	  197  132   -184   -164    598
20210113170807722	  197  132   -184   -164    598
20210113170807822	  198  132   -183   -164    598
20210113170807955	  198  132   -183   -164    598
20210113170808088	  197  133   -184   -163    599
20210113170808222	  197  133   -184   -163    599
20210113170808322	  198  133   -183   -163    598
20210113170808455	  197  133   -184   -162    598
20210113170808588	  198  133   -183   -163    598
20210113170808722	  199  133   -181   -163    599
20210113170808855	  199  133   -181   -162    598
20210113170808955	  199  133   -181   -162    598
20210113170809089	  198  133   -182   -162    597
20210113170809222	  198  134   -183   -161    598
20210113170809355	  198  134   -182   -161    597
20210113170809489	  199  134   -181   -161    597
20210113170809589	  199  134   -181   -161    597
20210113170809722	  199  134   -181   -161    598
20210113170809855	  199  134   -181   -161    597
20210113170809989	  198  134   -182   -161    598
20210113170810089	  199  134   -180   -160    596
20210113170810222	  199  134   -181   -160    597
20210113170810356	  200  134   -179   -161    597
20210113170810456	  199  135   -181   -159    597
20210113170810622	  199  135   -181   -159    597
20210113170810722	  200  135   -179   -159    597
20210113170810856	  198  135   -182   -159    597
20210113170810989	  200  135   -179   -159    596
20210113170811122	  199  135   -181   -159    597
20210113170811156	  199  135   -181   -159    597
20210113170811256	  199  135   -181   -159    598
20210113170811322	  199  135   -181   -159    597
20210113170811356	  199  135   -181   -159    597
20210113170811589	  200  136   -179   -157    597
20210113170811856	  201  136   -177   -157    596
20210113170812023	  201  136   -177   -157    597
20210113170812156	  199  136   -181   -157    597
20210113170812256	  200  136   -179   -158    597
20210113170812389	  200  136   -179   -157    596
20210113170812523	  200  137   -179   -156    598
20210113170812623	  201  137   -178   -156    597
20210113170812756	  201  137   -178   -156    597
20210113170812890	  201  137   -177   -156    595
20210113170812990	  201  137   -177   -156    597
20210113170813156	  200  137   -179   -156    597
20210113170813290	  201  137   -177   -156    596
20210113170813390	  202  137   -176   -156    596
20210113170813490	  200  137   -179   -156    596
20210113170813556	  202  138   -176   -154    597
20210113170813723	  201  138   -178   -154    597
20210113170813890	  201  138   -177   -154    596
20210113170813990	  202  138   -176   -154    597
20210113170814157	  201  137   -177   -155    595
20210113170814290	  201  138   -178   -154    597
20210113170814423	  201  138   -178   -154    597
20210113170814523	  202  139   -176   -153    597
20210113170814657	  202  139   -176   -153    596
20210113170814790	  202  138   -176   -154    596
20210113170814923	  202  139   -176   -153    597
20210113170815023	  202  139   -176   -153    596
20210113170815157	  202  139   -176   -153    596
20210113170815290	  201  139   -177   -153    597
20210113170815424	  201  139   -178   -153    597
20210113170815524	  203  140   -174   -151    597
20210113170815657	  202  139   -176   -152    595
20210113170815790	  202  139   -176   -153    596
20210113170815890	  202  140   -176   -151    597
20210113170816024	  202  140   -176   -151    598
20210113170816090	  202  140   -176   -151    596
20210113170816124	  202  140   -176   -151    597
20210113170816190	  203  140   -174   -151    596
20210113170816257	  202  140   -176   -151    597
20210113170816357	  202  140   -176   -151    596
20210113170816591	  203  141   -175   -150    597
20210113170816857	  203  141   -175   -150    597
20210113170817057	  203  141   -174   -149    595
20210113170817157	  203  141   -174   -149    595
20210113170817291	  203  141   -174   -149    596
20210113170817424	  203  141   -174   -149    596
20210113170817557	  203  141   -174   -150    597
20210113170817657	  203  141   -174   -149    596
20210113170817791	  203  141   -174   -149    595
20210113170817924	  204  142   -173   -148    596
20210113170818024	  204  142   -173   -148    596
20210113170818158	  205  142   -171   -148    595
20210113170818291	  204  142   -173   -148    597
20210113170818424	  204  142   -173   -148    596
20210113170818524	  204  142   -173   -148    597
20210113170818658	  205  142   -171   -148    596
20210113170818791	  204  142   -173   -148    596
20210113170818924	  204  142   -173   -148    596
20210113170818991	  204  143   -173   -146    596
20210113170819158	  205  142   -171   -148    595
20210113170819191	  204  143   -173   -147    598
20210113170819258	  204  143   -173   -147    598
20210113170819391	  205  143   -171   -146    595
20210113170819491	  204  143   -173   -147    597
20210113170819758	  205  143   -171   -146    595
20210113170819925	  205  143   -171   -147    597
20210113170820058	  205  144   -172   -145    598
20210113170820191	  205  144   -171   -145    596
20210113170820291	  204  144   -173   -145    596
20210113170820425	  205  144   -171   -145    597
20210113170820558	  205  144   -171   -145    595
20210113170820658	  206  144   -170   -145    597
20210113170820825	  205  144   -171   -145    595
20210113170820892	  205  144   -171   -145    597
20210113170821058	  205  144   -171   -144    594
20210113170821192	  206  144   -170   -145    596
20210113170821325	  206  145   -169   -143    596
20210113170821392	  206  145   -170   -143    596
20210113170821458	  207  145   -168   -143    596
20210113170821592	  206  145   -170   -143    596
20210113170821692	  206  145   -170   -143    596
20210113170821958	  206  144   -169   -144    594
20210113170822058	  206  146   -170   -142    598
20210113170822192	  206  145   -169   -143    595
20210113170822325	  206  145   -170   -143    596
20210113170822459	  206  146   -170   -142    597
20210113170822592	  206  146   -169   -142    596
20210113170822692	  206  146   -170   -142    597
20210113170822825	  207  146   -168   -142    596
20210113170822892	  208  147   -166   -140    596
20210113170823092	  206  146   -170   -142    597
20210113170823225	  207  147   -168   -140    596
20210113170823359	  207  146   -185   -156    658
20210113170823492	  206  147   -170   -140    597
20210113170823592	  206  147   -170   -140    597
20210113170823726	  207  147   -168   -140    596
20210113170823859	  207  147   -168   -140    595
20210113170823992	  207  147   -168   -140    595
20210113170824126	  207  147   -168   -140    596
20210113170824259	  207  147   -168   -140    595
20210113170824392	  207  147   -168   -140    595
20210113170824526	  207  147   -168   -140    595
20210113170824692	  207  147   -168   -140    594
20210113170824826	  208  148   -166   -138    594
20210113170824926	  208  148   -166   -138    595
20210113170825093	  208  148   -166   -138    595
20210113170825226	  208  148   -166   -138    595
20210113170825359	  208  148   -166   -138    594
20210113170825493	  209  147   -164   -140    594
20210113170825626	  208  148   -166   -138    595
20210113170825759	  207  149   -168   -137    595
20210113170825926	  208  148   -166   -138    594
20210113170826059	  208  149   -166   -137    594
20210113170826160	  208  149   -166   -137    594
20210113170826326	  209  149   -164   -136    593
20210113170826460	  209  149   -164   -137    594
20210113170826593	  208  149   -166   -137    594
20210113170826726	  208  149   -166   -137    594
20210113170826860	  209  150   -164   -135    593
20210113170826993	  209  150   -164   -135    594
20210113170827126	  209  149   -164   -137    594
20210113170827160	  209  149   -164   -136    593
20210113170827293	  208  150   -166   -135    593
20210113170827460	  210  150   -163   -135    594
20210113170827627	  209  150   -164   -135    593
20210113170827760	  210  150   -163   -135    593
20210113170827927	  209  150   -164   -135    594
20210113170828060	  209  150   -164   -135    593
20210113170828193	  209  150   -164   -135    594
20210113170828327	  210  150   -163   -135    593
20210113170828460	  210  151   -163   -134    594
20210113170828593	  210  151   -163   -133    594
20210113170828727	  211  151   -161   -133    594
20210113170828860	  211  151   -161   -133    593
20210113170828994	  210  151   -163   -133    593
20210113170829127	  210  151   -163   -134    594
20210113170829194	  210  151   -163   -133    593
20210113170829294	  211  151   -161   -133    593
20210113170829394	  209  152   -165   -132    595
20210113170829460	  210  151   -162   -133    593
20210113170829594	  209  152   -165   -132    595
20210113170829694	  209  152   -164   -132    594
20210113170830027	  211  152   -161   -132    593
20210113170830227	  211  152   -161   -132    594
20210113170830361	  211  152   -161   -132    594
20210113170830494	  210  152   -163   -132    593
20210113170830561	  211  152   -161   -132    593
20210113170830627	  211  152   -161   -132    593
20210113170830694	  211  153   -161   -130    594
20210113170830961	  211  153   -162   -131    595
20210113170831228	  212  153   -160   -130    593
20210113170831394	  211  153   -161   -130    594
20210113170831528	  212  153   -160   -130    594
20210113170831661	  212  153   -160   -131    596
20210113170831794	  212  153   -160   -131    595
20210113170831961	  212  153   -160   -131    597
20210113170832094	  212  154   -160   -129    597
20210113170832228	  212  153   -160   -131    596
20210113170832361	  212  154   -161   -130    597
20210113170832494	  212  154   -160   -129    596
20210113170832661	  213  154   -159   -130    597
20210113170832795	  212  154   -160   -129    596
20210113170832928	  212  154   -161   -130    598
20210113170833061	  212  154   -161   -130    598
20210113170833228	  212  154   -161   -129    597
20210113170833361	  213  154   -159   -130    597
20210113170833495	  213  154   -159   -129    597
20210113170833628	  213  154   -159   -130    597
20210113170833795	  213  155   -159   -128    598
20210113170833928	  213  156   -159   -126    596
20210113170834062	  213  155   -159   -128    598
20210113170834195	  213  155   -159   -128    596
20210113170834328	  213  155   -159   -128    596
20210113170834395	  213  155   -159   -128    597
20210113170834462	  213  155   -159   -128    596
20210113170834595	  212  155   -160   -128    596
20210113170834695	  213  156   -159   -126    597
20210113170834728	  213  156   -159   -126    596
20210113170834828	  212  156   -161   -126    598
20210113170835095	  213  156   -159   -126    597
20210113170835195	  214  156   -157   -126    596
20210113170835328	  213  156   -159   -126    595
20210113170835595	  214  156   -157   -126    594
20210113170835862	  214  156   -157   -126    595
20210113170836129	  214  157   -157   -125    596
20210113170836262	  214  157   -157   -124    595
20210113170836295	  214  157   -157   -125    596
20210113170836462	  213  157   -159   -125    597
20210113170836695	  214  157   -157   -124    595
20210113170836829	  214  157   -157   -124    596
20210113170836962	  214  157   -157   -124    595
20210113170837096	  215  157   -156   -124    596
20210113170837196	  215  157   -155   -124    595
20210113170837396	  214  157   -157   -124    595
20210113170837529	  214  157   -157   -124    594
20210113170837662	  215  157   -155   -124    595
20210113170837796	  215  158   -155   -123    594
20210113170837962	  215  158   -155   -123    595
20210113170838096	  216  158   -154   -123    595
20210113170838229	  216  158   -154   -123    595
20210113170838329	  216  158   -154   -123    594
20210113170838463	  215  158   -155   -123    594
20210113170838663	  215  158   -155   -123    594
20210113170838796	  214  159   -157   -121    594
20210113170838929	  215  158   -155   -123    594
20210113170839063	  215  158   -155   -122    593
20210113170839229	  216  159   -154   -121    594
20210113170839363	  216  159   -154   -121    594
20210113170839496	  216  159   -154   -121    594
20210113170839663	  216  159   -154   -121    595
20210113170839796	  216  159   -154   -121    594
20210113170839896	  216  160   -154   -119    594
20210113170840063	  215  159   -156   -122    596
20210113170840196	  216  158   -154   -123    595
20210113170840363	  216  160   -154   -120    594
20210113170840530	  215  160   -155   -120    594
20210113170840663	  216  159   -154   -121    594
20210113170840797	  216  159   -154   -121    595
20210113170840930	  216  160   -154   -120    594
20210113170841097	  217  160   -152   -119    594
20210113170841230	  217  160   -152   -120    594
20210113170841363	  217  160   -152   -120    594
20210113170841497	  217  161   -152   -118    594
20210113170841663	  218  160   -150   -119    593
20210113170841797	  218  160   -151   -120    594
20210113170841930	  217  160   -152   -119    593
20210113170842064	  216  161   -154   -118    595
20210113170842230	  217  161   -152   -118    594
20210113170842364	  217  161   -152   -118    594
20210113170842497	  217  161   -152   -118    594
20210113170842630	  217  161   -152   -118    595
20210113170842730	  217  161   -152   -118    594
20210113170842764	  217  161   -152   -118    595
20210113170842830	  217  161   -152   -118    594
20210113170842897	  217  161   -152   -118    594
20210113170842997	  217  161   -152   -118    594
20210113170843097	  219  161   -149   -118    593
20210113170843364	  217  161   -152   -118    595
20210113170843664	  219  161   -149   -118    593
20210113170843764	  219  161   -149   -118    594
20210113170843797	  218  162   -151   -116    594
20210113170843931	  218  162   -151   -116    594
20210113170844031	  217  163   -152   -115    594
20210113170844164	  218  162   -151   -117    595
20210113170844264	  218  162   -150   -116    594
20210113170844364	  218  162   -151   -116    594
20210113170844398	  218  162   -151   -117    595
20210113170844498	  218  163   -151   -115    595
20210113170844764	  220  162   -148   -117    595
20210113170845064	  220  162   -148   -117    595
20210113170845364	  219  163   -149   -115    596
20210113170845664	  220  163   -148   -115    595
20210113170845798	  220  163   -148   -115    594
20210113170845931	  220  162   -148   -117    595
20210113170846065	  219  163   -149   -115    595
20210113170846198	  219  164   -149   -114    596
20210113170846365	  218  164   -151   -114    596
20210113170846498	  218  164   -151   -114    597
20210113170846631	  219  163   -149   -115    596
20210113170846765	  221  163   -146   -115    595
20210113170846932	  220  164   -148   -114    595
20210113170847065	  219  164   -150   -114    596
20210113170847198	  220  165   -148   -112    596
20210113170847332	  220  163   -148   -115    595
20210113170847498	  220  164   -148   -114    595
20210113170847632	  219  164   -150   -114    597
20210113170847765	  219  164   -150   -114    596
20210113170847898	  221  164   -146   -114    595
20210113170848065	  219  165   -150   -112    598
20210113170848198	  220  165   -148   -112    595
20210113170848332	  221  165   -147   -112    597
20210113170848499	  219  165   -150   -112    597
20210113170848632	  220  165   -148   -112    596
20210113170848765	  222  165   -145   -112    595
20210113170848899	  222  165   -144   -112    594
20210113170849032	  221  166   -146   -111    596
20210113170849165	  221  165   -146   -112    594
20210113170849332	  221  165   -146   -112    595
20210113170849465	  222  165   -144   -112    595
20210113170849599	  222  165   -144   -112    594
20210113170849732	  222  165   -144   -112    595
20210113170849866	  222  166   -145   -110    595
20210113170850032	  222  165   -144   -112    594
20210113170850166	  222  165   -145   -112    596
20210113170850266	  222  165   -144   -112    595
20210113170850332	  220  167   -148   -109    596
20210113170850499	  222  165   -144   -112    594
20210113170850632	  223  166   -143   -110    595
20210113170850766	  220  167   -148   -109    597
20210113170850999	  220  167   -148   -109    596
20210113170851166	  223  166   -143   -110    595
20210113170851299	  223  166   -143   -110    594
20210113170851433	  223  166   -143   -110    594
20210113170851566	  221  167   -147   -109    596
20210113170851699	  223  166   -143   -110    595
20210113170851866	  222  167   -145   -109    595
20210113170851999	  222  167   -145   -109    595
20210113170852099	  223  166   -143   -110    594
20210113170852266	  222  167   -145   -109    595
20210113170852433	  223  167   -143   -109    594
20210113170852566	  223  166   -143   -110    594
20210113170852700	  222  167   -145   -109    595
20210113170852833	  222  168   -145   -107    596
20210113170853000	  221  168   -146   -107    595
20210113170853133	  222  167   -145   -109    595
20210113170853266	  221  168   -146   -107    595
20210113170853400	  223  168   -143   -107    595
20210113170853566	  221  169   -146   -106    596
20210113170853700	  222  168   -144   -107    594
20210113170853867	  222  168   -145   -107    595
20210113170854000	  222  168   -145   -107    595
20210113170854133	  222  168   -145   -107    596
20210113170854267	  222  169   -145   -106    595
20210113170854400	  221  169   -146   -106    595
20210113170854567	  221  168   -146   -107    595
20210113170854700	  223  168   -143   -107    595
20210113170854833	  221  168   -146   -107    595
20210113170854967	  221  168   -146   -107    596
20210113170855100	  221  168   -146   -107    595
20210113170855267	  222  168   -145   -107    595
20210113170855400	  222  168   -145   -107    595
20210113170855534	  222  168   -145   -107    595
20210113170855700	  222  168   -145   -107    596
20210113170855834	  222  168   -145   -107    595
20210113170855900	  223  168   -143   -107    595
20210113170856100	  222  168   -145   -107    595
20210113170856234	  221  169   -146   -106    595
20210113170856401	  222  168   -145   -107    596
20210113170856534	  222  168   -145   -107    595
20210113170856701	  222  168   -145   -107    595
20210113170856834	  223  168   -143   -107    595
20210113170856967	  222  169   -145   -106    596
20210113170857134	  222  168   -145   -107    595
20210113170857267	  223  168   -143   -107    594
20210113170857434	  222  168   -145   -107    595
20210113170857567	  222  168   -145   -107    595
20210113170857701	  222  168   -145   -107    595
20210113170857868	  221  169   -146   -106    596
20210113170858001	  221  169   -146   -106    595
20210113170858101	  221  169   -146   -106    595
20210113170858234	  223  168   -143   -107    596
20210113170858268	  222  168   -145   -107    596
20210113170858334	  222  168   -145   -107    595
20210113170858501	  222  168   -145   -107    595
20210113170858801	  223  169   -143   -106    595
20210113170859001	  223  168   -143   -107    595
20210113170859168	  221  169   -146   -106    596
20210113170859301	  221  169   -146   -106    596
20210113170859435	  221  169   -146   -106    596
20210113170859601	  221  169   -147   -106    597
20210113170859735	  221  169   -146   -106    596
20210113170859835	  221  169   -146   -106    596
20210113170859901	  221  169   -146   -106    596
20210113170900035	  221  169   -146   -106    596
20210113170900301	  221  169   -146   -106    596
20210113170900468	  221  169   -147   -106    597
20210113170900502	  223  169   -143   -106    595
20210113170900635	  223  168   -143   -107    595
20210113170900735	  222  168   -144   -107    594
20210113170900835	  224  168   -141   -107    595
20210113170900935	  223  168   -143   -107    594
20210113170901002	  221  169   -146   -106    596
20210113170901035	  221  169   -147   -106    597
20210113170901235	  223  168   -143   -107    595
20210113170901402	  223  169   -143   -106    595
20210113170901535	  221  169   -146   -106    596
20210113170901569	  221  169   -146   -106    596
20210113170901669	  221  169   -146   -106    596
20210113170901735	  224  168   -141   -107    595
20210113170901969	  224  168   -141   -107    595
20210113170902169	  221  169   -146   -106    596
20210113170902235	  222  168   -145   -107    595
20210113170902369	  221  169   -146   -106    596
20210113170902535	  221  169   -146   -106    596
20210113170902702	  221  169   -147   -106    596
20210113170902969	  223  169   -143   -106    595
20210113170903269	  223  169   -143   -106    595
20210113170903569	  224  168   -141   -107    595
20210113170903769	  224  168   -141   -107    595
20210113170903936	  223  169   -143   -106    595
20210113170904069	  221  169   -146   -106    595
20210113170904203	  221  169   -146   -106    596
20210113170904336	  221  169   -146   -106    595
20210113170904503	  222  168   -145   -107    595
20210113170904636	  222  169   -145   -106    595
20210113170904769	  223  169   -143   -106    594
20210113170904903	  221  169   -146   -106    596
20210113170905069	  222  168   -145   -107    595
20210113170905203	  224  168   -141   -107    594
20210113170905303	  224  168   -141   -107    593
20210113170905403	  224  168   -141   -107    594
20210113170905503	  224  168   -141   -107    594
20210113170905603	  224  168   -141   -107    594
20210113170905670	  224  168   -141   -107    594
20210113170905803	  224  168   -141   -107    595
20210113170905903	  221  169   -146   -106    596
20210113170906003	  224  168   -141   -107    594
20210113170906103	  221  169   -146   -106    596
20210113170906170	  223  168   -143   -107    594
20210113170906470	  222  168   -145   -107    595
20210113170906570	  223  169   -143   -106    595
20210113170906636	  222  168   -145   -107    596
20210113170906670	  222  169   -145   -106    595
20210113170906770	  222  169   -145   -106    595
20210113170906936	  222  168   -145   -107    595
20210113170907070	  224  168   -141   -107    594
20210113170907103	  224  168   -141   -107    594
20210113170907270	  222  169   -145   -106    595
20210113170907603	  221  169   -146   -106    595
20210113170907937	  224  168   -141   -107    594
20210113170908070	  224  168   -141   -107    594
20210113170908404	  223  169   -143   -105    594
20210113170908737	  221  169   -146   -106    596
20210113170908937	  221  169   -146   -106    595
20210113170909104	  221  169   -146   -106    595
20210113170909204	  221  169   -146   -106    596
20210113170909237	  224  168   -141   -107    594
20210113170909237	  222  168   -145   -107    595
20210113170909337	  222  168   -145   -107    595
20210113170909404	  222  168   -145   -107    595
20210113170909604	  221  169   -146   -106    596
20210113170909904	  221  169   -146   -106    595
20210113170910204	  221  169   -146   -106    595
20210113170910437	  221  169   -146   -106    596
20210113170910537	  222  168   -145   -107    595
20210113170910637	  221  169   -146   -106    596
20210113170910904	  222  168   -145   -107    595
20210113170911071	  223  167   -143   -109    594
20210113170911204	  222  168   -144   -107    594
20210113170911371	  222  168   -145   -107    595
20210113170911538	  221  168   -146   -107    595
20210113170911671	  222  168   -145   -107    595
20210113170911838	  222  168   -145   -107    595
20210113170911971	  221  168   -146   -107    595
20210113170912004	  221  168   -146   -107    595
20210113170912104	  222  168   -144   -107    594
20210113170912405	  223  167   -143   -109    594
20210113170912605	  220  168   -148   -108    597
20210113170912738	  220  168   -148   -107    596
20210113170912905	  221  168   -146   -107    596
20210113170913038	  221  168   -146   -107    595
20210113170913171	  220  168   -148   -107    595
20210113170913338	  222  166   -145   -110    595
20210113170913472	  222  168   -145   -107    595
20210113170913638	  223  167   -143   -109    594
20210113170913805	  222  168   -145   -107    595
20210113170913938	  222  167   -145   -109    595
20210113170914105	  221  167   -146   -109    596
20210113170914272	  222  167   -145   -109    595
20210113170914438	  221  168   -146   -107    596
20210113170914572	  221  166   -146   -110    595
20210113170914738	  220  168   -148   -107    596
20210113170914905	  222  166   -145   -110    595
20210113170915005	  221  168   -146   -107    596
20210113170915105	  221  167   -146   -109    594
20210113170915239	  220  168   -148   -107    595
20210113170915339	  221  167   -146   -109    594
20210113170915505	  222  167   -145   -109    595
20210113170915772	  222  166   -144   -110    595
20210113170915972	  222  166   -144   -110    594
20210113170916105	  222  166   -145   -110    595
20210113170916305	  220  166   -148   -111    596
20210113170916439	  220  166   -148   -111    596
20210113170916606	  222  166   -145   -110    595
20210113170916772	  220  166   -148   -110    595
20210113170916939	  221  165   -146   -112    595
20210113170917072	  221  166   -146   -110    595
20210113170917206	  221  166   -146   -110    594
20210113170917306	  222  166   -145   -110    595
20210113170917372	  222  166   -144   -110    594
20210113170917506	  221  166   -146   -110    595
20210113170917573	  222  166   -145   -110    595
20210113170917606	  221  166   -146   -110    595
20210113170917906	  220  166   -148   -111    596
20210113170918206	  221  165   -146   -112    595
20210113170918439	  221  165   -146   -112    595
20210113170918506	  221  165   -146   -112    594
20210113170918573	  221  165   -146   -112    594
20210113170918673	  219  167   -150   -109    596
20210113170918773	  219  167   -150   -109    596
20210113170919073	  220  166   -148   -111    596
20210113170919406	  220  165   -148   -112    595
20210113170919606	  220  165   -148   -112    595
20210113170919740	  220  165   -148   -112    595
20210113170919906	  219  165   -149   -112    595
20210113170920073	  219  165   -150   -112    597
20210113170920207	  219  165   -149   -112    595
20210113170920373	  220  165   -148   -112    596
20210113170920540	  218  165   -151   -112    596
20210113170920673	  219  165   -149   -112    595
20210113170920840	  219  165   -149   -112    595
20210113170921007	  221  164   -146   -113    594
20210113170921140	  220  165   -147   -112    593
20210113170921307	  218  166   -151   -111    597
20210113170921474	  220  164   -148   -114    595
20210113170921640	  220  164   -148   -113    595
20210113170921774	  219  165   -150   -112    596
20210113170921940	  219  165   -149   -112    595
20210113170922107	  219  165   -149   -112    596
20210113170922240	  218  165   -151   -112    596
20210113170922407	  219  165   -149   -112    595
20210113170922574	  220  164   -147   -113    593
20210113170922707	  218  164   -151   -114    595
20210113170922841	  218  164   -151   -113    594
20210113170922974	  218  164   -151   -113    594
20210113170922974	  217  164   -152   -113    595
20210113170923074	  217  165   -153   -112    596
20210113170923174	  218  164   -150   -113    593
20210113170923441	  217  165   -152   -112    595
20210113170923741	  218  164   -151   -113    595
20210113170923974	  218  164   -151   -113    595
20210113170924108	  219  164   -149   -113    594
20210113170924274	  218  164   -151   -113    595
20210113170924441	  219  163   -149   -115    593
20210113170924608	  218  163   -150   -115    593
20210113170924708	  217  163   -152   -115    593
20210113170924908	  218  163   -151   -115    594
20210113170925074	  216  164   -154   -113    595
20210113170925208	  217  163   -152   -115    594
20210113170925374	  217  163   -152   -115    594
20210113170925541	  216  164   -154   -113    595
20210113170925708	  216  164   -154   -114    595
20210113170925841	  217  163   -152   -115    594
20210113170926008	  217  163   -152   -115    594
20210113170926175	  217  163   -152   -115    593
20210113170926308	  217  162   -152   -116    592
20210113170926475	  217  162   -152   -116    592
20210113170926608	  217  162   -152   -116    593
20210113170926808	  218  162   -150   -116    592
20210113170926942	  218  162   -150   -116    594
20210113170927108	  218  162   -151   -116    594
20210113170927275	  218  162   -150   -116    594
20210113170927408	  218  162   -150   -116    593
20210113170927575	  218  162   -150   -116    593
20210113170927742	  218  162   -150   -116    592
20210113170927875	  217  162   -152   -116    593
20210113170928042	  216  161   -153   -118    593
20210113170928209	  216  161   -153   -118    593
20210113170928375	  215  162   -155   -116    594
20210113170928509	  215  162   -155   -116    594
20210113170928575	  216  161   -153   -118    593
20210113170928742	  216  162   -154   -116    594
20210113170928942	  216  162   -154   -116    594
20210113170929142	  216  162   -154   -116    594
20210113170929309	  217  162   -152   -116    593
20210113170929476	  215  162   -155   -116    595
20210113170929609	  216  162   -154   -116    594
20210113170929776	  215  162   -155   -116    594
20210113170929909	  216  161   -154   -118    594
20210113170930076	  216  161   -153   -118    593
20210113170930242	  216  161   -153   -118    592
20210113170930409	  216  162   -153   -116    593
20210113170930542	  216  162   -153   -116    593
20210113170930709	  216  162   -154   -116    594
20210113170930743	  216  162   -154   -116    594
20210113170930876	  216  161   -153   -118    593
20210113170930943	  216  161   -154   -118    594
20210113170931143	  216  161   -153   -118    593
20210113170931409	  215  160   -155   -119    593
20210113170931643	  215  160   -155   -119    593
20210113170931809	  215  160   -155   -119    593
20210113170931943	  215  160   -155   -119    593
20210113170932110	  214  161   -157   -118    594
20210113170932276	  215  160   -155   -120    594
20210113170932376	  215  161   -155   -118    593
20210113170932476	  215  160   -155   -119    593
20210113170932543	  215  160   -155   -120    594
20210113170932676	  215  161   -155   -118    595
20210113170932976	  215  161   -155   -118    594
20210113170933076	  215  160   -155   -119    594
20210113170933243	  214  159   -157   -121    595
20210113170933343	  215  159   -155   -121    593
20210113170933377	  214  159   -157   -121    594
20210113170933377	  215  159   -155   -121    593
20210113170933477	  215  160   -155   -119    593
20210113170933543	  214  159   -157   -121    594
20210113170933610	  214  159   -157   -121    594
20210113170933777	  215  160   -155   -119    594
20210113170933843	  215  160   -155   -119    593
20210113170933910	  215  160   -155   -119    594
20210113170933910	  215  160   -155   -119    594
20210113170933910	  215  160   -155   -119    594
20210113170934110	  215  160   -155   -120    595
20210113170934243	  214  160   -157   -120    595
20210113170934310	  215  160   -155   -119    594
20210113170934510	  214  159   -157   -121    595
20210113170934677	  214  159   -157   -121    594
20210113170934944	  214  159   -157   -121    594
20210113170935244	  213  158   -158   -123    595
20210113170935410	  213  158   -158   -123    595
20210113170935644	  214  158   -157   -123    594
20210113170935944	  214  158   -157   -123    595
20210113170936211	  214  159   -157   -121    595
20210113170936511	  213  158   -159   -123    595
20210113170936744	  213  158   -159   -123    596
20210113170937044	  213  157   -158   -124    595
20210113170937344	  213  157   -159   -124    595
20210113170937611	  213  157   -158   -124    595
20210113170937811	  213  157   -159   -124    596
20210113170937944	  213  157   -159   -125    597
20210113170938111	  213  157   -159   -124    595
20210113170938278	  213  157   -159   -124    595
20210113170938445	  213  157   -159   -124    595
20210113170938578	  212  157   -161   -125    598
20210113170938678	  212  157   -161   -125    598
20210113170938778	  212  157   -160   -125    596
20210113170938878	  212  157   -160   -124    595
20210113170938945	  212  157   -160   -124    595
20210113170939145	  212  155   -160   -128    596
20210113170939278	  212  156   -160   -126    593
20210113170939545	  212  156   -160   -126    596
20210113170939812	  212  156   -160   -126    596
20210113170940078	  212  156   -160   -126    596
20210113170940245	  212  157   -160   -124    595
20210113170940378	  210  156   -163   -126    595
20210113170940545	  212  155   -160   -128    595
20210113170940712	  211  155   -162   -128    596
20210113170940845	  211  155   -161   -127    594
20210113170940979	  212  155   -160   -127    594
20210113170941045	  211  155   -161   -127    594
20210113170941279	  212  155   -160   -127    594
20210113170941412	  210  155   -163   -128    595
20210113170941545	  210  155   -163   -127    593
20210113170941779	  211  155   -161   -127    593
20210113170941912	  211  154   -162   -129    595
20210113170941945	  211  154   -161   -129    593
20210113170942179	  210  154   -163   -129    594
20210113170942412	  210  154   -163   -129    594
20210113170942646	  210  154   -163   -129    594
20210113170942812	  210  154   -163   -129    593
20210113170942979	  210  154   -163   -129    594
20210113170943146	  210  153   -163   -130    593
20210113170943279	  210  154   -162   -128    592
20210113170943446	  210  154   -163   -129    594
20210113170943612	  210  153   -163   -130    594
20210113170943746	  210  153   -163   -130    593
20210113170943913	  209  153   -164   -130    593
20210113170944079	  209  153   -165   -130    594
20210113170944246	  209  152   -164   -132    593
20210113170944379	  209  152   -164   -132    593
20210113170944546	  209  152   -164   -132    593
20210113170944613	  209  153   -164   -130    593
20210113170944846	  209  153   -164   -130    592
20210113170945013	  209  152   -164   -132    593
20210113170945179	  208  152   -166   -132    593
20210113170945346	  208  152   -166   -132    594
20210113170945480	  209  152   -164   -131    591
20210113170945646	  208  152   -166   -132    593
20210113170945813	  208  151   -165   -133    591
20210113170945946	  208  151   -165   -133    592
20210113170946113	  209  151   -164   -133    593
20210113170946280	  208  151   -165   -133    592
20210113170946346	  209  151   -164   -133    592
20210113170946446	  209  151   -164   -133    592
20210113170946580	  208  151   -166   -133    593
20210113170946646	  208  151   -166   -133    593
20210113170946713	  208  151   -166   -133    593
20210113170946913	  208  151   -166   -133    592
20210113170947180	  208  151   -166   -133    593
20210113170947447	  207  150   -167   -135    593
20210113170947713	  208  150   -166   -135    593
20210113170947880	  207  150   -167   -135    593
20210113170948013	  207  150   -167   -135    592
20210113170948180	  207  150   -167   -135    593
20210113170948347	  207  150   -168   -135    594
20210113170948480	  207  150   -167   -135    593
20210113170948714	  208  150   -166   -135    593
20210113170948847	  207  149   -168   -137    594
20210113170948914	  207  149   -167   -136    593
20210113170949014	  207  149   -167   -136    593
20210113170949247	  208  149   -166   -137    594
20210113170949514	  207  149   -167   -137    594
20210113170949681	  207  149   -167   -137    594
20210113170949814	  207  149   -167   -136    593
20210113170949947	  208  149   -166   -136    594
20210113170950147	  207  149   -167   -136    593
20210113170950281	  207  149   -167   -137    594
20210113170950381	  208  149   -166   -137    594
20210113170950481	  207  149   -167   -137    594
20210113170950747	  207  149   -167   -137    594
20210113170950914	  208  149   -166   -136    593
20210113170951081	  207  148   -167   -138    594
20210113170951248	  207  148   -168   -138    594
20210113170951414	  207  148   -167   -138    594
20210113170951581	  208  148   -166   -138    594
20210113170951748	  207  148   -168   -138    595
20210113170951914	  207  148   -168   -138    595
20210113170952081	  208  148   -166   -138    594
20210113170952215	  207  148   -168   -138    594
20210113170952381	  207  148   -168   -138    595
20210113170952548	  208  148   -166   -138    595
20210113170952715	  208  148   -166   -138    594
20210113170952881	  207  148   -168   -138    594
20210113170953015	  208  148   -166   -138    595
20210113170953215	  208  148   -166   -138    595
20210113170953381	  208  148   -166   -138    595
20210113170953515	  208  148   -166   -138    595
20210113170953682	  208  148   -166   -138    595
20210113170953848	  208  148   -167   -139    596
20210113170954015	  208  148   -166   -138    595
20210113170954215	  208  148   -166   -138    595
20210113170954382	  207  147   -168   -140    595
20210113170954448	  207  147   -168   -140    597
20210113170954548	  207  147   -168   -140    596
20210113170954582	  207  147   -168   -140    597
20210113170954648	  207  147   -168   -140    597
20210113170954782	  207  147   -168   -140    595
20210113170954949	  207  147   -168   -140    597
20210113170955115	  207  147   -168   -140    597
20210113170955249	  206  146   -170   -142    597
20210113170955549	  207  146   -168   -142    598
20210113170955749	  207  146   -168   -142    597
20210113170955915	  206  146   -170   -142    597
20210113170956016	  206  146   -170   -142    598
20210113170956282	  206  146   -170   -142    596
20210113170956516	  205  145   -171   -144    597
20210113170956816	  206  146   -170   -142    598
20210113170956982	  206  144   -169   -145    595
20210113170957082	  205  144   -171   -145    596
20210113170957282	  205  144   -172   -145    597
20210113170957349	  205  144   -171   -145    596
20210113170957483	  205  144   -171   -145    596
20210113170957749	  206  144   -170   -145    597
20210113170958016	  205  144   -171   -145    597
20210113170958283	  204  143   -173   -147    597
20210113170958483	  205  143   -171   -147    597
20210113170958550	  205  143   -171   -147    597
20210113170958616	  205  143   -171   -146    596
20210113170958916	  204  143   -173   -146    596
20210113170959150	  204  142   -173   -148    597
20210113170959316	  204  143   -173   -147    598
20210113170959483	  203  142   -174   -148    596
20210113170959650	  204  142   -173   -148    597
20210113170959817	  204  142   -173   -148    598
20210113170959983	  203  142   -174   -148    597
20210113171000150	  203  141   -175   -150    598
20210113171000317	  203  141   -174   -150    597
20210113171000517	  203  142   -175   -148    598
20210113171000683	  204  141   -173   -150    597
20210113171000850	  203  141   -174   -150    597
20210113171001017	  203  141   -175   -150    599
20210113171001184	  203  141   -175   -150    598
20210113171001384	  203  140   -175   -151    597
20210113171001550	  202  140   -176   -151    597
20210113171001717	  202  140   -176   -151    597
20210113171001884	  202  140   -176   -151    597
20210113171002050	  202  140   -176   -151    596
20210113171002217	  203  139   -174   -153    596
20210113171002417	  203  139   -174   -153    597
20210113171002584	  201  139   -178   -153    597
20210113171002617	  201  139   -177   -153    596
20210113171002717	  201  139   -178   -153    598
20210113171002784	  202  139   -176   -153    597
20210113171002784	  201  139   -178   -153    597
20210113171002884	  202  139   -176   -153    598
20210113171002984	  202  139   -176   -153    597
20210113171003151	  201  139   -178   -153    598
20210113171003451	  202  138   -176   -154    597
20210113171003517	  200  138   -179   -154    597
20210113171003551	  200  138   -179   -154    597
20210113171003651	  202  138   -176   -155    598
20210113171003684	  201  138   -177   -154    597
20210113171003751	  201  138   -177   -154    597
20210113171003851	  201  138   -178   -154    597
20210113171003951	  201  138   -178   -154    597
20210113171004051	  202  138   -176   -154    597
20210113171004251	  200  138   -179   -154    597
20210113171004351	  200  138   -179   -155    598
20210113171004451	  200  137   -179   -156    597
20210113171004551	  200  137   -179   -156    596
20210113171004651	  200  137   -179   -156    597
20210113171004918	  200  136   -179   -157    596
20210113171005185	  200  136   -179   -157    597
20210113171005485	  199  136   -181   -157    597
20210113171005751	  199  136   -181   -157    597
20210113171005818	  200  136   -179   -157    597
20210113171005951	  200  136   -179   -158    597
20210113171006118	  200  136   -179   -157    597
20210113171006418	  199  135   -181   -159    598
20210113171006718	  200  135   -180   -159    598
20210113171006818	  199  135   -181   -159    598
20210113171006885	  198  135   -182   -159    598
20210113171007152	  198  134   -182   -161    598
20210113171007452	  199  134   -181   -161    598
20210113171007752	  199  134   -181   -161    598
20210113171008052	  198  134   -183   -161    599
20210113171008352	  197  134   -184   -161    599
20210113171008652	  197  133   -184   -162    598
20210113171008952	  198  133   -183   -163    599
20210113171009219	  197  133   -185   -163    599
20210113171009552	  198  132   -183   -164    599
20210113171009819	  198  132   -183   -164    599
20210113171010052	  196  132   -186   -164    599
20210113171010319	  196  132   -186   -164    598
20210113171010486	  197  131   -184   -166    599
20210113171010686	  197  131   -184   -166    598
20210113171010853	  197  131   -184   -166    599
20210113171011053	  196  131   -186   -166    598
20210113171011219	  197  130   -184   -167    598
20210113171011353	  197  130   -184   -167    598
20210113171011553	  195  130   -187   -167    598
20210113171011753	  196  130   -186   -167    598
20210113171011920	  194  130   -189   -167    598
20210113171012086	  196  130   -186   -167    599
20210113171012286	  196  129   -186   -169    598
20210113171012420	  196  129   -185   -169    598
20210113171012620	  194  129   -189   -169    598
20210113171012786	  196  129   -186   -169    598
20210113171012920	  195  129   -187   -169    598
20210113171013053	  195  129   -187   -169    598
20210113171013153	  194  129   -189   -169    598
20210113171013253	  194  129   -189   -169    598
20210113171013587	  195  128   -187   -170    598
20210113171013820	  195  128   -187   -170    599
20210113171013987	  194  128   -189   -170    599
20210113171014153	  194  128   -189   -171    599
20210113171014353	  194  127   -189   -172    600
20210113171014453	  194  127   -189   -172    600
20210113171014687	  194  127   -189   -172    599
20210113171014854	  193  128   -191   -171    602
20210113171014954	  194  126   -189   -174    599
20210113171015087	  194  126   -190   -174    601
20210113171015354	  194  126   -190   -174    601
20210113171015487	  193  126   -191   -174    601
20210113171015554	  194  126   -190   -174    601
20210113171015620	  194  126   -190   -174    602
20210113171015820	  194  126   -189   -174    601
20210113171016121	  192  126   -193   -174    602
20210113171016321	  192  126   -193   -174    601
20210113171016521	  193  125   -191   -176    601
20210113171016787	  192  125   -193   -176    602
20210113171016954	  193  124   -191   -177    600
20210113171017121	  192  124   -193   -177    601
20210113171017288	  192  125   -193   -176    602
20210113171017454	  192  124   -193   -178    602
20210113171017654	  191  125   -215   -194    665
20210113171017821	  192  124   -193   -178    602
20210113171017988	  191  124   -195   -178    602
20210113171018154	  192  124   -213   -196    664
20210113171018321	  192  124   -193   -178    602
20210113171018488	  190  124   -216   -196    663
20210113171018688	  192  123   -193   -179    601
20210113171018855	  192  124   -213   -196    664
20210113171019021	  189  124   -218   -196    664
20210113171019188	  192  123   -193   -180    603
20210113171019355	  190  123   -196   -179    602
20210113171019555	  190  123   -216   -197    663
20210113171019721	  190  123   -196   -179    602
20210113171019888	  190  122   -196   -180    601
20210113171020055	  190  122   -196   -181    601
20210113171020222	  190  122   -196   -180    600
20210113171020322	  191  121   -194   -182    600
20210113171020388	  191  121   -194   -182    600
20210113171020555	  190  121   -195   -182    600
20210113171020622	  190  121   -195   -181    599
20210113171020788	  190  121   -195   -182    600
20210113171021022	  189  121   -197   -182    600
20210113171021289	  190  121   -196   -182    601
20210113171021389	  189  121   -197   -182    600
20210113171021555	  189  121   -197   -182    599
20210113171021755	  189  120   -197   -183    599
20210113171022055	  190  120   -195   -183    600
20210113171022155	  189  120   -196   -183    598
20210113171022289	  190  120   -195   -183    599
20210113171022489	  188  119   -198   -184    598
20210113171022722	  188  120   -198   -183    599
20210113171022856	  188  119   -197   -184    597
20210113171022956	  188  119   -198   -184    598
20210113171023089	  189  119   -197   -184    599
20210113171023256	  188  119   -198   -184    598
20210113171023556	  188  119   -198   -184    599
20210113171023856	  188  119   -198   -184    598
20210113171024123	  188  118   -198   -186    598
20210113171024256	  188  118   -198   -186    599
20210113171024356	  188  118   -198   -186    598
20210113171024489	  187  117   -199   -187    598
20210113171024756	  187  118   -199   -186    598
20210113171024989	  187  117   -199   -187    598
20210113171025156	  187  117   -200   -187    598
20210113171025323	  187  117   -199   -187    596
20210113171025490	  187  117   -199   -187    598
20210113171025690	  187  116   -199   -189    597
20210113171025856	  186  116   -201   -189    598
20210113171026023	  186  116   -201   -189    598
20210113171026156	  187  116   -200   -189    598
20210113171026323	  186  116   -201   -189    598
20210113171026523	  187  116   -200   -189    598
20210113171026690	  186  115   -201   -190    598
20210113171026857	  186  115   -201   -190    598
20210113171027057	  186  115   -201   -190    597
20210113171027223	  187  116   -200   -189    599
20210113171027390	  187  115   -200   -191    599
20210113171027557	  186  115   -201   -191    599
20210113171027724	  186  115   -201   -191    599
20210113171027890	  186  114   -201   -192    597
20210113171028090	  186  114   -202   -193    600
20210113171028257	  186  114   -201   -192    598
20210113171028424	  186  114   -201   -192    599
20210113171028490	  185  114   -203   -193    600
20210113171028590	  186  114   -201   -192    599
20210113171028657	  186  114   -202   -193    600
20210113171028757	  186  113   -201   -194    599
20210113171028924	  186  113   -201   -194    599
20210113171029057	  186  113   -202   -194    601
20210113171029291	  185  113   -203   -194    600
20210113171029557	  185  113   -203   -194    600
20210113171029757	  185  112   -203   -196    599
20210113171030057	  185  112   -203   -196    600
20210113171030291	  184  112   -205   -196    600
20210113171030324	  184  112   -205   -196    599
20210113171030458	  184  112   -205   -196    599
20210113171030591	  184  112   -204   -196    600
20210113171030691	  185  111   -203   -197    599
20210113171030758	  184  112   -205   -196    599
20210113171030824	  184  112   -205   -196    600
20210113171030924	  184  112   -205   -196    601
20210113171031091	  184  111   -205   -197    600
20210113171031158	  184  111   -205   -197    601
20210113171031324	  183  111   -206   -197    599
20210113171031424	  184  111   -205   -197    600
20210113171031524	  184  111   -205   -197    600
20210113171031624	  184  111   -205   -197    599
20210113171031791	  184  111   -205   -197    600
20210113171032091	  185  110   -203   -199    599
20210113171032291	  184  110   -205   -199    600
20210113171032391	  184  110   -205   -199    599
20210113171032691	  184  110   -205   -199    600
20210113171032991	  183  109   -206   -200    600
20210113171033292	  183  109   -206   -200    599
20210113171033625	  183  108   -206   -202    599
20210113171033892	  182  109   -208   -200    600
20210113171034225	  183  109   -228   -222    665
20210113171034358	  183  108   -206   -202    599
20210113171034625	  183  108   -206   -202    599
20210113171034925	  183  108   -207   -202    601
20210113171035125	  184  107   -205   -203    599
20210113171035325	  183  107   -206   -204    600
20210113171035459	  183  107   -206   -204    600
20210113171035525	  183  107   -207   -204    601
20210113171035826	  181  107   -210   -204    601
20210113171035926	  181  107   -209   -204    600
20210113171036192	  181  107   -210   -204    601
20210113171036326	  181  106   -210   -206    602
20210113171036459	  181  107   -210   -204    602
20210113171036526	  181  107   -210   -204    602
20210113171036592	  183  105   -227   -228    660
20210113171036659	  181  106   -210   -206    602
20210113171036759	  183  105   -207   -207    601
20210113171036893	  182  105   -208   -207    601
20210113171036959	  182  105   -208   -206    599
20210113171037159	  182  106   -208   -206    602
20210113171037393	  181  106   -209   -205    600
20210113171037693	  182  105   -209   -207    601
20210113171037993	  182  105   -209   -207    602
20210113171038293	  181  106   -210   -206    602
20210113171038493	  183  104   -207   -209    601
20210113171038593	  180  105   -212   -207    602
20210113171038626	  181  104   -210   -209    601
20210113171038860	  181  104   -210   -208    601
20210113171039126	  181  104   -210   -209    601
20210113171039260	  182  104   -208   -209    602
20210113171039293	  181  104   -210   -209    601
20210113171039393	  180  103   -211   -210    600
20210113171039660	  179  103   -213   -210    602
20210113171039960	  181  103   -210   -210    602
20210113171040293	  179  103   -213   -210    600
20210113171040560	  181  102   -209   -211    600
20210113171040727	  180  104   -211   -209    601
20210113171040860	  180  102   -211   -212    601
20210113171041027	  180  102   -211   -212    601
20210113171041260	  180  102   -211   -211    600
20210113171041427	  182  102   -208   -212    601
20210113171041594	  180  102   -211   -212    601
20210113171041794	  180  101   -211   -213    602
20210113171041960	  180  102   -211   -212    601
20210113171042127	  180  102   -211   -212    602
20210113171042327	  180  102   -212   -212    602
20210113171042494	  180  102   -212   -212    603
20210113171042661	  178  102   -215   -212    602
20210113171042861	  180  101   -212   -214    602
20210113171043027	  180  101   -212   -214    602
20210113171043194	  180  101   -211   -213    602
20210113171043361	  180  101   -211   -213    602
20210113171043561	  180  100   -212   -216    603
20210113171043728	  179  101   -213   -213    601
20210113171043894	  179  101   -213   -214    602
20210113171044094	  179  100   -213   -215    603
20210113171044261	  177  100   -217   -216    603
20210113171044461	  179  101   -214   -214    603
20210113171044661	  179  100   -213   -215    602
20210113171044828	  179  100   -214   -216    603
20210113171044995	  179  100   -213   -215    603
20210113171045095	  177  100   -217   -216    604
20210113171045161	  179  100   -214   -216    604
20210113171045261	  179  100   -214   -216    604
20210113171045428	  179   99   -214   -217    603
20210113171045728	  178  100   -215   -216    603
20210113171046062	  178  100   -215   -216    604
20210113171046262	  179  100   -214   -216    604
20210113171046462	  178  100   -216   -216    604
20210113171046628	  179   99   -214   -218    604
20210113171046762	  179  100   -214   -216    605
20210113171046928	  179  100   -214   -216    605
20210113171047162	  178   99   -216   -218    606
20210113171047362	  178   99   -216   -218    605
20210113171047529	  178   99   -216   -218    605
20210113171047629	  177  100   -217   -216    605
20210113171047729	  180  100   -213   -216    605
20210113171047895	  178   99   -216   -218    605
20210113171048062	  178   99   -215   -217    604
20210113171048229	  178   99   -216   -218    606
20210113171048462	  178   99   -216   -218    606
20210113171048795	  178   99   -216   -218    606
20210113171048962	  178   98   -216   -220    606
20210113171049162	  178   98   -216   -220    606
20210113171049362	  178   98   -216   -219    605
20210113171049496	  178   98   -216   -220    606
20210113171049596	  178   98   -216   -220    606
20210113171049929	  177   98   -217   -219    605
20210113171050096	  177   98   -218   -220    606
20210113171050296	  177   98   -218   -220    606
20210113171050463	  177   97   -218   -221    606
20210113171050663	  177   97   -218   -221    606
20210113171050829	  177   97   -218   -221    606
20210113171051029	  178   98   -216   -220    606
20210113171051229	  177   97   -218   -221    606
20210113171051396	  178   98   -217   -220    607
20210113171051596	  176   97   -220   -222    607
20210113171051763	  176   97   -219   -221    606
20210113171051963	  177   97   -218   -221    607
20210113171052163	  176   97   -219   -221    606
20210113171052296	  176   97   -220   -222    607
20210113171052530	  176   97   -220   -222    607
20210113171052697	  176   97   -220   -222    607
20210113171052897	  176   97   -220   -222    607
20210113171053030	  176   97   -219   -221    606
20210113171053097	  177   97   -218   -221    607
20210113171053297	  176   97   -219   -221    607
20210113171053397	  176   97   -220   -222    607
20210113171053497	  176   97   -220   -222    607
20210113171053630	  177   97   -218   -222    607
20210113171053964	  177   97   -218   -222    607
20210113171054230	  178   96   -216   -223    607
20210113171054530	  178   96   -216   -223    605
20210113171054764	  178   96   -216   -223    607
20210113171054930	  177   97   -218   -221    606
20210113171055064	  177   97   -218   -221    606
20210113171055130	  177   97   -218   -222    607
20210113171055264	  177   97   -218   -222    607
20210113171055364	  177   97   -218   -222    607
20210113171055397	  177   97   -218   -222    607
20210113171055531	  177   97   -218   -222    608
20210113171055831	  176   96   -220   -223    607
20210113171056164	  176   96   -219   -223    607
20210113171056464	  176   96   -219   -223    605
20210113171056798	  176   96   -219   -223    606
20210113171056864	  176   96   -219   -223    607
20210113171056931	  176   96   -219   -223    607
20210113171057264	  176   96   -219   -223    606
20210113171057564	  176   96   -219   -223    606
20210113171057731	  176   96   -219   -223    605
20210113171057931	  175   97   -221   -222    607
20210113171058131	  175   96   -221   -223    606
20210113171058331	  176   96   -220   -223    607
20210113171058498	  176   98   -220   -221    609
20210113171058698	  175   96   -221   -223    608
20210113171058898	  175   97   -221   -222    607
20210113171059065	  175   97   -221   -221    606
20210113171059265	  176   96   -219   -223    606
20210113171059465	  175   96   -221   -223    606
20210113171059632	  176   96   -219   -223    606
20210113171059832	  175   96   -221   -223    605
20210113171059998	  175   97   -221   -221    606
20210113171100198	  177   95   -218   -224    606
20210113171100398	  175   96   -221   -223    606
20210113171100565	  174   96   -222   -223    606
20210113171100765	  174   96   -222   -223    605
20210113171100932	  177   96   -218   -223    606
20210113171101132	  179   96   -215   -223    607
20210113171101232	  177   95   -218   -224    606
20210113171101299	  173   95   -224   -225    607
20210113171101399	  176   95   -219   -224    604
20210113171101499	  176   95   -220   -225    608
20210113171101799	  175   95   -221   -224    606
20210113171102132	  172   94   -225   -226    605
20210113171102432	  173   94   -224   -226    606
20210113171102632	  174   94   -222   -226    606
20210113171102832	  176   94   -220   -226    607
20210113171102932	  176   94   -219   -226    607
20210113171103032	  176   94   -219   -226    606
20210113171103232	  175   94   -221   -226    606
20210113171103366	  175   94   -221   -226    607
20210113171103399	  175   94   -221   -226    606
20210113171103499	  174   93   -222   -227    605
20210113171103533	  174   93   -222   -227    605
20210113171103599	  174   93   -222   -227    605
20210113171103966	  175   93   -221   -228    606
20210113171104266	  173   94   -224   -226    606
20210113171104499	  173   94   -224   -226    607
20210113171104599	  173   94   -224   -226    606
20210113171104833	  173   94   -224   -226    606
20210113171105100	  173   93   -224   -228    607
20210113171105233	  175   93   -221   -228    606
20210113171105433	  174   93   -222   -227    606
20210113171105733	  175   93   -220   -227    605
20210113171105966	  175   95   -221   -224    606
20210113171106300	  175   94   -221   -226    606
20210113171106600	  176   95   -219   -225    606
20210113171106800	  175   94   -221   -226    606
20210113171107000	  175   94   -221   -226    606
20210113171107167	  175   94   -220   -225    604
20210113171107367	  173   95   -224   -224    605
20210113171107567	  175   94   -220   -225    604
20210113171107734	  175   94   -221   -226    606
20210113171107934	  172   94   -226   -226    606
20210113171108134	  173   95   -224   -224    606
20210113171108300	  173   95   -224   -224    605
20210113171108500	  175   94   -221   -226    605
20210113171108667	  176   94   -219   -226    606
20210113171108734	  173   94   -224   -226    605
20210113171108834	  176   95   -219   -225    607
20210113171108934	  172   94   -225   -226    606
20210113171108967	  176   95   -220   -225    607
20210113171109101	  175   95   -221   -225    607
20210113171109134	  175   95   -221   -225    607
20210113171109334	  175   94   -221   -226    605
20210113171109634	  172   94   -226   -226    606
20210113171109968	  172   94   -225   -226    605
20210113171110268	  175   94   -221   -226    606
20210113171110468	  172   94   -225   -226    606
20210113171110534	  175   95   -221   -225    608
20210113171110634	  175   94   -221   -226    607
20210113171110901	  172   94   -225   -226    605
20210113171111034	  175   94   -221   -226    606
20210113171111135	  175   95   -221   -225    606
20210113171111235	  174   94   -222   -226    606
20210113171111268	  172   94   -225   -226    606
20210113171111401	  175   95   -220   -224    605
20210113171111735	  172   94   -225   -226    605
20210113171112068	  175   94   -221   -226    606
20210113171112268	  174   94   -222   -226    605
20210113171112368	  174   94   -222   -226    606
20210113171112635	  174   95   -222   -224    605
20210113171112968	  174   95   -222   -224    605
20210113171113268	  174   95   -222   -224    606
20210113171113468	  175   94   -220   -226    605
20210113171113535	  174   95   -222   -224    606
20210113171113768	  174   95   -222   -224    605
20210113171113935	  174   94   -222   -226    606
