20210113170644555	  167  102   -249   -227    645
20210113170645045	  167  103   -249   -225    645
20210113170645142	  169  102   -246   -227    645
20210113170645239	  168  102   -247   -227    645
20210113170645336	  167  102   -249   -227    644
20210113170645400	  168  102   -247   -227    645
20210113170645497	  167  103   -249   -225    645
20210113170645592	  168  102   -247   -227    645
20210113170645692	  168  102   -247   -227    646
20210113170645758	  168  102   -247   -227    645
20210113170645858	  168  102   -247   -227    646
20210113170645958	  169  103   -246   -226    647
20210113170646058	  168  102   -247   -227    646
20210113170646258	  168  102   -247   -227    645
20210113170646625	  168  102   -247   -227    645
20210113170646725	  168  102   -247   -227    646
20210113170646792	  168  102   -247   -227    646
20210113170646991	  168  102   -247   -227    645
20210113170647091	  168  102   -247   -227    645
20210113170647191	  167  103   -249   -226    646
20210113170647291	  169  101   -245   -229    644
20210113170647391	  168  102   -247   -227    645
20210113170647457	  169  102   -245   -227    646
20210113170647557	  168  102   -247   -227    645
20210113170647657	  168  102   -247   -227    645
20210113170647757	  169  103   -246   -226    646
20210113170647857	  168  102   -247   -227    646
20210113170647957	  169  103   -246   -226    646
20210113170648024	  169  101   -245   -229    646
20210113170648124	  166  102   -250   -227    645
20210113170648224	  168  102   -247   -227    646
20210113170648325	  168  103   -247   -226    646
20210113170648425	  169  101   -245   -229    644
20210113170648592	  168  102   -247   -227    646
20210113170648693	  168  102   -247   -227    646
20210113170648794	  168  102   -247   -227    646
20210113170648894	  168  102   -247   -227    645
20210113170648995	  169  101   -246   -229    647
20210113170649063	  168  103   -247   -226    646
20210113170649164	  168  102   -247   -227    645
20210113170649265	  169  103   -246   -226    647
20210113170649366	  170  102   -245   -228    648
20210113170649467	  168  102   -247   -227    646
20210113170649568	  168  102   -247   -227    646
20210113170649635	  168  102   -247   -227    645
20210113170649735	  168  102   -247   -227    646
20210113170649835	  169  102   -246   -228    647
20210113170649935	  167  103   -249   -226    646
20210113170650035	  168  102   -247   -227    645
20210113170650135	  167  103   -249   -225    645
20210113170650302	  168  103   -247   -226    646
20210113170650402	  168  103   -247   -226    646
20210113170650502	  168  102   -247   -227    645
20210113170650602	  167  102   -249   -227    645
20210113170650702	  169  101   -246   -229    646
20210113170650802	  168  102   -247   -227    646
20210113170650902	  168  102   -247   -227    645
20210113170651002	  168  102   -247   -228    646
20210113170651102	  168  102   -248   -228    647
20210113170651202	  169  103   -246   -226    647
20210113170651302	  168  102   -247   -227    646
20210113170651369	  168  103   -248   -226    647
20210113170651469	  168  102   -247   -227    646
20210113170651569	  168  102   -247   -227    645
20210113170651669	  168  102   -247   -228    646
20210113170651769	  168  102   -247   -228    646
20210113170651869	  168  103   -247   -226    645
20210113170651936	  168  102   -247   -227    646
20210113170652036	  170  102   -244   -227    646
20210113170652136	  167  103   -248   -225    644
20210113170652236	  168  102   -247   -227    645
20210113170652336	  168  103   -247   -226    646
20210113170652436	  168  102   -247   -227    646
20210113170652536	  168  103   -247   -226    645
20210113170652603	  169  103   -246   -226    647
20210113170652703	  168  102   -247   -227    645
20210113170652803	  169  102   -246   -228    647
20210113170652903	  168  102   -247   -227    646
20210113170653003	  169  103   -246   -226    647
20210113170653069	  168  102   -248   -228    647
20210113170653169	  168  102   -247   -227    645
20210113170653269	  168  102   -247   -227    646
20210113170653369	  168  102   -247   -227    646
20210113170653470	  168  102   -247   -227    645
20210113170653536	  169  103   -246   -226    647
20210113170653636	  168  102   -247   -228    646
20210113170653736	  168  102   -248   -228    647
20210113170653836	  168  103   -248   -226    647
20210113170653936	  168  102   -247   -228    646
20210113170654003	  168  102   -247   -228    646
20210113170654103	  168  102   -247   -227    646
20210113170654203	  167  103   -249   -226    646
20210113170654303	  168  102   -247   -228    646
20210113170654403	  167  102   -249   -227    645
20210113170654503	  168  102   -247   -228    647
20210113170654570	  168  102   -247   -227    646
20210113170654670	  168  102   -247   -227    646
20210113170654770	  167  103   -249   -226    646
20210113170654870	  168  103   -248   -226    647
20210113170654970	  168  102   -248   -228    647
20210113170655070	  167  102   -249   -227    645
20210113170655137	  168  102   -247   -227    645
20210113170655237	  169  103   -246   -226    647
20210113170655337	  168  102   -247   -227    646
20210113170655437	  166  102   -251   -227    646
20210113170655537	  168  102   -247   -227    646
20210113170655603	  169  103   -246   -226    646
20210113170655703	  168  102   -247   -227    645
20210113170655803	  167  103   -249   -226    646
20210113170655904	  167  103   -249   -226    646
20210113170656004	  168  102   -247   -227    646
20210113170656070	  168  103   -247   -226    646
20210113170656170	  168  102   -247   -227    646
20210113170656270	  168  102   -247   -227    646
20210113170656370	  168  102   -247   -228    646
20210113170656470	  168  102   -247   -228    646
20210113170656537	  168  102   -247   -227    646
20210113170656637	  169  103   -246   -226    647
20210113170656737	  168  102   -247   -228    647
20210113170656837	  168  104   -248   -225    648
20210113170656937	  169  103   -246   -226    647
20210113170657004	  170  103   -245   -226    648
20210113170657104	  169  103   -246   -226    647
20210113170657204	  169  103   -246   -226    647
20210113170657304	  169  103   -246   -226    647
20210113170657404	  168  104   -248   -224    647
20210113170657504	  169  103   -246   -226    647
20210113170657571	  168  102   -247   -227    646
20210113170657671	  168  102   -247   -228    647
20210113170657771	  167  103   -249   -226    647
20210113170657871	  168  103   -247   -226    646
20210113170657971	  168  102   -247   -227    645
20210113170658037	  168  104   -248   -224    647
20210113170658137	  168  102   -247   -228    647
20210113170658237	  167  103   -249   -226    646
20210113170658337	  170  103   -245   -226    648
20210113170658437	  168  102   -247   -228    647
20210113170658537	  168  102   -248   -228    647
20210113170658604	  168  103   -248   -226    647
20210113170658704	  168  102   -247   -228    646
20210113170658804	  168  103   -247   -226    646
20210113170658904	  167  103   -249   -226    646
20210113170659004	  167  103   -249   -226    647
20210113170659104	  167  103   -249   -226    647
20210113170659171	  169  102   -246   -228    647
20210113170659271	  169  103   -246   -226    647
20210113170659371	  168  102   -247   -228    647
20210113170659471	  168  103   -248   -226    647
20210113170659571	  169  103   -246   -226    647
20210113170659671	  169  102   -246   -228    647
20210113170659771	  167  103   -249   -226    647
20210113170659838	  168  102   -247   -228    646
20210113170659938	  168  103   -248   -226    647
20210113170700038	  168  102   -248   -228    647
20210113170700138	  170  102   -244   -228    647
20210113170700238	  168  102   -248   -228    647
20210113170700338	  168  103   -248   -226    648
20210113170700405	  170  102   -245   -228    648
20210113170700505	  169  103   -246   -226    647
20210113170700605	  170  102   -244   -228    647
20210113170700705	  168  103   -247   -226    646
20210113170700771	  169  103   -246   -226    647
20210113170700871	  168  102   -247   -227    646
20210113170700971	  168  103   -248   -226    647
20210113170701071	  169  103   -246   -226    648
20210113170701171	  168  103   -247   -226    647
20210113170701238	  168  104   -248   -225    648
20210113170701438	  167  102   -249   -228    647
20210113170701538	  169  103   -246   -227    648
20210113170701638	  169  104   -247   -225    649
20210113170701738	  168  102   -248   -228    647
20210113170701805	  168  103   -248   -226    647
20210113170701905	  167  103   -249   -226    647
20210113170702005	  168  104   -248   -225    647
20210113170702105	  167  103   -249   -226    647
20210113170702205	  168  102   -248   -228    647
20210113170702272	  169  102   -246   -228    648
20210113170702372	  168  102   -248   -228    647
20210113170702505	  168  104   -248   -225    648
20210113170702605	  169  101   -246   -230    648
20210113170702705	  168  102   -248   -228    647
20210113170702772	  168  103   -248   -227    648
20210113170702872	  170  102   -245   -228    648
20210113170702972	  168  103   -248   -226    647
20210113170703072	  168  103   -248   -226    647
20210113170703172	  168  103   -248   -226    648
20210113170703272	  170  103   -245   -227    649
20210113170703339	  168  102   -248   -228    648
20210113170703439	  168  104   -248   -225    648
20210113170703539	  169  103   -246   -226    648
20210113170703639	  168  102   -247   -228    647
20210113170703739	  167  103   -249   -226    647
20210113170703806	  168  104   -248   -225    648
20210113170703906	  167  103   -249   -226    647
20210113170704006	  168  103   -248   -226    647
20210113170704106	  168  104   -248   -225    649
20210113170704206	  168  102   -247   -227    646
20210113170704272	  168  103   -248   -226    647
20210113170704372	  171  103   -243   -227    649
20210113170704472	  169  103   -246   -226    647
20210113170704572	  169  103   -246   -226    647
20210113170704672	  169  103   -246   -226    648
20210113170704739	  170  102   -245   -228    648
20210113170704839	  168  102   -248   -228    647
20210113170704939	  170  101   -245   -230    649
20210113170705039	  169  103   -246   -226    648
20210113170705139	  168  103   -248   -226    648
20210113170705239	  168  103   -247   -226    646
20210113170705339	  168  104   -248   -225    648
20210113170705406	  170  102   -245   -228    648
20210113170705506	  168  103   -248   -226    647
20210113170705606	  170  102   -245   -228    648
20210113170705706	  168  103   -248   -226    647
20210113170705806	  168  104   -249   -225    650
20210113170705906	  169  103   -246   -226    647
20210113170705973	  169  102   -246   -228    647
20210113170706073	  168  103   -248   -226    647
20210113170706173	  170  102   -244   -228    647
20210113170706273	  168  103   -247   -226    647
20210113170706373	  169  103   -246   -226    648
20210113170706440	  168  102   -248   -228    647
20210113170706573	  168  103   -248   -226    647
20210113170706673	  169  103   -246   -226    647
20210113170706740	  167  103   -249   -226    646
20210113170706840	  169  104   -246   -224    647
20210113170706940	  169  103   -246   -226    646
20210113170707040	  168  103   -248   -226    647
20210113170707140	  168  102   -248   -228    647
20210113170707240	  170  103   -244   -226    647
20210113170707340	  168  103   -247   -226    646
20210113170707440	  169  103   -246   -226    646
20210113170707506	  168  104   -248   -224    647
20210113170707606	  170  103   -245   -226    648
20210113170707707	  168  104   -247   -224    647
20210113170707807	  170  103   -244   -226    647
20210113170707907	  169  104   -246   -224    647
20210113170708140	  169  104   -246   -224    647
20210113170708240	  169  103   -246   -226    646
20210113170708340	  169  103   -246   -226    646
20210113170708407	  169  103   -246   -226    646
20210113170708507	  168  105   -248   -223    647
20210113170708607	  171  105   -243   -223    648
20210113170708707	  169  103   -246   -226    645
20210113170708807	  169  104   -246   -224    647
20210113170708907	  168  104   -247   -224    645
20210113170708973	  170  103   -244   -226    647
20210113170709074	  169  103   -246   -226    646
20210113170709174	  169  104   -246   -224    647
20210113170709274	  170  105   -244   -223    647
20210113170709374	  169  104   -246   -224    646
20210113170709440	  169  104   -246   -224    646
20210113170709540	  168  105   -247   -222    645
20210113170709640	  170  104   -244   -224    646
20210113170709740	  169  104   -246   -224    646
20210113170709840	  171  104   -242   -224    647
20210113170709940	  169  104   -245   -224    645
20210113170710040	  169  104   -246   -224    645
20210113170710107	  170  103   -243   -225    645
20210113170710207	  169  105   -246   -222    645
20210113170710340	  169  105   -246   -222    646
20210113170710407	  170  105   -244   -223    647
20210113170710507	  170  105   -244   -222    646
20210113170710607	  169  104   -246   -224    646
20210113170710707	  169  106   -246   -220    646
20210113170710807	  169  105   -246   -223    646
20210113170710907	  168  105   -247   -222    646
20210113170711007	  169  104   -246   -224    645
20210113170711107	  170  105   -244   -222    645
20210113170711174	  168  105   -247   -222    645
20210113170711274	  168  105   -247   -222    645
20210113170711374	  170  105   -244   -222    646
20210113170711474	  170  105   -244   -222    646
20210113170711574	  168  105   -247   -222    645
20210113170711774	  170  105   -244   -223    647
20210113170711874	  171  104   -243   -224    646
20210113170711974	  171  105   -242   -222    646
20210113170712074	  169  106   -246   -221    647
20210113170712174	  170  105   -243   -222    645
20210113170712274	  170  105   -243   -222    645
20210113170712408	  170  106   -244   -221    646
20210113170712508	  169  106   -245   -220    645
20210113170712608	  170  105   -243   -222    644
20210113170712708	  170  106   -244   -220    645
20210113170712808	  170  106   -243   -220    645
20210113170712908	  170  106   -244   -221    646
20210113170713008	  168  106   -247   -220    645
20210113170713141	  170  106   -243   -220    645
20210113170713208	  171  105   -242   -222    645
20210113170713341	  170  106   -244   -220    645
20210113170713441	  170  106   -244   -220    645
20210113170713541	  171  106   -242   -221    645
20210113170713608	  168  106   -247   -221    646
20210113170713708	  171  106   -242   -221    646
20210113170713808	  170  106   -243   -220    645
20210113170713908	  170  107   -244   -219    645
20210113170714041	  170  107   -244   -219    645
20210113170714108	  170  107   -244   -219    645
20210113170714241	  170  106   -244   -221    645
20210113170714341	  171  105   -242   -222    645
20210113170714442	  171  106   -242   -221    646
20210113170714542	  170  107   -243   -219    645
20210113170714642	  170  108   -244   -217    646
20210113170714775	  171  107   -242   -219    645
20210113170714875	  170  106   -243   -220    644
20210113170714975	  171  107   -242   -219    645
20210113170715075	  170  108   -244   -217    645
20210113170715208	  171  107   -242   -219    646
20210113170715308	  171  107   -242   -219    646
20210113170715408	  170  107   -244   -219    645
20210113170715508	  169  107   -245   -219    645
20210113170715608	  171  107   -242   -219    645
20210113170715742	  171  107   -242   -219    645
20210113170715842	  172  106   -240   -220    645
20210113170715942	  172  106   -240   -221    646
20210113170716042	  171  107   -242   -219    645
20210113170716175	  172  108   -240   -217    645
20210113170716275	  170  107   -243   -219    644
20210113170716375	  170  107   -244   -219    645
20210113170716509	  171  108   -242   -217    646
20210113170716609	  170  108   -244   -217    645
20210113170716709	  172  107   -240   -219    645
20210113170716809	  171  108   -242   -217    645
20210113170716942	  171  108   -242   -217    645
20210113170717042	  172  107   -240   -219    645
20210113170717142	  171  108   -242   -217    646
20210113170717242	  170  109   -244   -216    646
20210113170717376	  170  109   -243   -215    645
20210113170717476	  170  109   -244   -215    645
20210113170717576	  171  109   -242   -216    646
20210113170717709	  170  109   -244   -215    645
20210113170717942	  170  109   -244   -216    646
20210113170718042	  173  109   -239   -216    646
20210113170718142	  171  109   -242   -216    646
20210113170718276	  171  109   -242   -216    647
20210113170718376	  171  109   -242   -215    645
20210113170718476	  171  109   -242   -216    646
20210113170718576	  171  109   -242   -215    645
20210113170718709	  173  109   -239   -215    645
20210113170718809	  172  108   -240   -217    645
20210113170718909	  172  109   -241   -216    646
20210113170719043	  172  108   -240   -217    645
20210113170719143	  173  109   -239   -216    646
20210113170719243	  170  110   -244   -214    646
20210113170719376	  173  109   -239   -216    646
20210113170719476	  170  110   -244   -214    646
20210113170719576	  170  110   -244   -214    646
20210113170719676	  170  110   -244   -214    645
20210113170719809	  171  110   -242   -214    645
20210113170719910	  172  110   -241   -214    646
20210113170720010	  172  110   -240   -214    645
20210113170720143	  172  110   -241   -214    646
20210113170720243	  172  110   -240   -214    645
20210113170720343	  171  111   -242   -212    645
20210113170720476	  173  111   -239   -212    646
20210113170720576	  172  110   -240   -214    645
20210113170720676	  173  110   -239   -214    645
20210113170720810	  172  111   -240   -212    645
20210113170720910	  172  111   -240   -212    645
20210113170721010	  171  111   -242   -212    645
20210113170721143	  171  111   -242   -212    645
20210113170721243	  171  110   -242   -214    645
20210113170721343	  171  111   -242   -212    645
20210113170721477	  171  111   -242   -212    645
20210113170721610	  173  111   -239   -212    646
20210113170721710	  172  111   -240   -212    645
20210113170721810	  172  111   -240   -212    645
20210113170721943	  172  111   -240   -212    645
20210113170722043	  173  111   -238   -212    645
20210113170722143	  172  111   -240   -212    645
20210113170722277	  172  111   -240   -212    645
20210113170722377	  173  111   -238   -212    645
20210113170722477	  171  112   -242   -210    644
20210113170722610	  174  111   -237   -212    645
20210113170722710	  172  112   -240   -210    645
20210113170722810	  173  111   -239   -212    645
20210113170722910	  171  111   -241   -212    644
20210113170723044	  172  111   -240   -211    643
20210113170723144	  172  112   -240   -210    644
20210113170723244	  173  112   -238   -210    644
20210113170723377	  173  112   -239   -210    645
20210113170723477	  172  111   -239   -211    643
20210113170723577	  174  112   -237   -210    645
20210113170723677	  173  112   -239   -210    645
20210113170723810	  173  112   -238   -210    644
20210113170723910	  173  111   -238   -212    644
20210113170724011	  173  112   -238   -210    645
20210113170724144	  173  112   -238   -210    645
20210113170724244	  173  112   -239   -210    645
20210113170724344	  173  112   -238   -210    645
20210113170724444	  173  112   -238   -210    645
20210113170724577	  173  112   -238   -210    644
20210113170724677	  173  112   -238   -210    644
20210113170724777	  174  112   -237   -210    644
20210113170724911	  173  113   -238   -208    643
20210113170725011	  173  113   -238   -208    644
20210113170725111	  173  113   -238   -208    643
20210113170725244	  174  112   -236   -210    644
20210113170725344	  175  113   -235   -209    646
20210113170725444	  173  113   -238   -208    644
20210113170725544	  173  113   -238   -208    643
20210113170725678	  174  113   -237   -209    645
20210113170725778	  175  113   -235   -208    644
20210113170725878	  174  113   -237   -209    646
20210113170726011	  173  113   -238   -209    645
20210113170726111	  174  114   -237   -207    645
20210113170726211	  173  113   -238   -208    644
20210113170726344	  173  113   -238   -208    644
20210113170726444	  174  114   -237   -207    645
20210113170726545	  174  114   -237   -207    645
20210113170726678	  173  114   -238   -207    645
20210113170726778	  174  114   -237   -207    645
20210113170726878	  173  115   -238   -205    645
20210113170727045	  174  114   -237   -207    645
20210113170727145	  174  113   -236   -208    643
20210113170727245	  174  114   -236   -206    643
20210113170727378	  174  114   -236   -206    643
20210113170727478	  174  114   -236   -206    643
20210113170727578	  174  114   -237   -207    644
20210113170727678	  175  114   -235   -207    644
20210113170727812	  175  114   -235   -207    645
20210113170727912	  175  114   -235   -207    644
20210113170728012	  174  114   -236   -206    643
20210113170728145	  174  114   -236   -206    643
20210113170728245	  174  114   -236   -206    642
20210113170728345	  176  115   -233   -205    644
20210113170728478	  174  115   -236   -205    643
20210113170728578	  175  115   -234   -205    643
20210113170728678	  175  115   -234   -204    642
20210113170728812	  174  115   -236   -204    642
20210113170728912	  174  115   -236   -204    642
20210113170729012	  175  116   -235   -203    643
20210113170729112	  176  115   -233   -205    643
20210113170729245	  174  115   -236   -204    642
20210113170729345	  174  116   -236   -203    644
20210113170729445	  173  115   -238   -205    643
20210113170729579	  174  115   -236   -204    642
20210113170729679	  174  116   -236   -202    641
20210113170729779	  174  116   -236   -203    642
20210113170729912	  174  116   -236   -203    643
20210113170730012	  175  116   -235   -203    643
20210113170730112	  174  116   -236   -203    643
20210113170730245	  175  117   -235   -201    643
20210113170730345	  175  116   -235   -203    643
20210113170730446	  175  117   -234   -201    643
20210113170730546	  175  117   -234   -201    643
20210113170730679	  173  117   -238   -201    643
20210113170730779	  175  116   -234   -203    642
20210113170730879	  175  116   -234   -203    642
20210113170731012	  175  117   -234   -201    643
20210113170731112	  174  117   -236   -201    642
20210113170731212	  175  118   -235   -200    644
20210113170731346	  175  118   -234   -199    642
20210113170731446	  176  117   -233   -201    643
20210113170731546	  175  117   -234   -201    642
20210113170731679	  177  117   -231   -201    643
20210113170731779	  175  117   -235   -202    644
20210113170731879	  174  117   -236   -201    641
20210113170732013	  175  117   -234   -201    642
20210113170732113	  175  117   -234   -201    641
20210113170732213	  175  117   -234   -201    642
20210113170732346	  177  118   -231   -200    643
20210113170732446	  175  119   -235   -198    643
20210113170732546	  175  117   -234   -201    642
20210113170732646	  176  117   -233   -201    642
20210113170732779	  176  118   -233   -199    642
20210113170732879	  175  119   -235   -198    643
20210113170732980	  176  118   -233   -199    642
20210113170733113	  176  118   -233   -200    644
20210113170733213	  176  118   -233   -199    642
20210113170733313	  176  118   -233   -199    642
20210113170733446	  176  119   -233   -198    642
20210113170733546	  176  118   -232   -199    642
20210113170733646	  177  118   -231   -200    643
20210113170733780	  176  118   -232   -199    642
20210113170733880	  176  118   -233   -199    642
20210113170733980	  176  120   -233   -196    643
20210113170734080	  176  119   -232   -198    642
20210113170734213	  176  119   -233   -198    643
20210113170734313	  177  118   -231   -199    642
20210113170734413	  176  119   -232   -198    642
20210113170734547	  176  119   -233   -198    642
20210113170734647	  176  119   -233   -198    642
20210113170734747	  176  120   -233   -196    643
20210113170734847	  176  118   -232   -199    642
20210113170734980	  175  119   -234   -198    642
20210113170735080	  177  119   -231   -198    642
20210113170735180	  177  119   -231   -198    642
20210113170735313	  177  119   -231   -198    642
20210113170735413	  175  120   -234   -196    641
20210113170735547	  176  121   -233   -194    642
20210113170735647	  176  121   -233   -195    643
20210113170735747	  176  120   -232   -196    642
20210113170735847	  176  121   -233   -194    642
20210113170735980	  177  119   -231   -198    642
20210113170736080	  177  120   -231   -196    642
20210113170736180	  177  120   -231   -196    642
20210113170736314	  177  120   -231   -196    641
20210113170736414	  176  120   -232   -196    642
20210113170736514	  175  120   -234   -196    641
20210113170736614	  175  120   -234   -196    641
20210113170736747	  177  121   -231   -195    643
20210113170736847	  177  121   -231   -194    642
20210113170736947	  175  121   -234   -194    641
20210113170737081	  176  121   -232   -194    641
20210113170737181	  178  120   -230   -196    643
20210113170737281	  176  121   -232   -194    642
20210113170737414	  177  121   -231   -194    641
20210113170737514	  178  120   -229   -196    642
20210113170737614	  178  120   -229   -196    642
20210113170737747	  177  122   -231   -193    642
20210113170737847	  179  121   -228   -195    643
20210113170737947	  177  122   -231   -192    641
20210113170738047	  176  122   -232   -192    641
20210113170738181	  177  121   -231   -194    642
20210113170738281	  176  122   -232   -192    641
20210113170738381	  177  123   -231   -191    642
20210113170738481	  177  123   -231   -191    642
20210113170738614	  178  122   -229   -193    642
20210113170738714	  178  122   -229   -192    641
20210113170738814	  177  121   -230   -194    641
20210113170738948	  178  121   -229   -194    641
20210113170739048	  178  122   -229   -193    642
20210113170739148	  178  122   -229   -193    642
20210113170739281	  176  122   -232   -192    641
20210113170739381	  178  123   -229   -191    641
20210113170739481	  178  123   -230   -191    643
20210113170739581	  178  123   -229   -191    641
20210113170739715	  178  123   -229   -191    641
20210113170739815	  178  123   -229   -191    641
20210113170739915	  178  123   -229   -191    642
20210113170740048	  178  123   -229   -191    642
20210113170740148	  178  124   -229   -189    642
20210113170740248	  177  124   -231   -189    642
20210113170740381	  177  124   -231   -189    641
20210113170740481	  177  124   -230   -189    640
20210113170740581	  177  124   -230   -189    641
20210113170740715	  177  124   -230   -189    640
20210113170740815	  180  124   -226   -189    642
20210113170740915	  178  123   -229   -191    641
20210113170741048	  178  123   -229   -191    641
20210113170741148	  178  124   -229   -189    640
20210113170741248	  178  123   -229   -191    641
20210113170741348	  178  125   -229   -187    641
20210113170741482	  179  124   -227   -189    642
20210113170741582	  179  125   -227   -187    641
20210113170741682	  179  124   -227   -189    640
20210113170741815	  179  123   -227   -191    641
20210113170741915	  179  125   -227   -187    641
20210113170742015	  178  125   -229   -188    642
20210113170742149	  178  125   -229   -187    641
20210113170742249	  179  125   -227   -187    640
20210113170742349	  179  125   -228   -188    642
20210113170742449	  180  125   -225   -187    641
20210113170742582	  179  125   -227   -187    640
20210113170742682	  179  125   -227   -187    641
20210113170742782	  178  126   -229   -186    641
20210113170742915	  180  126   -226   -186    641
20210113170743015	  179  125   -227   -187    640
20210113170743115	  180  126   -226   -186    641
20210113170743249	  180  125   -226   -188    642
20210113170743349	  178  126   -229   -185    640
20210113170743449	  181  125   -224   -187    641
20210113170743582	  180  126   -226   -186    641
20210113170743682	  181  125   -224   -187    640
20210113170743782	  180  126   -225   -186    641
20210113170743916	  180  126   -225   -185    639
20210113170744016	  180  127   -225   -184    640
20210113170744116	  181  127   -224   -184    641
20210113170744249	  180  126   -225   -185    640
20210113170744349	  180  127   -225   -184    640
20210113170744449	  180  126   -225   -185    640
20210113170744582	  179  127   -227   -184    640
20210113170744682	  180  127   -225   -184    640
20210113170744782	  180  127   -226   -184    641
20210113170744882	  181  127   -224   -184    640
20210113170745016	  180  127   -225   -184    640
20210113170745116	  180  127   -225   -184    639
20210113170745216	  181  126   -223   -185    640
20210113170745349	  181  126   -223   -185    640
20210113170745483	  179  128   -227   -182    640
20210113170745583	  179  128   -227   -182    640
20210113170745716	  181  128   -224   -182    640
20210113170745816	  179  128   -227   -182    640
20210113170745949	  180  127   -225   -184    640
20210113170746049	  180  128   -226   -182    641
20210113170746183	  182  127   -222   -184    640
20210113170746316	  182  127   -222   -184    639
20210113170746416	  181  127   -223   -183    639
20210113170746550	  180  129   -225   -180    640
20210113170746650	  181  128   -223   -182    640
20210113170746783	  181  129   -224   -180    640
20210113170746916	  180  129   -225   -181    641
20210113170747050	  180  129   -225   -180    640
20210113170747150	  182  128   -222   -182    640
20210113170747283	  180  129   -225   -180    640
20210113170747416	  181  129   -223   -180    640
20210113170747516	  181  129   -223   -180    639
20210113170747650	  182  130   -222   -179    639
20210113170747750	  181  129   -224   -180    640
20210113170747883	  181  130   -224   -179    641
20210113170747983	  183  130   -220   -179    640
20210113170748117	  182  130   -222   -179    640
20210113170748250	  182  131   -222   -177    640
20210113170748350	  183  131   -220   -177    640
20210113170748483	  181  130   -224   -179    641
20210113170748617	  182  130   -222   -179    640
20210113170748750	  182  130   -222   -179    640
20210113170748850	  182  130   -222   -179    640
20210113170748950	  181  130   -224   -179    640
20210113170749084	  181  131   -223   -177    639
20210113170749217	  181  131   -223   -177    640
20210113170749350	  182  130   -222   -179    641
20210113170749450	  182  132   -222   -176    641
20210113170749584	  182  130   -222   -179    640
20210113170749717	  183  131   -220   -177    640
20210113170749817	  183  130   -220   -179    641
20210113170749950	  181  131   -224   -177    640
20210113170750050	  182  131   -222   -177    640
20210113170750184	  181  131   -224   -177    640
20210113170750317	  181  132   -223   -175    639
20210113170750451	  183  132   -220   -175    639
20210113170750584	  183  132   -220   -175    639
20210113170750684	  182  132   -222   -175    639
20210113170750817	  182  132   -221   -175    638
20210113170750951	  182  132   -221   -175    638
20210113170751084	  184  132   -218   -175    639
20210113170751184	  183  132   -220   -175    639
20210113170751317	  184  133   -218   -174    640
20210113170751451	  182  133   -221   -173    639
20210113170751584	  183  133   -220   -173    639
20210113170751718	  182  133   -222   -173    639
20210113170751818	  184  132   -218   -175    639
20210113170751951	  183  133   -219   -173    638
20210113170752084	  182  133   -221   -173    638
20210113170752218	  182  133   -222   -173    639
20210113170752318	  184  133   -218   -173    638
20210113170752451	  183  134   -220   -172    638
20210113170752584	  184  134   -218   -172    638
20210113170752718	  184  134   -218   -171    637
20210113170752851	  184  134   -218   -172    639
20210113170752951	  183  134   -220   -172    638
20210113170753084	  185  133   -216   -173    638
20210113170753218	  184  134   -218   -172    638
20210113170753351	  183  134   -219   -171    637
20210113170753485	  184  135   -218   -170    639
20210113170753585	  184  134   -218   -171    638
20210113170753718	  185  135   -216   -170    637
20210113170753851	  184  135   -218   -170    639
20210113170753985	  184  135   -218   -170    638
20210113170754118	  186  136   -215   -169    639
20210113170754218	  183  135   -220   -170    639
20210113170754351	  185  135   -216   -170    637
20210113170754485	  186  135   -215   -170    638
20210113170754618	  185  135   -217   -170    639
20210113170754752	  185  135   -216   -170    638
20210113170754852	  184  136   -218   -168    638
20210113170754985	  186  135   -215   -170    638
20210113170755118	  185  136   -217   -168    639
20210113170755252	  185  136   -217   -168    639
20210113170755352	  186  136   -215   -168    639
20210113170755485	  186  135   -215   -170    638
20210113170755618	  186  135   -215   -170    639
20210113170755752	  186  137   -215   -167    640
20210113170755885	  186  137   -215   -167    639
20210113170755985	  185  137   -217   -167    639
20210113170756119	  186  137   -215   -167    639
20210113170756252	  186  137   -215   -167    639
20210113170756385	  185  137   -217   -167    639
20210113170756485	  188  138   -212   -165    640
20210113170756619	  188  138   -212   -165    640
20210113170756752	  185  138   -216   -165    638
20210113170756886	  186  137   -215   -167    639
20210113170757019	  185  137   -217   -167    639
20210113170757119	  188  138   -212   -165    640
20210113170757252	  185  138   -217   -165    639
20210113170757386	  188  137   -212   -167    640
20210113170757519	  186  139   -215   -164    640
20210113170757652	  188  137   -212   -167    640
20210113170757752	  187  137   -213   -167    639
20210113170757886	  186  139   -215   -163    638
20210113170758019	  188  139   -212   -164    640
20210113170758153	  186  139   -215   -164    639
20210113170758286	  189  139   -210   -164    640
20210113170758386	  188  138   -212   -165    639
20210113170758519	  188  139   -212   -163    638
20210113170758653	  187  139   -213   -163    639
20210113170758786	  187  139   -213   -163    638
20210113170758919	  186  140   -215   -162    638
20210113170759019	  186  140   -215   -162    639
20210113170759153	  188  139   -212   -163    638
20210113170759286	  186  140   -215   -161    638
20210113170759419	  188  140   -212   -161    638
20210113170759520	  188  140   -212   -162    639
20210113170759653	  188  140   -211   -162    638
20210113170759920	  188  140   -212   -161    638
20210113170800053	  189  140   -210   -162    639
20210113170800153	  187  141   -213   -160    639
20210113170800286	  190  140   -208   -162    639
20210113170800420	  189  141   -210   -160    639
20210113170800553	  188  141   -212   -160    638
20210113170800686	  188  142   -212   -158    638
20210113170800920	  189  141   -210   -160    638
20210113170801053	  189  141   -210   -160    638
20210113170801187	  190  140   -208   -162    639
20210113170801420	  189  142   -210   -158    639
20210113170801553	  189  142   -210   -158    639
20210113170801820	  189  142   -210   -158    638
20210113170802187	  190  142   -209   -159    638
20210113170802320	  188  143   -212   -157    638
20210113170802420	  188  143   -212   -156    638
20210113170802554	  188  143   -211   -156    637
20210113170802687	  191  142   -207   -159    639
20210113170802820	  190  143   -208   -157    638
20210113170802920	  190  143   -209   -157    638
20210113170803054	  190  143   -209   -157    638
20210113170803187	  190  143   -208   -157    638
20210113170803320	  190  144   -209   -155    639
20210113170803454	  191  144   -207   -155    639
20210113170803554	  190  143   -208   -157    638
20210113170803687	  192  144   -205   -155    640
20210113170803821	  190  144   -209   -155    639
20210113170803954	  189  144   -210   -155    639
20210113170804054	  190  145   -208   -153    638
20210113170804187	  191  144   -207   -155    639
20210113170804321	  189  144   -210   -155    638
20210113170804454	  191  144   -207   -155    639
20210113170804587	  191  144   -207   -155    638
20210113170804721	  191  145   -207   -153    639
20210113170804821	  191  143   -207   -157    638
20210113170804954	  190  145   -209   -154    638
20210113170805221	  191  145   -207   -153    639
20210113170805321	  191  145   -207   -154    639
20210113170805454	  191  145   -207   -153    639
20210113170805588	  191  146   -207   -152    639
20210113170805721	  191  145   -207   -153    638
20210113170805821	  192  145   -205   -153    639
20210113170805954	  191  146   -207   -152    638
20210113170806088	  190  146   -208   -152    639
20210113170806221	  192  146   -205   -152    639
20210113170806355	  192  146   -205   -152    639
20210113170806455	  191  145   -207   -153    639
20210113170806588	  192  146   -205   -152    639
20210113170806721	  192  146   -205   -152    639
20210113170806855	  192  147   -205   -150    638
20210113170806955	  192  147   -205   -150    638
20210113170807088	  194  147   -202   -150    639
20210113170807221	  192  147   -205   -150    638
20210113170807355	  192  147   -204   -150    636
20210113170807455	  193  146   -203   -152    639
20210113170807588	  192  148   -205   -149    639
20210113170807722	  192  147   -205   -150    638
20210113170807855	  193  147   -203   -150    638
20210113170807955	  192  148   -205   -148    638
20210113170808088	  193  148   -203   -148    638
20210113170808222	  193  147   -203   -150    637
20210113170808355	  193  148   -203   -148    637
20210113170808455	  192  148   -204   -148    637
20210113170808588	  194  147   -201   -150    638
20210113170808722	  193  148   -203   -148    637
20210113170808855	  193  148   -203   -148    637
20210113170808989	  191  148   -206   -148    637
20210113170809089	  193  148   -203   -148    638
20210113170809222	  193  149   -203   -146    637
20210113170809355	  193  149   -203   -146    637
20210113170809489	  192  149   -205   -147    638
20210113170809589	  192  149   -205   -146    638
20210113170809722	  195  150   -200   -145    639
20210113170809855	  193  149   -203   -147    638
20210113170809989	  194  149   -201   -146    637
20210113170810122	  194  149   -201   -147    638
20210113170810222	  193  149   -203   -146    637
20210113170810356	  194  148   -202   -148    638
20210113170810489	  194  149   -201   -146    637
20210113170810622	  194  150   -201   -145    637
20210113170810756	  194  150   -202   -145    638
20210113170810856	  196  150   -198   -145    638
20210113170810989	  196  150   -198   -145    638
20210113170811122	  193  150   -203   -145    638
20210113170811256	  195  150   -200   -145    638
20210113170811356	  195  149   -200   -147    638
20210113170811489	  195  150   -200   -145    639
20210113170811623	  194  151   -202   -143    639
20210113170811756	  195  151   -200   -143    639
20210113170811889	  194  151   -202   -143    638
20210113170811989	  194  151   -201   -143    638
20210113170812123	  195  151   -200   -143    639
20210113170812256	  195  151   -200   -143    639
20210113170812389	  195  151   -200   -143    638
20210113170812489	  196  152   -199   -142    639
20210113170812623	  195  151   -200   -143    638
20210113170812756	  194  152   -201   -142    638
20210113170812890	  196  151   -198   -143    639
20210113170812990	  196  152   -199   -142    639
20210113170813123	  197  152   -197   -142    638
20210113170813256	  196  152   -198   -142    639
20210113170813390	  195  152   -200   -142    638
20210113170813523	  196  152   -199   -142    639
20210113170813623	  196  152   -199   -142    639
20210113170813756	  196  152   -198   -142    639
20210113170813890	  196  153   -199   -140    639
20210113170814023	  196  153   -198   -140    639
20210113170814157	  196  153   -199   -140    640
20210113170814323	  196  153   -199   -140    639
20210113170814457	  198  153   -195   -140    639
20210113170814590	  197  152   -197   -142    639
20210113170814723	  196  154   -199   -138    639
20210113170814823	  196  154   -199   -138    639
20210113170814957	  195  153   -200   -140    639
20210113170815090	  197  153   -197   -140    640
20210113170815224	  197  153   -197   -140    639
20210113170815357	  197  153   -197   -140    639
20210113170815490	  196  153   -198   -140    639
20210113170815590	  199  154   -194   -139    641
20210113170815724	  196  154   -198   -138    639
20210113170815857	  197  154   -197   -138    639
20210113170815990	  197  154   -197   -138    639
20210113170816124	  196  154   -198   -138    639
20210113170816224	  197  153   -197   -140    639
20210113170816357	  197  154   -197   -138    639
20210113170816490	  198  155   -195   -137    639
20210113170816624	  199  155   -194   -137    640
20210113170816724	  198  155   -195   -137    639
20210113170816857	  197  155   -197   -137    638
20210113170816991	  196  155   -198   -137    638
20210113170817124	  196  155   -198   -137    638
20210113170817257	  198  155   -195   -137    639
20210113170817357	  198  155   -195   -137    638
20210113170817491	  198  156   -195   -135    638
20210113170817624	  198  155   -195   -137    638
20210113170817757	  198  156   -195   -135    638
20210113170817857	  200  156   -192   -135    640
20210113170817991	  198  156   -195   -135    638
20210113170818124	  200  156   -192   -135    640
20210113170818258	  198  156   -195   -135    638
20210113170818391	  198  155   -195   -136    637
20210113170818524	  198  155   -195   -137    638
20210113170818658	  197  156   -196   -135    638
20210113170818758	  199  156   -193   -135    638
20210113170818891	  199  156   -193   -135    639
20210113170819024	  199  157   -193   -133    639
20210113170819158	  200  156   -192   -135    639
20210113170819291	  199  158   -194   -132    639
20210113170819424	  199  157   -194   -133    639
20210113170819525	  199  157   -193   -133    638
20210113170819658	  199  157   -193   -133    638
20210113170819791	  198  158   -195   -132    638
20210113170819925	  198  158   -195   -132    638
20210113170820058	  200  158   -192   -132    639
20210113170820191	  200  158   -192   -132    638
20210113170820291	  200  157   -192   -133    638
20210113170820425	  200  158   -192   -132    639
20210113170820558	  199  158   -193   -131    637
20210113170820691	  200  158   -191   -132    637
20210113170820792	  199  158   -193   -132    638
20210113170820958	  200  158   -192   -132    638
20210113170821092	  200  158   -192   -132    638
20210113170821225	  200  159   -192   -130    638
20210113170821325	  200  159   -192   -130    638
20210113170821458	  201  158   -190   -132    638
20210113170821592	  200  159   -192   -130    638
20210113170821725	  200  160   -192   -128    638
20210113170821858	  200  158   -192   -132    638
20210113170821958	  200  159   -192   -130    639
20210113170822092	  200  160   -192   -128    639
20210113170822225	  200  159   -192   -130    638
20210113170822359	  200  159   -192   -130    638
20210113170822492	  201  160   -190   -128    638
20210113170822625	  200  159   -191   -130    638
20210113170822759	  200  160   -192   -128    639
20210113170822892	  200  160   -192   -128    638
20210113170823025	  201  160   -190   -128    638
20210113170823125	  201  160   -190   -128    638
20210113170823259	  201  160   -190   -128    639
20210113170823392	  202  160   -189   -128    639
20210113170823526	  201  160   -190   -128    638
20210113170823659	  201  159   -190   -130    638
20210113170823792	  201  161   -190   -127    638
20210113170823926	  200  161   -192   -127    639
20210113170824059	  200  160   -192   -128    638
20210113170824192	  202  160   -189   -128    639
20210113170824326	  202  160   -188   -128    638
20210113170824459	  200  161   -192   -127    638
20210113170824592	  202  161   -189   -127    639
20210113170824692	  202  161   -189   -127    639
20210113170824826	  202  162   -189   -125    639
20210113170824959	  201  162   -190   -125    639
20210113170825093	  202  162   -189   -125    639
20210113170825226	  204  162   -186   -125    641
20210113170825359	  204  162   -186   -125    640
20210113170825493	  202  162   -188   -125    638
20210113170825626	  203  162   -187   -125    638
20210113170825793	  202  162   -188   -125    638
20210113170825926	  202  161   -188   -127    638
20210113170826059	  202  161   -188   -127    637
20210113170826193	  203  162   -187   -125    639
20210113170826326	  203  162   -187   -125    639
20210113170826460	  203  162   -187   -125    639
20210113170826593	  202  163   -189   -123    639
20210113170826726	  203  163   -187   -123    638
20210113170826860	  202  163   -188   -123    638
20210113170826993	  203  163   -187   -123    638
20210113170827126	  203  163   -187   -123    639
20210113170827260	  202  163   -188   -123    638
20210113170827427	  204  164   -185   -122    640
20210113170827560	  204  163   -185   -123    639
20210113170827693	  203  163   -187   -123    639
20210113170827860	  203  163   -187   -123    639
20210113170827993	  202  164   -189   -122    639
20210113170828127	  204  164   -185   -122    640
20210113170828260	  202  164   -188   -122    638
20210113170828393	  204  164   -185   -122    639
20210113170828527	  203  164   -187   -122    638
20210113170828694	  204  164   -185   -122    639
20210113170828827	  203  163   -187   -123    638
20210113170828960	  203  164   -187   -122    639
20210113170829127	  204  164   -185   -122    639
20210113170829260	  203  165   -187   -120    639
20210113170829394	  203  165   -187   -120    639
20210113170829527	  203  164   -187   -122    639
20210113170829660	  205  165   -184   -120    640
20210113170829827	  203  164   -187   -122    638
20210113170829961	  204  165   -185   -120    639
20210113170830094	  204  165   -185   -120    639
20210113170830261	  206  166   -182   -119    640
20210113170830394	  205  165   -184   -120    640
20210113170830527	  205  165   -184   -120    640
20210113170830661	  204  166   -186   -119    640
20210113170830827	  205  166   -184   -118    639
20210113170830961	  204  166   -185   -118    639
20210113170831094	  205  166   -184   -119    639
20210113170831228	  204  166   -185   -119    639
20210113170831394	  205  166   -184   -119    640
20210113170831528	  205  166   -184   -119    640
20210113170831661	  205  167   -184   -117    639
20210113170831828	  205  166   -184   -119    639
20210113170831961	  206  166   -182   -118    639
20210113170832094	  207  167   -180   -117    639
20210113170832228	  205  167   -184   -117    640
20210113170832394	  204  167   -185   -117    639
20210113170832528	  205  167   -184   -117    640
20210113170832661	  205  167   -184   -117    639
20210113170832795	  205  167   -184   -117    639
20210113170832961	  205  166   -183   -118    638
20210113170833095	  205  167   -184   -117    639
20210113170833228	  205  167   -184   -117    639
20210113170833361	  207  168   -181   -115    640
20210113170833528	  206  168   -182   -115    640
20210113170833661	  206  168   -182   -115    639
20210113170833795	  205  167   -183   -117    638
20210113170833928	  206  168   -182   -115    640
20210113170834095	  206  168   -182   -115    638
20210113170834228	  206  168   -182   -115    639
20210113170834362	  206  168   -182   -115    639
20210113170834495	  206  168   -182   -115    638
20210113170834662	  206  168   -182   -115    638
20210113170834795	  208  169   -179   -113    639
20210113170834928	  208  169   -179   -113    638
20210113170835062	  206  168   -182   -115    639
20210113170835228	  207  169   -180   -113    639
20210113170835362	  207  169   -180   -113    639
20210113170835495	  206  169   -182   -113    639
20210113170835629	  207  169   -180   -113    639
20210113170835795	  207  169   -180   -113    638
20210113170835929	  207  169   -180   -113    638
20210113170836062	  207  169   -180   -113    638
20210113170836195	  206  170   -182   -112    639
20210113170836362	  208  169   -178   -113    638
20210113170836495	  209  170   -177   -112    639
20210113170836629	  208  170   -179   -112    639
20210113170836796	  206  170   -182   -112    638
20210113170836929	  208  170   -179   -112    639
20210113170837062	  207  169   -180   -113    638
20210113170837196	  207  170   -180   -112    638
20210113170837362	  207  170   -180   -112    638
20210113170837496	  207  170   -180   -112    638
20210113170837629	  208  170   -179   -112    639
20210113170837762	  208  170   -179   -112    638
20210113170837929	  208  171   -179   -110    639
20210113170838063	  207  171   -180   -110    638
20210113170838196	  207  171   -180   -110    638
20210113170838363	  207  171   -180   -110    639
20210113170838496	  207  171   -180   -110    638
20210113170838629	  208  171   -178   -110    638
20210113170838763	  209  171   -177   -110    638
20210113170838929	  208  170   -178   -112    638
20210113170839063	  210  172   -175   -108    639
20210113170839196	  208  172   -179   -108    639
20210113170839329	  208  171   -179   -110    638
20210113170839496	  209  172   -177   -108    639
20210113170839630	  209  172   -177   -108    639
20210113170839763	  208  171   -178   -110    638
20210113170839930	  208  172   -179   -108    638
20210113170840063	  209  172   -177   -108    638
20210113170840196	  209  172   -177   -108    639
20210113170840330	  209  172   -177   -108    639
20210113170840463	  210  173   -176   -107    640
20210113170840630	  209  173   -177   -107    639
20210113170840763	  210  172   -176   -109    640
20210113170840897	  209  172   -177   -108    639
20210113170841030	  208  173   -179   -107    639
20210113170841197	  210  173   -176   -107    640
20210113170841330	  209  173   -177   -107    638
20210113170841463	  210  173   -175   -107    639
20210113170841597	  209  173   -177   -107    639
20210113170841730	  210  173   -175   -107    639
20210113170841897	  209  173   -177   -107    639
20210113170842030	  208  173   -178   -107    638
20210113170842164	  210  173   -175   -107    639
20210113170842330	  209  173   -177   -107    639
20210113170842464	  210  172   -175   -108    639
20210113170842597	  210  173   -175   -107    639
20210113170842730	  209  174   -177   -105    639
20210113170842897	  209  173   -177   -107    639
20210113170843030	  210  174   -175   -105    639
20210113170843164	  210  174   -175   -105    639
20210113170843297	  211  174   -174   -105    640
20210113170843464	  210  175   -175   -103    639
20210113170843597	  212  175   -172   -104    640
20210113170843731	  210  174   -175   -105    639
20210113170843864	  212  175   -172   -104    640
20210113170843997	  212  175   -172   -103    639
20210113170844164	  211  174   -174   -105    638
20210113170844297	  211  174   -174   -105    639
20210113170844431	  211  174   -174   -105    639
20210113170844564	  210  175   -176   -103    639
20210113170844731	  211  175   -174   -103    639
20210113170844864	  211  175   -174   -103    639
20210113170844998	  211  175   -174   -103    639
20210113170845131	  211  175   -174   -103    639
20210113170845298	  211  175   -174   -103    639
20210113170845431	  211  175   -174   -103    639
20210113170845564	  211  174   -173   -105    638
20210113170845698	  211  176   -174   -102    639
20210113170845865	  211  175   -174   -103    639
20210113170845998	  211  175   -174   -103    639
20210113170846131	  211  176   -174   -102    639
20210113170846265	  211  176   -174   -102    639
20210113170846431	  213  176   -170   -102    639
20210113170846565	  211  175   -173   -103    638
20210113170846698	  211  175   -174   -103    639
20210113170846831	  211  176   -174   -102    639
20210113170846998	  212  176   -172   -102    638
20210113170847132	  212  176   -172   -102    638
20210113170847265	  212  176   -172   -102    638
20210113170847398	  211  177   -174   -100    638
20210113170847565	  211  176   -174   -102    638
20210113170847698	  211  177   -174   -100    639
20210113170847832	  211  177   -174   -100    638
20210113170847998	  212  177   -172   -100    639
20210113170848132	  211  177   -174   -100    639
20210113170848265	  212  177   -172   -100    638
20210113170848399	  212  177   -172   -100    638
20210113170848565	  212  177   -172   -100    638
20210113170848699	  213  177   -170   -100    638
20210113170848832	  212  177   -172   -100    638
20210113170848965	  212  177   -172   -100    638
20210113170849132	  214  178   -169    -98    639
20210113170849265	  213  177   -170   -100    638
20210113170849399	  214  178   -169    -98    638
20210113170849532	  212  177   -172   -100    638
20210113170849699	  212  178   -172    -98    639
20210113170849832	  213  178   -170    -98    639
20210113170849966	  212  177   -172   -100    639
20210113170850132	  213  178   -170    -98    639
20210113170850266	  214  178   -169    -98    639
20210113170850399	  213  178   -170    -98    639
20210113170850532	  213  178   -170    -98    639
20210113170850699	  213  178   -170    -98    639
20210113170850832	  214  178   -169    -98    639
20210113170850966	  213  178   -170    -98    638
20210113170851099	  213  179   -170    -97    639
20210113170851266	  213  179   -170    -97    639
20210113170851399	  214  179   -169    -97    638
20210113170851533	  214  179   -169    -97    639
20210113170851699	  214  179   -169    -97    639
20210113170851833	  213  179   -170    -97    639
20210113170851966	  214  179   -169    -97    640
20210113170852099	  214  179   -169    -97    640
20210113170852266	  214  179   -169    -97    640
20210113170852400	  214  179   -169    -97    640
20210113170852533	  215  180   -167    -95    640
20210113170852666	  214  179   -169    -97    639
20210113170852833	  214  179   -169    -97    640
20210113170852966	  214  178   -169    -98    639
20210113170853100	  214  178   -169    -98    639
20210113170853266	  214  180   -169    -95    640
20210113170853400	  214  180   -169    -95    640
20210113170853533	  215  179   -167    -97    639
20210113170853666	  214  180   -169    -95    639
20210113170853800	  214  180   -169    -95    640
20210113170853967	  214  180   -169    -95    640
20210113170854100	  214  180   -169    -95    640
20210113170854233	  214  180   -169    -95    640
20210113170854400	  213  180   -171    -95    640
20210113170854533	  213  180   -170    -95    639
20210113170854667	  214  180   -169    -95    640
20210113170854800	  213  180   -171    -95    640
20210113170854967	  214  180   -169    -95    639
20210113170855100	  214  180   -169    -95    639
20210113170855234	  213  180   -170    -95    639
20210113170855400	  214  180   -169    -95    639
20210113170855534	  214  179   -169    -97    639
20210113170855667	  214  179   -169    -97    639
20210113170855800	  213  180   -171    -95    640
20210113170855967	  213  180   -170    -95    639
20210113170856100	  214  180   -169    -95    640
20210113170856234	  213  179   -170    -97    639
20210113170856367	  213  179   -171    -97    639
20210113170856534	  213  179   -171    -97    640
20210113170856667	  214  181   -169    -94    640
20210113170856801	  214  180   -169    -95    639
20210113170856967	  215  180   -167    -95    639
20210113170857101	  213  180   -170    -95    639
20210113170857234	  214  180   -169    -95    639
20210113170857367	  213  180   -171    -95    640
20210113170857534	  214  180   -169    -95    639
20210113170857667	  213  180   -171    -95    640
20210113170857801	  215  180   -167    -95    640
20210113170857934	  215  180   -167    -95    639
20210113170858101	  214  180   -169    -95    640
20210113170858234	  213  180   -171    -95    640
20210113170858368	  214  181   -169    -94    640
20210113170858501	  214  180   -169    -95    639
20210113170858668	  213  180   -171    -95    640
20210113170858801	  214  180   -169    -95    640
20210113170858934	  213  180   -171    -95    639
20210113170859068	  214  180   -169    -95    640
20210113170859235	  214  180   -169    -95    640
20210113170859368	  214  180   -169    -95    639
20210113170859501	  214  180   -169    -95    640
20210113170859668	  214  180   -169    -95    641
20210113170859801	  214  181   -169    -94    640
20210113170859935	  214  180   -169    -95    640
20210113170900068	  214  180   -169    -95    640
20210113170900235	  214  179   -169    -97    639
20210113170900368	  213  180   -171    -95    640
20210113170900502	  216  181   -166    -93    640
20210113170900635	  214  180   -169    -95    639
20210113170900802	  214  180   -169    -95    641
20210113170900935	  214  180   -169    -95    639
20210113170901068	  214  180   -169    -95    639
20210113170901202	  213  180   -171    -95    640
20210113170901368	  216  181   -166    -93    640
20210113170901502	  214  180   -169    -95    639
20210113170901635	  216  181   -166    -93    640
20210113170901769	  216  181   -166    -94    640
20210113170901935	  216  181   -166    -94    640
20210113170902069	  216  181   -166    -94    641
20210113170902202	  214  181   -169    -94    640
20210113170902369	  214  180   -169    -95    639
20210113170902535	  214  179   -169    -97    639
20210113170902669	  214  179   -169    -97    639
20210113170902835	  215  180   -167    -95    639
20210113170902969	  214  179   -169    -97    639
20210113170903136	  214  180   -169    -95    640
20210113170903302	  216  181   -166    -94    641
20210113170903436	  215  180   -167    -95    640
20210113170903569	  214  181   -169    -93    639
20210113170903702	  215  181   -167    -94    640
20210113170903869	  216  181   -166    -93    640
20210113170904002	  214  180   -169    -95    639
20210113170904169	  214  180   -169    -95    640
20210113170904303	  216  181   -166    -94    640
20210113170904436	  214  179   -169    -97    638
20210113170904569	  216  181   -166    -94    640
20210113170904736	  216  181   -166    -94    640
20210113170904869	  214  181   -169    -94    640
20210113170905036	  214  181   -169    -94    640
20210113170905169	  214  180   -169    -95    639
20210113170905303	  215  181   -167    -93    640
20210113170905469	  214  180   -169    -95    640
20210113170905603	  215  181   -167    -94    640
20210113170905770	  214  180   -169    -95    639
20210113170905903	  214  180   -169    -95    639
20210113170906070	  214  180   -169    -95    639
20210113170906236	  214  181   -169    -93    639
20210113170906370	  215  180   -167    -95    639
20210113170906536	  215  181   -167    -93    639
20210113170906703	  214  181   -169    -93    640
20210113170906836	  216  181   -166    -93    640
20210113170907003	  214  181   -169    -93    640
20210113170907137	  215  181   -167    -94    640
20210113170907303	  214  180   -169    -95    639
20210113170907470	  214  181   -169    -94    641
20210113170907603	  214  180   -169    -95    640
20210113170907770	  215  180   -167    -95    639
20210113170907903	  214  180   -169    -95    640
20210113170908070	  215  180   -167    -95    639
20210113170908203	  215  181   -167    -94    640
20210113170908370	  214  179   -169    -97    638
20210113170908504	  214  180   -169    -95    639
20210113170908670	  216  181   -166    -93    640
20210113170908804	  214  180   -169    -95    639
20210113170908970	  216  181   -166    -94    640
20210113170909137	  216  181   -166    -93    639
20210113170909270	  214  181   -169    -93    639
20210113170909437	  214  180   -169    -95    639
20210113170909604	  214  180   -169    -95    639
20210113170909737	  214  181   -169    -93    640
20210113170909904	  214  179   -169    -97    638
20210113170910071	  214  180   -169    -95    639
20210113170910237	  214  180   -169    -95    639
20210113170910371	  214  179   -169    -97    639
20210113170910537	  214  180   -169    -95    639
20210113170910704	  213  180   -170    -95    639
20210113170910838	  214  179   -169    -97    639
20210113170911004	  213  181   -171    -94    640
20210113170911171	  214  180   -169    -95    639
20210113170911338	  213  179   -170    -97    638
20210113170911471	  215  180   -167    -95    639
20210113170911638	  213  180   -171    -95    640
20210113170911804	  214  180   -168    -95    638
20210113170911971	  214  180   -169    -95    639
20210113170912104	  213  179   -170    -97    639
20210113170912271	  213  180   -170    -95    639
20210113170912438	  213  180   -171    -95    640
20210113170912605	  213  180   -170    -95    639
20210113170912738	  213  179   -170    -97    639
20210113170912905	  213  179   -170    -97    639
20210113170913071	  213  179   -170    -96    638
20210113170913238	  212  179   -172    -96    638
20210113170913371	  215  180   -167    -95    640
20210113170913538	  215  180   -167    -95    639
20210113170913705	  215  180   -167    -95    639
20210113170913872	  215  180   -167    -95    639
20210113170914005	  213  180   -170    -95    639
20210113170914172	  213  179   -170    -97    639
20210113170914338	  213  179   -170    -97    639
20210113170914505	  213  179   -170    -97    638
20210113170914638	  213  179   -170    -97    638
20210113170914805	  212  179   -172    -97    639
20210113170914972	  213  179   -170    -97    639
20210113170915105	  213  180   -170    -95    639
20210113170915272	  213  179   -170    -97    638
20210113170915439	  213  179   -170    -97    639
20210113170915605	  215  179   -167    -97    639
20210113170915739	  213  179   -170    -97    639
20210113170915905	  213  179   -170    -97    639
20210113170916072	  212  178   -172    -98    638
20210113170916205	  212  178   -172    -98    638
20210113170916372	  211  178   -174    -98    638
20210113170916539	  212  178   -172    -98    638
20210113170916706	  212  178   -172    -98    638
20210113170916839	  214  179   -169    -97    639
20210113170917006	  213  178   -170    -98    638
20210113170917172	  213  178   -170    -98    638
20210113170917339	  213  178   -170    -98    639
20210113170917472	  213  178   -170    -98    638
20210113170917639	  213  178   -170    -98    638
20210113170917806	  212  178   -172    -98    638
20210113170917973	  211  178   -174    -98    638
20210113170918106	  211  177   -173   -100    637
20210113170918273	  212  178   -172    -98    639
20210113170918439	  212  178   -172    -98    638
20210113170918606	  213  178   -170    -98    638
20210113170918739	  212  178   -172    -98    637
20210113170918906	  211  178   -174    -98    638
20210113170919073	  212  178   -172    -98    638
20210113170919240	  212  178   -172    -98    638
20210113170919373	  211  178   -174    -98    639
20210113170919540	  212  178   -172    -98    639
20210113170919706	  211  177   -173   -100    638
20210113170919840	  211  176   -173   -102    638
20210113170920006	  212  177   -172   -100    638
20210113170920173	  213  178   -171    -98    640
20210113170920340	  211  176   -173   -101    637
20210113170920473	  212  177   -172   -100    638
20210113170920640	  212  177   -172   -100    638
20210113170920807	  212  177   -172   -100    638
20210113170920973	  211  176   -173   -101    637
20210113170921107	  212  177   -172   -100    638
20210113170921273	  211  177   -174   -100    639
20210113170921440	  211  177   -174   -100    639
20210113170921607	  210  177   -175   -100    639
20210113170921740	  210  177   -175   -100    639
20210113170921907	  212  177   -172   -100    638
20210113170922074	  211  177   -173   -100    638
20210113170922207	  211  177   -173   -100    638
20210113170922374	  211  177   -173   -100    638
20210113170922540	  210  176   -175   -102    638
20210113170922707	  211  176   -173   -101    638
20210113170922841	  211  176   -173   -101    637
20210113170923007	  211  176   -173   -101    637
20210113170923174	  210  177   -175   -100    638
20210113170923307	  212  177   -172   -100    641
20210113170923474	  212  177   -172   -100    640
20210113170923641	  212  177   -172   -100    638
20210113170923774	  211  175   -173   -103    638
20210113170923941	  211  176   -174   -102    638
20210113170924108	  210  175   -175   -103    638
20210113170924274	  211  176   -173   -101    637
20210113170924408	  210  175   -175   -103    637
20210113170924574	  212  176   -172   -102    638
20210113170924741	  210  176   -175   -102    638
20210113170924908	  210  176   -175   -101    638
20210113170925041	  210  176   -175   -102    639
20210113170925208	  210  176   -175   -102    639
20210113170925374	  210  176   -175   -102    639
20210113170925541	  210  176   -175   -102    639
20210113170925675	  210  176   -175   -102    638
20210113170925841	  210  175   -175   -103    639
20210113170926008	  210  174   -175   -105    637
20210113170926175	  209  175   -177   -103    638
20210113170926308	  210  174   -175   -105    638
20210113170926475	  210  174   -175   -105    638
20210113170926641	  210  174   -175   -105    638
20210113170926775	  209  174   -177   -105    638
20210113170926942	  210  175   -175   -103    639
20210113170927108	  210  175   -175   -103    638
20210113170927275	  209  174   -177   -105    638
20210113170927408	  210  175   -175   -103    639
20210113170927575	  209  175   -177   -103    638
20210113170927742	  209  174   -177   -105    638
20210113170927908	  209  174   -177   -105    638
20210113170928042	  209  174   -177   -105    638
20210113170928209	  209  174   -177   -105    637
20210113170928375	  209  174   -177   -105    638
20210113170928542	  209  174   -177   -105    637
20210113170928675	  209  173   -177   -107    638
20210113170928842	  209  173   -177   -107    638
20210113170929009	  209  175   -177   -103    639
20210113170929175	  211  175   -174   -104    640
20210113170929309	  208  174   -178   -105    638
20210113170929476	  208  174   -178   -105    638
20210113170929642	  210  174   -175   -105    639
20210113170929809	  209  173   -177   -107    638
20210113170929942	  209  173   -177   -107    638
20210113170930109	  209  173   -177   -107    638
20210113170930276	  210  174   -175   -105    639
20210113170930442	  209  173   -177   -107    638
20210113170930576	  208  174   -179   -105    638
20210113170930743	  208  173   -178   -106    637
20210113170930909	  209  173   -177   -107    638
20210113170931076	  209  174   -177   -105    639
20210113170931209	  209  173   -177   -107    639
20210113170931376	  208  174   -179   -105    638
20210113170931543	  209  173   -177   -107    638
20210113170931709	  207  173   -180   -106    637
20210113170931843	  208  173   -179   -107    638
20210113170932009	  208  173   -179   -107    638
20210113170932176	  209  173   -177   -107    639
20210113170932343	  209  173   -177   -107    639
20210113170932476	  209  173   -177   -107    639
20210113170932643	  208  173   -179   -107    638
20210113170932810	  207  173   -180   -107    638
20210113170932943	  208  174   -179   -105    639
20210113170933110	  208  171   -178   -110    638
20210113170933276	  207  172   -180   -108    638
20210113170933443	  207  172   -180   -108    638
20210113170933577	  209  172   -177   -108    639
20210113170933743	  208  173   -179   -107    639
20210113170933910	  207  172   -180   -108    639
20210113170934043	  208  172   -179   -108    638
20210113170934210	  208  172   -179   -108    638
20210113170934377	  208  172   -178   -108    638
20210113170934544	  207  172   -180   -108    638
20210113170934677	  206  172   -182   -108    638
20210113170934844	  207  172   -180   -108    638
20210113170935010	  206  171   -182   -110    638
20210113170935177	  207  170   -180   -111    637
20210113170935310	  207  171   -180   -110    638
20210113170935477	  207  171   -180   -110    638
20210113170935644	  207  171   -180   -110    638
20210113170935811	  207  171   -180   -110    638
20210113170935944	  207  171   -180   -110    638
20210113170936111	  207  171   -180   -110    638
20210113170936277	  207  172   -180   -108    639
20210113170936444	  207  172   -180   -108    639
20210113170936577	  206  170   -182   -111    637
20210113170936744	  206  170   -182   -112    638
20210113170936911	  206  171   -182   -110    638
20210113170937078	  206  170   -182   -112    638
20210113170937211	  208  171   -178   -110    638
20210113170937378	  206  169   -182   -113    638
20210113170937544	  208  171   -179   -110    639
20210113170937678	  208  171   -179   -110    639
20210113170937844	  206  170   -182   -112    638
20210113170938011	  207  170   -180   -112    638
20210113170938178	  206  170   -182   -112    639
20210113170938311	  206  171   -182   -110    639
20210113170938478	  205  170   -183   -112    638
20210113170938645	  206  170   -182   -112    638
20210113170938778	  207  170   -180   -112    639
20210113170938945	  206  169   -182   -113    638
20210113170939111	  206  169   -182   -113    638
20210113170939278	  207  170   -180   -112    638
20210113170939411	  205  169   -183   -113    638
20210113170939578	  204  169   -185   -113    638
20210113170939745	  205  169   -183   -113    638
20210113170939945	  206  169   -182   -113    638
20210113170940078	  205  169   -183   -113    638
20210113170940245	  204  169   -185   -113    638
20210113170940412	  205  167   -183   -116    637
20210113170940578	  204  169   -185   -113    639
20210113170940712	  204  169   -185   -113    638
20210113170940879	  205  168   -183   -115    638
20210113170941045	  205  168   -183   -115    638
20210113170941179	  206  168   -182   -115    639
20210113170941345	  204  168   -185   -115    638
20210113170941512	  204  168   -185   -115    638
20210113170941679	  205  168   -183   -115    638
20210113170941812	  203  168   -187   -115    638
20210113170941979	  206  168   -182   -115    638
20210113170942145	  204  166   -185   -118    637
20210113170942312	  204  167   -185   -117    638
20210113170942446	  204  167   -185   -117    638
20210113170942612	  204  167   -185   -117    638
20210113170942779	  203  166   -186   -118    637
20210113170942946	  203  167   -187   -117    639
20210113170943079	  203  167   -187   -117    638
20210113170943246	  203  166   -187   -118    638
20210113170943412	  205  167   -184   -117    639
20210113170943546	  203  167   -187   -117    638
20210113170943712	  205  167   -184   -117    640
20210113170943879	  203  165   -187   -120    638
20210113170944013	  203  167   -187   -117    639
20210113170944179	  202  166   -188   -118    637
20210113170944346	  202  166   -189   -118    639
20210113170944513	  202  166   -188   -118    638
20210113170944646	  205  166   -184   -119    639
20210113170944813	  202  166   -188   -118    638
20210113170944979	  203  166   -187   -118    639
20210113170945146	  202  166   -188   -118    638
20210113170945280	  203  165   -187   -120    639
20210113170945446	  203  166   -187   -118    638
20210113170945613	  204  165   -185   -120    639
20210113170945746	  201  165   -190   -120    638
20210113170945913	  201  165   -190   -120    638
20210113170946080	  202  164   -188   -121    637
20210113170946246	  202  164   -188   -122    638
20210113170946380	  201  164   -190   -121    637
20210113170946546	  202  164   -188   -122    638
20210113170946713	  202  163   -188   -123    638
20210113170946880	  202  164   -188   -122    638
20210113170947047	  202  164   -188   -122    638
20210113170947213	  202  164   -188   -122    638
20210113170947380	  201  164   -190   -122    638
20210113170947547	  202  164   -188   -122    638
20210113170947680	  202  163   -188   -123    638
20210113170947847	  202  163   -188   -123    638
20210113170948013	  202  164   -188   -122    638
20210113170948180	  201  164   -190   -122    638
20210113170948347	  201  163   -190   -123    637
20210113170948514	  201  163   -190   -123    638
20210113170948680	  202  163   -188   -123    638
20210113170948847	  201  163   -190   -123    637
20210113170949014	  201  164   -190   -122    638
20210113170949180	  201  163   -190   -123    637
20210113170949314	  202  163   -188   -123    638
20210113170949480	  202  162   -188   -125    638
20210113170949647	  202  162   -188   -125    638
20210113170949814	  201  162   -190   -125    637
20210113170949947	  203  163   -187   -123    639
20210113170950114	  201  162   -190   -125    637
20210113170950281	  201  162   -190   -125    638
20210113170950447	  202  162   -188   -125    637
20210113170950581	  200  162   -191   -125    637
20210113170950747	  202  162   -189   -125    639
20210113170950914	  202  162   -188   -125    638
20210113170951081	  201  163   -190   -123    639
20210113170951248	  202  162   -188   -125    638
20210113170951414	  201  162   -190   -125    638
20210113170951581	  200  162   -192   -125    638
20210113170951714	  202  162   -188   -125    638
20210113170951881	  203  162   -187   -125    640
20210113170952048	  201  162   -190   -125    638
20210113170952215	  201  162   -190   -125    638
20210113170952381	  201  162   -190   -125    638
20210113170952548	  202  162   -189   -125    639
20210113170952715	  203  162   -187   -125    640
20210113170952881	  201  161   -190   -127    638
20210113170953015	  201  161   -190   -127    638
20210113170953215	  202  161   -189   -127    639
20210113170953348	  201  161   -190   -127    638
20210113170953515	  201  162   -190   -125    639
20210113170953682	  201  161   -190   -127    639
20210113170953848	  202  162   -189   -125    640
20210113170954015	  202  162   -189   -125    639
20210113170954182	  203  161   -187   -127    640
20210113170954315	  200  161   -192   -127    640
20210113170954515	  201  161   -191   -127    640
20210113170954682	  201  160   -190   -128    638
20210113170954849	  203  161   -187   -127    640
20210113170955015	  201  160   -190   -128    638
20210113170955215	  201  160   -190   -129    639
20210113170955382	  200  160   -192   -128    638
20210113170955549	  201  160   -190   -128    639
20210113170955715	  201  160   -190   -129    639
20210113170955882	  200  159   -192   -130    639
20210113170956049	  199  159   -194   -130    639
20210113170956216	  201  159   -190   -130    639
20210113170956382	  200  159   -192   -130    639
20210113170956582	  201  159   -190   -130    640
20210113170956749	  200  158   -192   -132    638
20210113170956916	  200  158   -192   -132    639
20210113170957082	  200  158   -192   -132    639
20210113170957282	  200  158   -192   -132    639
20210113170957416	  198  158   -195   -132    639
20210113170957616	  199  159   -194   -130    639
20210113170957749	  200  158   -192   -132    639
20210113170957949	  198  158   -195   -132    638
20210113170958116	  198  158   -195   -132    639
20210113170958283	  200  157   -192   -133    639
20210113170958449	  199  157   -193   -133    638
20210113170958616	  199  157   -193   -133    638
20210113170958816	  198  157   -195   -133    638
20210113170958983	  199  157   -194   -133    639
20210113170959150	  200  157   -192   -134    640
20210113170959316	  198  157   -195   -133    638
20210113170959483	  198  155   -195   -137    638
20210113170959683	  198  156   -195   -135    639
20210113170959850	  198  156   -195   -135    639
20210113171000017	  198  156   -195   -135    639
20210113171000183	  198  156   -195   -135    639
20210113171000383	  198  155   -195   -137    639
20210113171000550	  198  155   -195   -137    639
20210113171000717	  198  155   -195   -137    639
20210113171000883	  198  155   -195   -137    639
20210113171001084	  198  155   -195   -137    639
20210113171001250	  197  155   -197   -137    638
20210113171001417	  199  155   -194   -137    642
20210113171001584	  197  153   -197   -140    639
20210113171001750	  197  155   -197   -137    639
20210113171001917	  197  154   -197   -139    639
20210113171002117	  198  154   -196   -139    640
20210113171002284	  196  153   -199   -140    639
20210113171002450	  197  154   -197   -139    639
20210113171002617	  196  153   -199   -140    639
20210113171002784	  197  153   -197   -140    640
20210113171002984	  196  153   -198   -140    639
20210113171003151	  196  153   -199   -140    639
20210113171003317	  196  153   -199   -140    640
20210113171003484	  196  153   -199   -140    640
20210113171003651	  198  153   -196   -140    640
20210113171003818	  196  153   -199   -141    641
20210113171004018	  196  152   -199   -142    639
20210113171004184	  195  153   -201   -140    640
20210113171004351	  195  153   -200   -140    639
20210113171004518	  196  153   -199   -140    640
20210113171004684	  195  152   -201   -142    640
20210113171004884	  194  152   -202   -142    639
20210113171005051	  197  152   -197   -142    640
20210113171005218	  195  151   -200   -144    640
20210113171005385	  193  151   -204   -144    640
20210113171005585	  196  150   -199   -145    639
20210113171005751	  195  151   -200   -144    639
20210113171005918	  193  151   -204   -144    639
20210113171006085	  193  150   -204   -145    639
20210113171006251	  194  151   -202   -144    640
20210113171006418	  194  151   -202   -144    640
20210113171006618	  194  150   -201   -145    638
20210113171006785	  194  150   -202   -145    638
20210113171006952	  194  150   -202   -145    639
20210113171007118	  193  150   -203   -145    638
20210113171007318	  194  149   -202   -147    638
20210113171007485	  192  149   -205   -146    638
20210113171007652	  193  149   -203   -147    638
20210113171007819	  193  149   -203   -147    638
20210113171007985	  193  149   -203   -147    639
20210113171008185	  193  149   -203   -147    638
20210113171008352	  193  148   -204   -149    639
20210113171008519	  192  148   -205   -148    638
20210113171008685	  193  148   -203   -148    639
20210113171008852	  194  148   -202   -148    639
20210113171009052	  193  148   -204   -149    640
20210113171009319	  193  147   -203   -150    639
20210113171009486	  193  147   -204   -150    640
20210113171009652	  192  146   -205   -152    638
20210113171009819	  192  147   -205   -150    639
20210113171010052	  194  147   -203   -151    640
20210113171010252	  194  147   -203   -150    640
20210113171010419	  192  146   -206   -152    640
20210113171010586	  192  146   -206   -152    640
20210113171010753	  192  146   -205   -152    639
20210113171010919	  191  146   -207   -152    640
20210113171011119	  190  146   -209   -152    639
20210113171011319	  190  146   -209   -152    640
20210113171011486	  190  146   -209   -152    640
20210113171011653	  192  145   -205   -154    640
20210113171011820	  189  145   -210   -154    640
20210113171011986	  190  145   -209   -153    639
20210113171012186	  190  145   -209   -154    640
20210113171012353	  191  145   -207   -154    640
20210113171012520	  191  144   -207   -155    640
20210113171012686	  189  144   -210   -155    639
20210113171012853	  189  144   -210   -155    639
20210113171013220	  190  144   -209   -155    640
20210113171013387	  190  144   -209   -155    640
20210113171013553	  189  144   -210   -155    640
20210113171013720	  190  143   -208   -157    639
20210113171013920	  190  143   -208   -157    639
20210113171014087	  190  143   -208   -157    639
20210113171014253	  190  143   -209   -157    639
20210113171014420	  191  142   -207   -159    639
20210113171014587	  190  142   -208   -159    639
20210113171014754	  188  143   -212   -157    639
20210113171014954	  190  142   -209   -159    640
20210113171015120	  189  143   -210   -157    640
20210113171015287	  188  142   -212   -158    639
20210113171015454	  189  142   -210   -159    640
20210113171015620	  189  141   -210   -160    640
20210113171015787	  189  141   -210   -160    639
20210113171016021	  189  141   -210   -160    640
20210113171016221	  189  141   -210   -160    639
20210113171016387	  189  141   -210   -160    640
20210113171016554	  189  141   -210   -160    640
20210113171016721	  189  140   -210   -162    640
20210113171016887	  187  141   -214   -160    640
20210113171017087	  188  140   -212   -162    640
20210113171017254	  189  139   -210   -164    640
20210113171017521	  187  140   -214   -162    639
20210113171017688	  188  140   -212   -162    640
20210113171017854	  188  140   -212   -162    641
20210113171018021	  188  139   -212   -164    640
20210113171018188	  188  138   -212   -166    640
20210113171018388	  187  139   -214   -164    639
20210113171018554	  187  140   -214   -162    640
20210113171018721	  188  138   -212   -165    640
20210113171018888	  188  139   -212   -164    640
20210113171019055	  189  139   -211   -164    642
20210113171019221	  187  138   -214   -166    641
20210113171019421	  188  139   -213   -164    642
20210113171019588	  186  138   -216   -166    641
20210113171019755	  187  138   -214   -166    641
20210113171019922	  185  138   -217   -166    641
20210113171020088	  186  137   -215   -167    640
20210113171020255	  187  137   -214   -167    641
20210113171020455	  186  138   -216   -166    641
20210113171020622	  186  137   -216   -167    641
20210113171020788	  186  137   -216   -167    641
20210113171020955	  186  137   -216   -167    641
20210113171021122	  187  136   -214   -169    641
20210113171021289	  185  137   -218   -167    641
20210113171021489	  186  136   -215   -169    640
20210113171021655	  185  137   -217   -167    641
20210113171021822	  184  136   -219   -169    641
20210113171021989	  184  136   -219   -169    640
20210113171022189	  185  136   -217   -169    640
20210113171022355	  186  135   -216   -171    641
20210113171022522	  183  136   -220   -169    640
20210113171022689	  185  135   -217   -170    640
20210113171022856	  185  135   -217   -171    641
20210113171023022	  184  135   -219   -170    640
20210113171023189	  185  135   -217   -171    641
20210113171023389	  185  134   -217   -172    640
20210113171023556	  183  135   -220   -170    640
20210113171023722	  185  134   -217   -172    641
20210113171023889	  184  134   -219   -172    641
20210113171024056	  184  134   -219   -172    640
20210113171024256	  183  134   -221   -172    641
20210113171024423	  185  133   -217   -174    640
20210113171024589	  184  133   -219   -174    641
20210113171024756	  185  134   -217   -172    641
20210113171024923	  184  133   -218   -174    639
20210113171025090	  184  132   -219   -176    641
20210113171025290	  183  133   -220   -174    640
20210113171025456	  183  133   -220   -174    640
20210113171025623	  184  132   -219   -176    641
20210113171025790	  184  131   -219   -177    640
20210113171025956	  184  131   -219   -177    640
20210113171026123	  183  132   -221   -176    641
20210113171026323	  183  133   -221   -174    642
20210113171026490	  182  132   -223   -176    642
20210113171026657	  183  132   -221   -176    642
20210113171026823	  183  131   -221   -178    642
20210113171026990	  183  131   -221   -178    642
20210113171027157	  183  131   -221   -178    642
20210113171027323	  182  131   -222   -177    641
20210113171027523	  182  131   -223   -178    642
20210113171027690	  182  131   -223   -178    642
20210113171027857	  182  131   -223   -178    642
20210113171028024	  183  129   -221   -181    642
20210113171028190	  181  130   -224   -179    642
20210113171028357	  183  130   -221   -179    642
20210113171028557	  183  129   -221   -181    642
20210113171028724	  182  130   -223   -179    642
20210113171028890	  181  130   -224   -179    642
20210113171029057	  181  129   -224   -181    643
20210113171029224	  181  130   -224   -179    642
20210113171029424	  182  129   -223   -181    642
20210113171029591	  182  128   -222   -182    641
20210113171029757	  182  129   -223   -181    643
20210113171029924	  180  129   -226   -181    643
20210113171030091	  182  128   -223   -183    642
20210113171030258	  180  129   -226   -181    643
20210113171030458	  182  129   -223   -181    643
20210113171030624	  181  128   -225   -183    643
20210113171030791	  181  129   -225   -181    643
20210113171030958	  182  128   -223   -183    642
20210113171031158	  180  128   -226   -183    643
20210113171031324	  182  127   -223   -185    644
20210113171031491	  181  127   -225   -185    643
20210113171031658	  179  128   -228   -183    642
20210113171031825	  181  127   -225   -185    643
20210113171032025	  181  126   -224   -186    642
20210113171032191	  181  127   -224   -184    642
20210113171032358	  181  127   -225   -185    643
20210113171032525	  179  127   -228   -185    643
20210113171032725	  179  127   -228   -184    642
20210113171032891	  179  127   -228   -184    642
20210113171033058	  181  127   -225   -185    644
20210113171033225	  180  126   -226   -186    642
20210113171033392	  180  126   -227   -187    644
20210113171033592	  180  126   -227   -187    645
20210113171033758	  181  125   -225   -188    644
20210113171033925	  180  126   -227   -186    644
20210113171034092	  180  125   -227   -188    644
20210113171034258	  180  125   -227   -188    644
20210113171034425	  179  126   -229   -187    645
20210113171034625	  180  124   -227   -190    644
20210113171034792	  179  125   -228   -188    644
20210113171034959	  180  124   -227   -190    644
20210113171035159	  178  125   -230   -188    645
20210113171035325	  178  125   -230   -188    644
20210113171035492	  178  124   -230   -190    644
20210113171035659	  179  124   -229   -190    645
20210113171035859	  178  124   -230   -190    644
20210113171036026	  180  123   -227   -192    645
20210113171036192	  179  124   -229   -190    646
20210113171036359	  179  124   -228   -190    645
20210113171036526	  179  124   -228   -190    645
20210113171036726	  177  123   -231   -191    643
20210113171036893	  179  123   -228   -192    645
20210113171037059	  179  123   -228   -192    645
20210113171037259	  178  123   -230   -192    644
20210113171037426	  179  122   -229   -194    645
20210113171037593	  177  123   -232   -192    644
20210113171037759	  178  122   -230   -193    644
20210113171037959	  178  123   -230   -192    645
20210113171038126	  178  122   -230   -193    645
20210113171038293	  178  122   -230   -194    645
20210113171038493	  179  122   -229   -194    646
20210113171038660	  179  121   -229   -196    646
20210113171038826	  178  120   -230   -197    645
20210113171039026	  176  121   -234   -195    645
20210113171039193	  178  121   -230   -195    645
20210113171039360	  176  121   -234   -195    645
20210113171039527	  178  121   -231   -196    647
20210113171039727	  177  122   -232   -194    646
20210113171039893	  177  122   -232   -194    646
20210113171040060	  177  121   -232   -195    646
20210113171040227	  178  121   -231   -196    646
20210113171040393	  178  120   -231   -197    646
20210113171040593	  176  121   -234   -195    645
20210113171040760	  177  120   -232   -197    645
20210113171041027	  178  119   -231   -199    647
20210113171041194	  176  120   -234   -197    646
20210113171041394	  177  120   -233   -197    647
20210113171041560	  178  119   -231   -199    646
20210113171041760	  178  119   -231   -199    647
20210113171041927	  177  119   -232   -199    646
20210113171042094	  177  119   -233   -199    647
20210113171042261	  177  119   -233   -199    647
20210113171042461	  177  119   -232   -199    646
20210113171042627	  176  119   -234   -199    646
20210113171042827	  176  119   -234   -199    646
20210113171042994	  177  119   -233   -199    647
20210113171043161	  176  119   -234   -199    646
20210113171043327	  175  118   -235   -200    645
20210113171043528	  176  119   -234   -199    647
20210113171043694	  176  117   -234   -202    646
20210113171043894	  176  118   -234   -201    647
20210113171044094	  176  118   -234   -201    646
20210113171044261	  177  117   -233   -203    648
20210113171044428	  177  117   -233   -203    647
20210113171044628	  177  117   -233   -202    647
20210113171044795	  175  119   -236   -199    647
20210113171044995	  177  117   -233   -203    647
20210113171045161	  176  117   -234   -203    647
20210113171045328	  177  117   -233   -203    647
20210113171045495	  177  117   -233   -203    647
20210113171045695	  177  117   -232   -202    647
20210113171045861	  176  117   -234   -202    646
20210113171046028	  176  117   -234   -203    647
20210113171046228	  176  117   -234   -203    647
20210113171046395	  176  117   -234   -203    647
20210113171046595	  175  117   -236   -202    646
20210113171046762	  175  116   -236   -204    647
20210113171046962	  175  116   -236   -204    646
20210113171047128	  175  116   -236   -204    648
20210113171047329	  175  116   -236   -204    647
20210113171047495	  175  116   -236   -204    647
20210113171047695	  176  116   -235   -205    648
20210113171047895	  175  116   -236   -205    648
20210113171048062	  175  115   -236   -206    647
20210113171048262	  175  115   -236   -206    647
20210113171048462	  175  115   -236   -206    647
20210113171048629	  175  115   -236   -206    647
20210113171048829	  175  116   -236   -204    647
20210113171048996	  175  115   -236   -206    647
20210113171049196	  175  115   -236   -206    647
20210113171049396	  175  115   -236   -206    647
20210113171049562	  176  115   -235   -206    648
20210113171049762	  175  114   -236   -208    648
20210113171049929	  175  114   -236   -208    648
20210113171050229	  175  114   -236   -208    648
20210113171050396	  174  114   -238   -208    647
20210113171050596	  175  114   -236   -208    648
20210113171050763	  174  114   -238   -208    647
20210113171050963	  175  114   -237   -208    648
20210113171051163	  174  114   -238   -208    647
20210113171051329	  174  114   -238   -208    648
20210113171051663	  175  114   -237   -208    648
20210113171051863	  173  114   -239   -208    647
20210113171052030	  174  113   -238   -209    647
20210113171052430	  174  114   -238   -208    647
20210113171052596	  174  114   -238   -208    647
20210113171052997	  173  114   -240   -208    647
20210113171053163	  174  114   -238   -208    648
20210113171053363	  174  114   -238   -208    648
20210113171053563	  175  114   -237   -208    648
20210113171053730	  174  114   -238   -208    648
20210113171053930	  175  114   -237   -208    648
20210113171054097	  174  114   -238   -208    648
20210113171054297	  174  114   -238   -208    648
20210113171054864	  174  113   -238   -210    649
20210113171055064	  174  113   -238   -210    648
20210113171055231	  173  114   -240   -208    648
20210113171055431	  174  113   -238   -210    648
20210113171055631	  173  114   -240   -208    649
20210113171055797	  173  114   -240   -208    647
20210113171055997	  174  113   -238   -210    649
20210113171056197	  174  113   -238   -210    649
20210113171056364	  174  113   -238   -210    649
20210113171056564	  175  113   -237   -210    649
20210113171056731	  174  113   -238   -210    648
20210113171057298	  175  113   -236   -210    649
20210113171057498	  174  113   -238   -210    649
20210113171057698	  174  113   -238   -210    649
20210113171058065	  174  113   -238   -210    649
20210113171058265	  175  113   -237   -210    650
20210113171058465	  174  113   -238   -210    649
20210113171058831	  175  113   -236   -210    649
20210113171059198	  174  113   -238   -210    649
20210113171059365	  175  113   -236   -210    649
20210113171059765	  175  113   -237   -209    649
20210113171059932	  175  113   -237   -210    649
20210113171100132	  175  113   -237   -210    650
20210113171100332	  174  113   -238   -210    649
20210113171100499	  175  113   -237   -210    649
20210113171100899	  174  113   -238   -210    649
20210113171101065	  174  113   -238   -210    649
20210113171101465	  175  112   -237   -212    650
20210113171101632	  173  112   -240   -211    648
20210113171101832	  172  112   -242   -211    648
20210113171102032	  173  111   -240   -214    650
20210113171102199	  173  111   -240   -213    649
20210113171102399	  174  111   -239   -213    649
20210113171102599	  173  111   -240   -213    649
20210113171102766	  174  110   -238   -215    648
20210113171102966	  172  110   -241   -215    648
20210113171103166	  172  111   -242   -213    649
20210113171103333	  173  111   -240   -213    649
20210113171103533	  172  110   -242   -215    649
20210113171103699	  171  111   -244   -213    650
20210113171103899	  172  110   -242   -215    649
20210113171104099	  174  110   -239   -216    651
20210113171104266	  173  110   -240   -215    650
20210113171104466	  173  110   -240   -215    650
20210113171104666	  172  110   -242   -215    650
20210113171104833	  173  110   -241   -215    650
20210113171105033	  172  109   -242   -217    650
20210113171105233	  172  110   -242   -215    650
20210113171105400	  173  110   -240   -215    650
20210113171105600	  171  111   -244   -214    650
20210113171105766	  174  110   -238   -215    649
20210113171105966	  173  111   -240   -213    648
20210113171106167	  173  112   -240   -212    649
20210113171106333	  173  112   -240   -212    649
20210113171106533	  174  111   -238   -213    648
20210113171106733	  174  111   -238   -213    649
20210113171106900	  174  111   -238   -213    649
20210113171107100	  172  112   -242   -212    649
20210113171107300	  172  112   -242   -212    649
20210113171107467	  173  112   -240   -212    650
20210113171107667	  173  111   -240   -213    648
20210113171107834	  173  111   -240   -213    648
20210113171108034	  172  112   -242   -212    649
20210113171108234	  172  112   -241   -211    648
20210113171108400	  174  112   -238   -212    649
20210113171108601	  173  111   -240   -213    649
20210113171108801	  172  112   -241   -211    648
20210113171108967	  172  112   -241   -211    648
20210113171109167	  173  111   -240   -213    649
20210113171109367	  172  112   -242   -212    649
20210113171109534	  173  112   -240   -211    649
20210113171109734	  172  112   -242   -211    648
20210113171109901	  173  112   -240   -212    650
20210113171110101	  173  111   -240   -213    649
20210113171110301	  174  111   -238   -213    649
20210113171110468	  174  112   -238   -212    649
20210113171110668	  172  112   -242   -212    649
20210113171110834	  173  112   -240   -212    650
20210113171111034	  173  112   -240   -212    649
20210113171111235	  171  111   -243   -213    649
20210113171111401	  173  112   -240   -211    648
20210113171111601	  173  111   -240   -213    649
20210113171111801	  172  112   -242   -212    649
20210113171111968	  173  111   -240   -213    649
20210113171112168	  173  111   -240   -213    648
20210113171112368	  174  111   -238   -213    649
20210113171112535	  173  111   -240   -213    648
20210113171112735	  174  111   -239   -214    650
20210113171112968	  173  110   -240   -214    648
20210113171113168	  173  111   -240   -213    648
20210113171113668	  172  111   -241   -213    648
