20210112170000427	  305  301    -16    110    652
20210112170000656	  304  302    -18    112    651
20210112170000755	  304  302    -18    112    652
20210112170000788	  304  302    -18    112    652
20210112170000822	  304  302    -18    112    651
20210112170000822	  304  302    -18    112    652
20210112170000822	  304  302    -18    112    652
20210112170000921	  304  302    -18    112    652
20210112170001020	  304  302    -18    112    652
20210112170001053	  304  303    -18    113    651
20210112170001086	  304  303    -18    113    650
20210112170001120	  304  302    -18    112    652
20210112170001186	  304  303    -18    113    650
20210112170001219	  304  303    -18    113    651
20210112170001352	  304  303    -18    113    651
20210112170001451	  304  302    -18    112    652
20210112170001484	  304  303    -18    113    651
20210112170001518	  304  303    -18    113    651
20210112170001551	  304  303    -18    113    651
20210112170001584	  305  304    -16    115    652
20210112170001617	  304  303    -18    113    651
20210112170001650	  304  302    -18    112    652
20210112170001684	  304  303    -18    113    650
20210112170001783	  304  303    -18    113    651
20210112170001849	  305  304    -16    115    651
20210112170001883	  304  303    -18    113    651
20210112170001916	  304  303    -18    113    651
20210112170001949	  304  303    -18    113    651
20210112170001982	  304  302    -18    112    651
20210112170002048	  305  303    -16    113    650
20210112170002148	  303  303    -20    113    651
20210112170002181	  305  304    -16    115    651
20210112170002214	  304  302    -18    112    652
20210112170002247	  305  304    -16    115    651
20210112170002280	  305  302    -16    112    652
20210112170002313	  305  302    -16    112    652
20210112170002313	  305  304    -16    115    651
20210112170002313	  305  304    -16    115    651
20210112170002412	  304  303    -18    113    651
20210112170002446	  305  304    -16    115    651
20210112170002479	  305  304    -16    115    651
20210112170002545	  305  302    -16    112    652
20210112170002611	  304  302    -18    112    652
20210112170002644	  303  302    -20    112    651
20210112170002678	  305  304    -16    115    650
20210112170002711	  305  304    -16    115    651
20210112170002778	  303  302    -20    112    651
20210112170002811	  304  302    -18    112    651
20210112170002844	  304  303    -18    113    651
20210112170002911	  305  304    -16    115    651
20210112170002944	  305  304    -16    115    652
20210112170002978	  304  303    -18    113    651
20210112170002978	  305  304    -16    115    651
20210112170003045	  304  303    -18    113    651
20210112170003111	  303  302    -20    112    651
20210112170003145	  305  304    -16    115    651
20210112170003178	  304  302    -18    112    652
20210112170003211	  303  302    -20    112    651
20210112170003245	  303  302    -20    112    652
20210112170003278	  303  302    -20    112    652
20210112170003311	  305  304    -16    115    651
20210112170003378	  303  302    -20    112    651
20210112170003411	  304  303    -18    113    650
20210112170003478	  305  304    -16    115    651
20210112170003511	  304  302    -18    112    651
20210112170003544	  305  304    -16    115    651
20210112170003611	  305  304    -16    115    651
20210112170003644	  303  302    -20    112    651
20210112170003677	  305  304    -16    115    651
20210112170003677	  304  302    -18    112    652
20210112170003777	  305  304    -16    115    650
20210112170003811	  305  304    -16    115    652
20210112170003844	  303  302    -20    112    652
20210112170003877	  304  302    -18    112    652
20210112170003977	  304  303    -18    113    651
20210112170004043	  303  302    -20    112    653
20210112170004077	  304  303    -18    113    651
20210112170004143	  305  304    -16    115    651
20210112170004209	  303  302    -20    112    652
20210112170004243	  304  303    -18    113    650
20210112170004276	  304  303    -18    113    650
20210112170004342	  304  302    -18    112    652
20210112170004375	  304  303    -18    113    651
20210112170004475	  305  304    -16    115    652
20210112170004508	  303  302    -20    111    650
20210112170004575	  305  304    -16    115    651
20210112170004608	  303  302    -20    112    651
20210112170004641	  305  304    -16    115    651
20210112170004675	  305  304    -16    115    650
20210112170004708	  305  304    -16    115    651
20210112170004741	  303  302    -20    112    651
20210112170004775	  305  304    -16    115    651
20210112170004808	  305  304    -16    115    651
20210112170004841	  305  304    -16    115    650
20210112170004874	  304  303    -18    113    651
20210112170004908	  304  303    -18    113    651
20210112170004941	  304  302    -18    112    651
20210112170004974	  304  302    -18    112    652
20210112170005008	  304  302    -18    112    651
20210112170005041	  305  304    -16    115    650
20210112170005107	  304  302    -18    112    651
20210112170005207	  304  303    -18    113    651
20210112170005240	  305  304    -16    115    651
20210112170005274	  305  304    -16    115    650
20210112170005307	  303  302    -20    112    651
20210112170005340	  303  302    -20    112    651
20210112170005374	  303  302    -20    112    652
20210112170005407	  304  303    -18    113    652
20210112170005473	  304  302    -18    112    651
20210112170005507	  303  302    -20    112    652
20210112170005540	  303  302    -20    112    652
20210112170005673	  303  302    -20    112    651
20210112170005706	  305  304    -16    115    651
20210112170005740	  303  302    -20    112    651
20210112170005840	  303  302    -20    112    651
20210112170005873	  305  304    -16    115    652
20210112170005940	  304  303    -18    113    651
20210112170006006	  305  304    -16    115    651
20210112170006040	  304  302    -18    112    652
20210112170006040	  304  303    -18    113    650
20210112170006140	  304  303    -18    113    651
20210112170006206	  304  303    -18    113    651
20210112170006273	  305  304    -16    115    651
20210112170006307	  304  303    -18    113    650
20210112170006473	  305  304    -16    115    652
20210112170006540	  303  302    -20    112    651
20210112170006607	  305  304    -16    115    651
20210112170006707	  303  302    -20    112    651
20210112170006773	  304  303    -18    113    652
20210112170006807	  304  303    -18    113    651
20210112170006907	  303  302    -20    112    651
20210112170006940	  305  304    -16    115    650
20210112170007040	  304  302    -18    112    651
20210112170007073	  303  302    -20    112    651
20210112170007140	  303  302    -20    111    651
20210112170007207	  304  302    -18    111    651
20210112170007240	  304  303    -18    113    650
20210112170007273	  303  302    -20    112    651
20210112170007340	  305  304    -16    115    651
20210112170007373	  304  303    -18    113    651
20210112170007440	  305  304    -16    115    651
20210112170007473	  305  304    -16    115    651
20210112170007540	  305  304    -16    115    650
20210112170007640	  304  303    -18    113    651
20210112170007673	  305  304    -16    115    651
20210112170007707	  303  302    -20    112    652
20210112170007774	  304  303    -18    113    651
20210112170007807	  303  303    -20    113    650
20210112170007840	  303  303    -20    113    650
20210112170007874	  302  302    -22    111    650
20210112170007907	  302  302    -22    111    650
20210112170008007	  303  304    -20    115    651
20210112170008074	  302  303    -22    113    650
20210112170008140	  301  303    -23    113    650
20210112170008174	  299  301    -27    110    650
20210112170008207	  299  302    -27    111    650
20210112170008240	  299  301    -27    110    650
20210112170008240	  300  303    -25    113    650
20210112170008307	  299  302    -27    111    649
20210112170008374	  298  301    -28    109    649
20210112170008407	  298  301    -28    110    649
20210112170008507	  297  302    -30    111    647
20210112170008574	  295  301    -33    109    646
20210112170008640	  294  301    -35    109    645
20210112170008674	  294  301    -35    109    644
20210112170008740	  293  300    -37    107    644
20210112170008774	  293  300    -37    107    643
20210112170008807	  292  300    -38    107    643
20210112170008874	  291  300    -40    107    642
20210112170008940	  290  299    -42    105    643
20210112170008974	  289  299    -43    105    642
20210112170009140	  289  298    -43    103    641
20210112170009174	  288  298    -45    103    641
20210112170009240	  288  298    -45    103    641
20210112170009307	  287  299    -46    105    640
20210112170009407	  284  297    -51    101    640
20210112170009474	  286  298    -48    103    640
20210112170009541	  285  297    -50    101    639
20210112170009607	  284  296    -51     99    639
20210112170009674	  284  295    -52     98    641
20210112170009774	  284  297    -52    101    641
20210112170009807	  284  296    -52    100    643
20210112170009874	  285  296    -50    100    642
20210112170009941	  284  296    -52    100    640
20210112170010007	  284  296    -52    100    641
20210112170010174	  284  295    -52     98    643
20210112170010407	  284  295    -52     98    642
20210112170010541	  283  295    -53     98    643
20210112170010641	  285  294    -50     97    646
20210112170010874	  284  295    -52     98    643
20210112170011108	  283  294    -54     97    644
20210112170011374	  282  295    -55     98    642
20210112170011674	  282  294    -55     96    641
20210112170011908	  283  295    -53     98    643
20210112170012141	  283  294    -53     97    642
20210112170012375	  284  295    -52     98    642
20210112170012441	  284  293    -52     95    643
20210112170012475	  284  295    -52     98    644
20210112170012508	  283  294    -53     97    643
20210112170012541	  283  295    -53     98    643
20210112170012575	  282  294    -55     97    643
20210112170012675	  284  295    -52     99    645
20210112170012741	  285  293    -50     95    644
20210112170012775	  283  293    -53     95    642
20210112170012775	  282  294    -55     96    640
20210112170012841	  282  293    -55     95    643
20210112170012875	  283  295    -54     98    644
20210112170012942	  283  294    -54     97    644
20210112170012975	  284  293    -52     95    644
20210112170013008	  284  293    -52     95    644
20210112170013042	  284  293    -52     95    645
20210112170013075	  282  294    -55     97    644
20210112170013108	  284  293    -52     95    646
20210112170013175	  283  295    -54     98    644
20210112170013208	  282  294    -55     97    643
20210112170013275	  282  293    -55     95    643
20210112170013308	  284  294    -52     97    644
20210112170013342	  282  293    -55     95    644
20210112170013375	  283  295    -54     99    645
20210112170013408	  282  294    -55     97    645
20210112170013442	  283  295    -54     98    644
20210112170013508	  284  295    -52     98    644
20210112170013542	  284  293    -52     95    644
20210112170013608	  283  295    -54     99    645
20210112170013675	  282  294    -55     97    643
20210112170013742	  283  295    -53     98    643
20210112170013775	  282  293    -55     95    644
20210112170013908	  283  294    -54     97    644
20210112170013942	  282  294    -55     97    644
20210112170014008	  282  295    -55     98    643
20210112170014108	  283  294    -54     97    644
20210112170014142	  282  294    -55     97    643
20210112170014242	  283  294    -54     97    647
20210112170014275	  284  295    -52     99    648
20210112170014309	  283  293    -54     95    645
20210112170014342	  283  292    -54     94    645
20210112170014375	  283  294    -54     97    644
20210112170014409	  283  294    -53     97    642
20210112170014442	  281  294    -57     96    642
20210112170014475	  283  292    -54     94    645
20210112170014542	  283  294    -54     97    645
20210112170014575	  281  294    -57     97    645
20210112170014609	  283  293    -54     95    646
20210112170014742	  283  292    -54     93    645
20210112170014775	  283  292    -54     94    645
20210112170014809	  283  294    -54     97    645
20210112170014875	  282  293    -55     95    643
20210112170014942	  282  293    -55     95    644
20210112170014975	  283  294    -53     97    643
20210112170015042	  283  292    -54     93    645
20210112170015075	  283  294    -54     97    644
20210112170015109	  282  293    -55     95    645
20210112170015142	  283  293    -54     95    645
20210112170015209	  281  294    -57     97    643
20210112170015242	  283  294    -53     97    643
20210112170015275	  283  294    -53     97    643
20210112170015309	  283  292    -54     93    644
20210112170015342	  282  293    -55     95    644
20210112170015375	  281  294    -57     97    643
20210112170015442	  281  292    -57     93    644
20210112170015475	  283  294    -54     97    644
20210112170015509	  282  293    -55     95    644
20210112170015542	  283  294    -54     97    644
20210112170015609	  283  294    -54     97    644
20210112170015642	  283  292    -54     94    645
20210112170015709	  283  294    -53     97    643
20210112170015742	  281  294    -57     97    643
20210112170015809	  283  294    -53     97    643
20210112170015842	  282  293    -55     95    643
20210112170015876	  282  293    -55     95    643
20210112170015909	  283  294    -53     97    643
20210112170015942	  283  294    -53     97    643
20210112170015976	  282  294    -55     97    643
20210112170016009	  281  292    -57     93    644
20210112170016042	  281  292    -57     93    644
20210112170016109	  284  294    -52     97    644
20210112170016176	  284  294    -52     97    645
20210112170016242	  282  292    -55     93    645
20210112170016309	  284  294    -52     97    644
20210112170016409	  283  294    -53     96    642
20210112170016442	  283  294    -53     97    642
20210112170016542	  282  293    -55     95    646
20210112170016642	  283  294    -54     97    643
20210112170016709	  281  292    -57     93    642
20210112170016809	  282  293    -55     95    645
20210112170016876	  283  294    -53     97    643
20210112170016976	  283  292    -54     93    644
20210112170017043	  282  294    -55     97    643
20210112170017109	  283  294    -54     97    644
20210112170017176	  284  294    -52     97    645
20210112170017243	  283  293    -54     95    645
20210112170017409	  282  292    -55     93    643
20210112170017543	  284  294    -52     97    646
20210112170017609	  283  292    -54     94    645
20210112170017743	  282  293    -55     95    643
20210112170017776	  281  294    -57     96    642
20210112170017843	  283  294    -54     97    644
20210112170017909	  283  294    -54     97    645
20210112170017976	  281  293    -57     95    644
20210112170018076	  283  294    -53     97    643
20210112170018143	  282  292    -55     93    643
20210112170018176	  282  292    -55     93    644
20210112170018243	  282  294    -55     97    644
20210112170018310	  283  292    -54     93    644
20210112170018410	  281  294    -57     97    643
20210112170018443	  281  294    -57     97    644
20210112170018510	  283  294    -54     97    646
20210112170018576	  283  294    -54     97    645
20210112170018643	  282  293    -55     95    644
20210112170018643	  283  292    -54     94    645
20210112170018710	  283  294    -54     97    644
20210112170018743	  283  294    -54     97    645
20210112170018776	  281  293    -57     95    643
20210112170018843	  283  292    -54     93    643
20210112170018943	  283  294    -54     97    645
20210112170018976	  283  292    -54     93    644
20210112170019043	  282  294    -55     97    644
20210112170019076	  282  293    -55     95    644
20210112170019110	  283  292    -54     94    646
20210112170019176	  282  293    -55     95    644
20210112170019243	  283  292    -54     93    644
20210112170019310	  282  293    -55     95    643
20210112170019343	  282  294    -55     97    644
20210112170019343	  282  294    -55     97    644
20210112170019410	  282  292    -55     93    643
20210112170019410	  280  293    -58     95    642
20210112170019476	  283  294    -53     97    643
20210112170019510	  284  294    -52     97    646
20210112170019510	  283  294    -54     97    645
20210112170019576	  281  294    -57     97    644
20210112170019610	  280  293    -59     95    643
20210112170019643	  279  293    -60     95    642
20210112170019676	  282  293    -55     95    641
20210112170019710	  282  293    -55     95    643
20210112170019743	  282  292    -55     93    642
20210112170019777	  282  292    -55     93    643
20210112170019810	  282  292    -55     93    643
20210112170019910	  283  292    -54     94    645
20210112170019910	  283  294    -54     97    645
20210112170019977	  282  292    -55     93    645
20210112170020010	  282  293    -55     95    644
20210112170020043	  282  294    -55     96    641
20210112170020077	  282  294    -55     96    641
20210112170020143	  282  294    -55     97    645
20210112170020143	  282  296    -55    100    643
20210112170020210	  284  297    -52    102    647
20210112170020243	  286  298    -49    104    648
20210112170020277	  287  299    -47    105    645
20210112170020277	  287  298    -47    104    646
20210112170020343	  289  301    -43    109    643
20210112170020377	  288  300    -45    107    642
20210112170020443	  289  301    -43    108    641
20210112170020477	  290  302    -42    110    642
20210112170020510	  292  302    -38    110    643
20210112170020510	  293  304    -36    113    642
20210112170020510	  295  305    -33    115    644
20210112170020610	  294  303    -35    112    644
20210112170020710	  296  306    -31    117    643
20210112170020777	  296  304    -31    113    640
20210112170020910	  298  305    -28    116    645
20210112170021144	  299  302    -27    111    647
20210112170021444	  304  303    -18    113    651
20210112170021710	  301  302    -23    111    651
20210112170022010	  303  304    -20    115    652
20210112170022244	  300  303    -25    113    651
20210112170022544	  296  301    -32    109    647
20210112170022844	  293  301    -37    108    643
20210112170023144	  288  298    -45    103    643
20210112170023411	  287  298    -47    103    642
20210112170023678	  283  295    -53     98    641
20210112170024011	  282  295    -55     98    641
20210112170024278	  283  294    -53     96    641
20210112170024578	  283  293    -53     95    643
20210112170024744	  283  295    -53     98    643
20210112170025045	  283  295    -53     98    643
20210112170025345	  282  294    -55     97    643
20210112170025578	  281  293    -57     95    642
20210112170025878	  283  294    -54     97    645
20210112170026078	  281  294    -57     97    643
20210112170026412	  281  294    -57     97    645
20210112170026645	  283  293    -54     95    645
20210112170026945	  281  292    -57     93    644
20210112170027212	  281  294    -57     97    644
20210112170027512	  283  294    -54     97    645
20210112170027845	  283  294    -54     97    646
20210112170028079	  283  294    -54     97    646
20210112170028412	  281  293    -57     95    644
20210112170028679	  282  294    -55     97    643
20210112170028979	  281  294    -57     97    644
20210112170029279	  281  293    -57     95    645
20210112170029546	  281  294    -57     96    642
20210112170029779	  282  294    -55     97    645
20210112170030013	  280  293    -58     95    642
20210112170030313	  282  294    -55     96    642
20210112170030579	  281  293    -57     95    641
20210112170030879	  283  292    -54     93    644
20210112170031079	  283  294    -54     97    645
20210112170031346	  281  292    -57     93    643
20210112170031413	  283  293    -54     95    645
20210112170031446	  283  294    -54     97    645
20210112170031513	  282  293    -55     95    643
20210112170031546	  283  293    -54     95    645
20210112170031613	  284  294    -52     97    647
20210112170031680	  282  294    -55     97    646
20210112170031713	  283  293    -54     95    646
20210112170031746	  282  292    -55     94    645
20210112170031813	  283  294    -54     97    644
20210112170032013	  282  293    -55     95    646
20210112170032146	  282  291    -55     91    643
20210112170032213	  281  294    -57     97    645
20210112170032246	  283  294    -54     97    647
20210112170032413	  283  293    -54     95    645
20210112170032446	  283  292    -54     94    645
20210112170032647	  283  292    -54     94    646
20210112170032680	  282  292    -55     94    645
20210112170032847	  282  292    -55     94    646
20210112170032880	  282  292    -55     94    646
20210112170033180	  282  293    -55     95    642
20210112170033413	  283  293    -54     95    645
20210112170033713	  283  292    -54     94    647
20210112170034014	  282  292    -55     94    645
20210112170034314	  282  293    -55     95    644
20210112170034614	  290  300    -42    107    645
20210112170034880	  294  303    -35    112    643
20210112170035214	  296  304    -32    114    645
20210112170035314	  297  302    -30    111    648
20210112170035414	  300  303    -25    113    650
20210112170035447	  299  302    -27    111    651
20210112170035514	  302  304    -22    115    650
20210112170035581	  303  304    -20    115    650
20210112170035681	  302  303    -22    113    650
20210112170035714	  301  302    -23    111    650
20210112170035781	  303  304    -20    115    651
20210112170035847	  301  303    -23    113    650
20210112170035947	  303  301    -20    110    652
20210112170036114	  303  303    -20    113    651
20210112170036347	  301  302    -23    111    649
20210112170036414	  300  303    -25    113    650
20210112170036514	  299  302    -27    112    651
20210112170036647	  297  302    -30    111    648
20210112170036748	  296  300    -32    107    646
20210112170036781	  295  300    -33    107    645
20210112170036814	  296  299    -32    106    645
20210112170036848	  296  301    -32    109    646
20210112170036981	  294  300    -35    107    643
20210112170036981	  295  301    -33    109    643
20210112170037048	  294  301    -35    108    643
20210112170037148	  292  298    -38    104    645
20210112170037181	  292  298    -38    103    643
20210112170037248	  291  299    -40    105    641
20210112170037314	  289  299    -43    105    642
20210112170037348	  289  298    -43    103    643
20210112170037448	  289  297    -43    102    644
20210112170037614	  286  297    -48    101    640
20210112170037681	  285  296    -50    100    644
20210112170037714	  285  296    -50    100    644
20210112170037748	  285  296    -50    100    644
20210112170037781	  285  296    -50    100    643
20210112170037915	  282  294    -55     96    641
20210112170038181	  283  295    -53     98    642
20210112170038448	  282  293    -55     95    643
20210112170038715	  283  294    -54     97    645
20210112170039048	  281  294    -57     97    645
20210112170039248	  282  293    -55     95    645
20210112170039482	  284  294    -52     97    644
20210112170039782	  282  294    -55     96    642
20210112170040082	  283  294    -53     97    643
20210112170040382	  283  292    -54     94    646
20210112170040415	  281  294    -57     97    645
20210112170040515	  282  294    -55     97    643
20210112170040682	  282  294    -55     97    644
20210112170040949	  282  293    -55     95    645
20210112170041215	  283  292    -54     94    645
20210112170041515	  282  292    -55     94    645
20210112170041715	  282  293    -55     95    644
20210112170041949	  282  292    -55     93    645
20210112170042082	  283  294    -54     97    645
20210112170042082	  283  294    -54     97    645
20210112170042182	  283  294    -54     97    645
20210112170042216	  280  293    -59     95    644
20210112170042282	  282  293    -55     95    642
20210112170042616	  282  293    -55     95    643
20210112170042882	  280  293    -59     95    644
20210112170042982	  282  291    -55     92    644
20210112170043049	  282  293    -55     95    645
20210112170043216	  282  293    -55     95    641
20210112170043416	  282  292    -55     93    645
20210112170043683	  282  291    -55     92    644
20210112170044016	  283  294    -54     97    645
20210112170044283	  282  292    -55     93    644
20210112170044483	  282  293    -55     95    645
20210112170044783	  282  291    -55     92    644
20210112170045083	  280  293    -59     95    645
20210112170045416	  282  293    -55     95    646
20210112170045716	  283  293    -54     95    645
20210112170045817	  283  293    -54     95    644
20210112170045883	  283  293    -54     95    645
20210112170045950	  281  292    -57     93    644
20210112170046017	  283  291    -54     92    646
20210112170046083	  283  294    -54     97    645
20210112170046350	  284  294    -52     97    646
20210112170046650	  282  293    -55     95    642
20210112170046917	  283  293    -54     95    645
20210112170046983	  281  293    -57     94    640
20210112170047150	  283  293    -54     95    645
20210112170047417	  282  292    -55     94    645
20210112170047750	  283  293    -54     95    646
20210112170048017	  283  293    -54     95    645
20210112170048317	  280  293    -59     95    643
20210112170048484	  282  292    -55     94    645
20210112170048717	  288  298    -45    104    648
20210112170049084	  295  305    -33    115    640
20210112170049351	  297  304    -30    114    644
20210112170049651	  299  302    -27    111    648
20210112170049917	  301  303    -23    114    653
20210112170050218	  304  302    -18    112    654
20210112170050451	  302  303    -22    113    652
20210112170050718	  298  300    -28    108    650
20210112170051018	  295  300    -33    107    645
20210112170051284	  292  300    -38    107    645
20210112170051518	  290  298    -42    103    643
20210112170051585	  289  298    -43    104    645
20210112170051651	  287  298    -47    104    645
20210112170051918	  285  296    -50    100    643
20210112170052151	  284  295    -52     98    641
20210112170052451	  283  295    -54     98    644
20210112170052752	  281  293    -57     95    643
20210112170052952	  283  294    -53     97    643
20210112170053018	  283  294    -53     97    643
20210112170053285	  283  294    -54     97    644
20210112170053552	  281  293    -57     95    643
20210112170053852	  282  294    -55     97    644
20210112170054119	  281  293    -57     95    645
20210112170054319	  283  294    -54     97    645
20210112170054385	  283  294    -54     97    645
20210112170054485	  280  294    -58     96    642
20210112170054785	  281  293    -57     95    641
20210112170055085	  281  294    -57     97    645
20210112170055386	  282  292    -55     93    644
20210112170055452	  283  294    -54     97    645
20210112170055552	  283  292    -54     93    645
20210112170055619	  283  292    -54     94    646
20210112170055652	  282  292    -55     94    645
20210112170055752	  282  292    -55     93    645
20210112170055819	  282  293    -55     95    644
20210112170055886	  282  293    -55     95    644
20210112170055952	  281  292    -57     93    645
20210112170056019	  282  292    -55     93    644
20210112170056353	  283  293    -54     95    646
20210112170056619	  282  293    -55     95    645
20210112170056919	  282  293    -55     95    645
20210112170057219	  280  293    -59     95    643
20210112170057453	  281  292    -57     94    646
20210112170057553	  280  293    -59     95    644
20210112170057686	  283  292    -54     94    647
20210112170057986	  283  293    -54     95    645
20210112170058253	  282  293    -55     95    644
20210112170058520	  283  293    -54     95    645
20210112170058820	  282  293    -55     95    645
20210112170059120	  283  293    -54     95    646
20210112170059320	  280  293    -59     95    644
20210112170059553	  283  292    -54     94    647
20210112170059820	  283  293    -54     96    647
20210112170100153	  283  293    -54     95    645
20210112170100420	  280  293    -59     95    643
20210112170100620	  283  293    -54     95    645
20210112170100920	  280  292    -59     93    644
20210112170101187	  280  292    -59     94    645
20210112170101354	  285  294    -51     98    650
20210112170101454	  281  293    -57     95    645
20210112170101554	  280  291    -59     91    642
20210112170101654	  281  292    -57     93    641
20210112170101787	  283  293    -54     95    646
20210112170101887	  283  293    -54     95    645
20210112170101987	  282  293    -55     95    645
20210112170102087	  283  291    -54     92    646
20210112170102221	  281  292    -57     93    641
20210112170102321	  282  293    -55     95    645
20210112170102421	  283  291    -54     92    646
20210112170102554	  283  293    -54     95    646
20210112170102687	  283  293    -54     95    646
20210112170102787	  282  293    -55     95    644
20210112170102887	  282  296    -55    100    645
20210112170102988	  289  299    -44    106    648
20210112170103121	  289  301    -43    108    642
20210112170103221	  292  303    -38    112    644
20210112170103321	  293  304    -37    114    645
20210112170103421	  295  305    -33    116    647
20210112170103521	  297  305    -30    116    645
20210112170103654	  296  304    -32    115    649
20210112170103788	  296  303    -32    113    649
20210112170103888	  298  302    -28    111    648
20210112170103988	  302  303    -22    113    649
20210112170104121	  301  303    -23    114    653
20210112170104221	  302  301    -22    110    654
20210112170104321	  301  302    -23    111    650
20210112170104421	  303  303    -20    114    653
20210112170104521	  301  302    -23    112    652
20210112170104655	  301  302    -23    112    651
20210112170104755	  300  302    -25    111    651
20210112170104855	  298  302    -28    111    650
20210112170104988	  298  301    -28    110    650
20210112170105121	  297  301    -30    109    647
20210112170105221	  296  300    -32    108    647
20210112170105321	  294  300    -35    107    645
20210112170105421	  294  300    -35    107    645
20210112170105521	  292  299    -38    105    644
20210112170105655	  292  300    -38    107    644
20210112170105755	  288  298    -45    104    644
20210112170105855	  290  299    -42    105    645
20210112170105988	  286  297    -49    102    645
20210112170106088	  287  297    -47    102    643
20210112170106222	  285  296    -50    100    644
20210112170106322	  283  296    -53    100    640
20210112170106455	  282  293    -55     95    644
20210112170106588	  282  292    -55     93    642
20210112170106688	  281  294    -57     96    640
20210112170106788	  281  293    -57     95    644
20210112170106888	  282  293    -55     95    645
20210112170107022	  283  292    -54     94    646
20210112170107122	  281  293    -57     95    642
20210112170107222	  281  293    -57     95    645
20210112170107355	  282  293    -55     95    644
20210112170107489	  281  293    -57     95    643
20210112170107589	  281  293    -57     95    645
20210112170107689	  283  294    -54     97    644
20210112170107822	  282  293    -55     95    646
20210112170107922	  283  294    -54     97    645
20210112170108022	  283  294    -54     97    645
20210112170108122	  282  294    -55     97    644
20210112170108255	  283  294    -54     97    645
20210112170108355	  283  293    -54     95    644
20210112170108489	  281  292    -57     94    646
20210112170108589	  283  294    -54     97    644
20210112170108722	  282  293    -55     95    644
20210112170108856	  283  294    -54     97    645
20210112170108956	  282  294    -55     97    644
20210112170109056	  283  293    -54     95    644
20210112170109189	  282  294    -55     97    645
20210112170109289	  281  293    -57     95    643
20210112170109389	  283  293    -54     95    645
20210112170109522	  281  292    -57     94    645
20210112170109622	  282  293    -55     95    645
20210112170109756	  282  294    -55     97    645
20210112170109822	  282  292    -56     94    647
20210112170109856	  282  293    -55     95    645
20210112170110056	  282  291    -55     92    644
20210112170110223	  281  291    -57     92    645
20210112170110356	  283  292    -54     94    645
20210112170110456	  282  294    -55     97    645
20210112170110556	  283  293    -54     95    646
20210112170110689	  280  293    -58     95    642
20210112170110789	  282  292    -55     94    646
20210112170110923	  281  293    -57     95    641
20210112170111023	  280  293    -59     95    644
20210112170111123	  282  291    -55     92    645
20210112170111289	  282  291    -55     92    646
20210112170111389	  282  293    -55     95    646
20210112170111523	  280  293    -59     95    645
20210112170111623	  280  292    -58     93    642
20210112170111756	  282  293    -55     95    645
20210112170111856	  283  293    -54     95    647
20210112170111956	  282  293    -55     95    646
20210112170112090	  281  291    -57     92    647
20210112170112190	  283  291    -54     92    645
20210112170112323	  280  291    -59     92    645
20210112170112456	  281  293    -57     95    643
20210112170112590	  281  292    -57     93    644
20210112170112723	  281  293    -57     95    644
20210112170112823	  280  293    -58     95    641
20210112170112957	  280  293    -59     95    647
20210112170113090	  280  293    -59     95    644
20210112170113190	  281  292    -57     93    643
20210112170113323	  280  293    -58     95    641
20210112170113457	  281  293    -57     95    643
20210112170113590	  281  293    -57     95    644
20210112170113757	  281  291    -57     92    644
20210112170113857	  281  293    -57     95    642
20210112170113990	  281  292    -57     93    645
20210112170114124	  282  291    -55     92    645
20210112170114224	  281  292    -57     94    646
20210112170114357	  282  293    -55     95    644
20210112170114490	  280  293    -59     95    645
20210112170114590	  282  293    -55     95    645
20210112170114724	  282  293    -55     95    643
20210112170114857	  282  293    -55     95    643
20210112170114990	  281  292    -57     93    643
20210112170115124	  281  292    -57     94    646
20210112170115257	  282  292    -55     94    646
20210112170115357	  282  293    -55     95    644
20210112170115491	  283  293    -54     96    647
20210112170115624	  282  291    -56     92    647
20210112170115724	  283  293    -54     96    647
20210112170115857	  282  291    -55     92    646
20210112170115991	  281  293    -57     95    645
20210112170116091	  282  293    -55     95    646
20210112170116391	  280  291    -59     92    644
20210112170116491	  281  292    -57     93    645
20210112170116624	  282  292    -55     94    646
20210112170116758	  281  292    -57     94    645
20210112170116858	  280  293    -59     95    643
20210112170116991	  282  291    -56     92    647
20210112170117124	  285  296    -51    101    648
20210112170117224	  289  299    -44    106    648
20210112170117358	  290  301    -42    109    644
20210112170117524	  293  304    -37    114    644
20210112170117658	  294  304    -35    113    643
20210112170117758	  295  303    -33    112    644
20210112170117891	  298  304    -28    114    647
20210112170118025	  299  304    -27    115    650
20210112170118125	  298  302    -28    111    650
20210112170118258	  302  304    -22    115    652
20210112170118391	  300  303    -25    114    653
20210112170118491	  300  301    -25    111    655
20210112170118625	  300  303    -25    114    653
20210112170118791	  303  304    -20    115    653
20210112170118892	  302  303    -22    114    653
20210112170119025	  299  302    -27    111    650
20210112170119158	  298  301    -28    110    650
20210112170119258	  298  301    -28    110    651
20210112170119392	  296  301    -32    109    647
20210112170119525	  295  300    -33    107    646
20210112170119625	  293  300    -37    108    648
20210112170119758	  292  299    -38    105    642
20210112170119925	  290  299    -42    105    643
20210112170120025	  289  298    -43    104    644
20210112170120159	  288  297    -45    102    643
20210112170120292	  287  297    -47    102    644
20210112170120392	  286  297    -48    102    643
20210112170120525	  285  294    -50     97    643
20210112170120659	  282  294    -55     96    641
20210112170120659	  280  295    -58     98    640
20210112170120725	  281  293    -57     95    643
20210112170120792	  281  293    -57     94    640
20210112170121025	  283  294    -54     97    645
20210112170121259	  283  294    -54     97    645
20210112170121459	  283  294    -54     97    645
20210112170121592	  284  294    -52     97    647
20210112170121692	  281  294    -57     97    645
20210112170121826	  281  293    -57     95    645
20210112170121959	  283  292    -54     94    646
20210112170122092	  282  294    -55     97    645
20210112170122192	  281  293    -57     95    644
20210112170122326	  283  292    -54     94    648
20210112170122492	  282  293    -55     95    645
20210112170122592	  282  294    -56     97    647
20210112170122726	  282  292    -55     94    646
20210112170122859	  282  293    -55     95    646
20210112170122959	  282  293    -55     95    646
20210112170123093	  280  293    -59     95    646
20210112170123226	  282  293    -55     95    646
20210112170123326	  281  292    -57     94    645
20210112170123459	  280  293    -59     95    646
20210112170123593	  281  292    -57     94    646
20210112170123726	  282  293    -55     95    645
20210112170123859	  282  292    -56     94    647
20210112170123993	  280  293    -59     95    645
20210112170124093	  281  291    -57     92    646
20210112170124226	  283  292    -54     94    647
20210112170124360	  282  293    -55     95    645
20210112170124493	  280  293    -59     95    647
20210112170124593	  280  293    -59     95    646
20210112170124726	  282  293    -55     95    646
20210112170124860	  282  293    -56     96    647
20210112170124993	  280  293    -59     95    646
20210112170125126	  282  293    -55     95    646
20210112170125260	  281  292    -57     93    644
20210112170125360	  280  293    -59     95    647
20210112170125460	  281  291    -57     92    646
20210112170125627	  281  293    -57     95    647
20210112170125727	  282  293    -55     95    643
20210112170125860	  281  292    -57     94    648
20210112170125993	  282  293    -55     95    644
20210112170126093	  283  293    -54     95    646
20210112170126260	  281  292    -57     94    647
20210112170126393	  282  293    -56     96    647
20210112170126493	  283  293    -54     96    647
20210112170126627	  282  293    -55     95    644
20210112170126693	  282  291    -55     92    646
20210112170126727	  282  292    -55     94    646
20210112170126894	  282  293    -55     95    646
20210112170127094	  282  293    -55     95    646
20210112170127260	  282  293    -55     95    645
20210112170127427	  282  293    -56     96    649
20210112170127527	  282  293    -55     95    644
20210112170127660	  280  293    -59     95    646
20210112170127794	  282  292    -55     94    645
20210112170127894	  280  293    -59     95    646
20210112170128027	  282  293    -55     95    646
20210112170128160	  282  293    -55     95    645
20210112170128261	  283  293    -54     96    647
20210112170128394	  281  292    -57     94    645
20210112170128527	  283  293    -54     96    647
20210112170128661	  282  293    -55     95    646
20210112170128794	  281  293    -57     95    643
20210112170128927	  283  293    -54     96    647
20210112170129061	  281  292    -57     93    643
20210112170129161	  283  293    -54     96    647
20210112170129294	  280  293    -59     95    645
20210112170129427	  282  291    -55     92    645
20210112170129528	  282  293    -55     95    646
20210112170129661	  282  293    -55     95    645
20210112170129794	  279  293    -60     95    646
20210112170129928	  282  291    -56     92    649
20210112170130061	  280  291    -59     92    647
20210112170130194	  283  293    -54     95    646
20210112170130294	  281  293    -57     95    645
20210112170130428	  282  291    -55     92    645
20210112170130561	  281  293    -57     95    645
20210112170130661	  282  293    -56     96    647
20210112170130795	  280  293    -59     95    644
20210112170130928	  280  292    -59     93    645
20210112170131061	  280  291    -59     92    646
20210112170131195	  280  293    -59     95    643
20210112170131328	  282  294    -55     97    645
20210112170131461	  288  297    -45    103    650
20210112170131561	  289  301    -43    109    644
20210112170131695	  292  303    -38    112    644
20210112170131795	  294  304    -35    114    644
20210112170131861	  294  305    -35    116    646
20210112170132062	  296  303    -31    112    643
20210112170132195	  297  302    -30    112    651
20210112170132295	  300  304    -25    115    650
20210112170132462	  299  302    -27    111    650
20210112170132595	  302  301    -22    110    655
20210112170132695	  302  304    -22    115    652
20210112170132828	  301  302    -23    112    652
20210112170132928	  301  302    -23    112    654
20210112170133062	  303  304    -20    115    653
20210112170133195	  300  302    -25    112    651
20210112170133328	  299  301    -27    110    650
20210112170133462	  298  301    -28    110    651
20210112170133562	  295  302    -33    111    650
20210112170133729	  295  301    -33    109    645
20210112170133829	  294  301    -35    109    647
20210112170133929	  293  300    -37    107    645
20210112170134062	  292  299    -38    105    643
20210112170134229	  288  298    -45    104    644
20210112170134329	  288  298    -45    104    645
20210112170134462	  286  298    -49    104    645
20210112170134595	  286  297    -48    102    643
20210112170134695	  284  295    -52     98    643
20210112170134862	  283  293    -53     95    642
20210112170134996	  283  295    -53     98    640
20210112170135096	  283  294    -53     96    642
20210112170135229	  282  292    -55     94    645
20210112170135362	  283  294    -54     97    645
20210112170135462	  283  292    -54     94    645
20210112170135596	  282  294    -55     97    643
20210112170135729	  282  294    -55     96    642
20210112170135829	  282  293    -55     95    647
20210112170135962	  282  292    -55     93    644
20210112170136129	  281  294    -57     97    645
20210112170136263	  283  292    -54     93    644
20210112170136363	  283  294    -54     97    646
20210112170136496	  282  293    -55     95    645
20210112170136629	  283  294    -54     97    645
20210112170136729	  282  293    -55     95    645
20210112170136863	  283  294    -54     97    645
20210112170136996	  283  293    -54     95    645
20210112170137096	  282  293    -55     95    644
20210112170137229	  281  293    -57     95    645
20210112170137396	  282  292    -55     94    646
20210112170137496	  282  291    -56     92    647
20210112170137630	  281  292    -57     93    644
20210112170137696	  282  293    -55     95    645
20210112170137830	  280  293    -59     95    645
20210112170138030	  282  293    -55     95    645
20210112170138130	  282  293    -55     95    645
20210112170138263	  283  293    -54     96    647
20210112170138363	  283  293    -54     96    647
20210112170138496	  281  292    -57     93    643
20210112170138663	  283  293    -54     96    647
20210112170138763	  281  292    -57     93    643
20210112170138897	  281  292    -57     94    645
20210112170139030	  282  292    -55     94    647
20210112170139130	  282  293    -55     95    643
20210112170139263	  283  293    -54     95    646
20210112170139397	  281  293    -57     95    645
20210112170139497	  282  293    -55     95    644
20210112170139630	  283  293    -54     95    646
20210112170139763	  282  293    -55     95    642
20210112170139897	  283  293    -54     95    647
20210112170140030	  281  292    -57     94    645
20210112170140164	  282  293    -55     95    643
20210112170140264	  283  293    -54     95    645
20210112170140397	  283  293    -54     95    647
20210112170140530	  279  293    -60     95    643
20210112170140630	  281  292    -57     93    644
20210112170140764	  282  292    -55     94    646
20210112170140897	  280  293    -59     95    643
20210112170141030	  280  293    -59     95    644
20210112170141164	  280  293    -59     95    646
20210112170141297	  282  293    -55     95    642
20210112170141431	  281  293    -57     95    644
20210112170141531	  283  293    -54     96    647
20210112170141664	  282  293    -55     95    643
20210112170141797	  280  293    -59     95    643
20210112170141897	  282  293    -55     95    645
20210112170142031	  281  291    -57     92    646
20210112170142164	  282  293    -55     95    645
20210112170142264	  283  293    -54     95    646
20210112170142431	  280  292    -59     93    644
20210112170142564	  283  291    -54     92    646
20210112170142698	  281  293    -57     95    642
20210112170142831	  282  291    -55     92    643
20210112170142931	  282  293    -55     95    644
20210112170143064	  280  291    -59     91    643
20210112170143198	  282  293    -55     95    645
20210112170143298	  282  291    -55     92    645
20210112170143431	  280  292    -59     93    644
20210112170143598	  282  291    -55     92    645
20210112170143698	  282  293    -55     95    645
20210112170143831	  282  293    -55     95    645
20210112170143965	  281  292    -57     93    641
20210112170144065	  282  293    -55     95    645
20210112170144198	  282  293    -55     95    644
20210112170144331	  283  293    -54     95    646
20210112170144465	  281  291    -57     92    644
20210112170144565	  280  293    -58     95    642
20210112170144698	  280  292    -59     93    644
20210112170144865	  281  291    -57     92    646
20210112170144998	  282  291    -55     92    644
20210112170145098	  282  293    -56     96    647
20210112170145231	  281  292    -57     93    642
20210112170145365	  281  291    -57     92    646
20210112170145465	  282  293    -55     95    645
20210112170145632	  284  297    -52    103    649
20210112170145732	  289  299    -44    106    649
20210112170145865	  291  300    -40    107    647
20210112170145998	  293  303    -37    112    644
20210112170146165	  295  304    -33    114    644
20210112170146298	  296  304    -32    114    645
20210112170146432	  297  303    -30    113    649
20210112170146565	  299  303    -27    113    648
20210112170146699	  301  302    -23    112    653
20210112170146832	  301  303    -23    114    653
20210112170146899	  301  303    -23    113    652
20210112170147065	  301  302    -23    112    653
20210112170147199	  302  301    -22    110    654
20210112170147365	  301  302    -23    112    654
20210112170147499	  298  301    -28    110    651
20210112170147632	  299  301    -27    110    651
20210112170147732	  297  301    -30    110    652
20210112170147799	  296  301    -32    110    651
20210112170148032	  293  301    -37    109    645
20210112170148166	  293  299    -37    105    643
20210112170148299	  292  300    -38    107    645
20210112170148432	  290  299    -42    105    644
20210112170148599	  288  297    -45    102    646
20210112170148732	  287  297    -47    102    644
20210112170148866	  285  296    -50    100    646
20210112170148999	  285  296    -50    100    644
20210112170149132	  282  294    -55     97    644
20210112170149266	  282  294    -55     97    643
20210112170149399	  280  293    -58     95    641
20210112170149533	  283  294    -54     97    646
20210112170149666	  283  294    -53     97    642
20210112170149833	  283  292    -54     94    645
20210112170149966	  281  294    -57     96    641
20210112170150099	  281  294    -57     97    645
20210112170150233	  282  294    -55     97    645
20210112170150366	  282  293    -55     95    644
20210112170150499	  282  294    -55     97    645
20210112170150666	  281  293    -57     95    644
20210112170150800	  282  293    -55     95    643
20210112170150933	  282  293    -55     95    642
20210112170151100	  279  293    -60     95    642
20210112170151233	  283  293    -54     95    645
20210112170151366	  281  293    -57     95    646
20210112170151500	  283  293    -54     95    645
20210112170151666	  281  293    -57     95    642
20210112170151800	  283  293    -54     95    646
20210112170151933	  283  293    -54     95    643
20210112170152066	  282  293    -55     95    646
20210112170152200	  281  292    -57     93    645
20210112170152367	  283  293    -54     96    647
20210112170152500	  282  291    -55     91    643
20210112170152667	  282  293    -55     95    646
20210112170152800	  283  293    -54     95    645
20210112170152933	  283  293    -54     95    644
20210112170153067	  281  292    -57     94    647
20210112170153200	  282  293    -55     95    642
20210112170153333	  282  293    -55     95    645
20210112170153400	  282  293    -55     95    645
20210112170153433	  282  291    -55     92    646
20210112170153700	  283  293    -54     95    647
20210112170153900	  281  293    -57     95    645
20210112170154067	  280  292    -59     93    645
20210112170154200	  283  293    -54     95    646
20210112170154334	  282  293    -55     95    645
20210112170154467	  282  293    -55     95    645
20210112170154634	  282  293    -55     95    642
20210112170154801	  281  292    -57     94    645
20210112170154934	  282  293    -55     95    645
20210112170155067	  282  293    -55     95    646
20210112170155201	  282  293    -55     95    645
20210112170155334	  282  291    -55     91    643
20210112170155467	  281  292    -57     93    645
20210112170155634	  282  291    -55     92    644
20210112170155767	  279  293    -60     95    643
20210112170155901	  280  293    -59     95    645
20210112170156068	  281  293    -57     95    646
20210112170156201	  281  292    -57     93    644
20210112170156334	  282  293    -55     95    646
20210112170156468	  280  293    -59     95    646
20210112170156634	  282  291    -55     92    646
20210112170156768	  281  290    -57     90    644
20210112170156834	  282  293    -55     95    644
20210112170156934	  282  293    -55     95    645
20210112170157168	  281  292    -57     93    643
20210112170157335	  282  291    -55     92    646
20210112170157501	  280  292    -59     93    645
20210112170157635	  282  293    -55     95    645
20210112170157768	  282  293    -55     95    646
20210112170157901	  281  292    -57     93    641
20210112170158035	  282  293    -55     95    646
20210112170158168	  282  293    -55     95    646
20210112170158301	  282  293    -55     95    645
20210112170158435	  282  293    -55     95    645
20210112170158635	  283  293    -54     96    647
20210112170158768	  282  291    -55     92    646
20210112170158902	  282  292    -55     94    647
20210112170159035	  280  292    -58     93    641
20210112170159168	  282  291    -55     92    645
20210112170159335	  282  291    -55     92    644
20210112170159435	  281  292    -57     93    642
20210112170159602	  282  291    -55     92    645
20210112170159735	  282  293    -55     95    645
20210112170159902	  285  296    -51    101    650
20210112170200035	  289  300    -44    107    646
20210112170200169	  292  303    -38    112    643
20210112170200302	  294  304    -35    113    642
20210112170200435	  296  303    -32    113    647
20210112170200569	  298  302    -28    111    647
20210112170200702	  296  303    -32    113    648
20210112170200869	  299  302    -27    111    648
20210112170201035	  300  301    -25    110    650
20210112170201169	  301  302    -23    112    652
20210112170201302	  302  303    -22    113    651
20210112170201436	  301  302    -23    112    653
20210112170201569	  302  302    -22    112    652
20210112170201702	  299  300    -27    108    651
20210112170201836	  299  302    -27    112    652
20210112170202002	  298  300    -28    108    650
20210112170202136	  295  300    -33    107    647
20210112170202302	  295  301    -33    109    646
20210112170202436	  292  299    -38    105    645
20210112170202569	  292  300    -38    107    643
20210112170202703	  287  299    -47    105    645
20210112170202836	  289  298    -43    104    645
20210112170203003	  286  297    -48    102    644
20210112170203136	  284  295    -52     98    643
20210112170203269	  283  294    -53     96    642
20210112170203369	  281  295    -57     98    641
20210112170203436	  282  294    -55     96    642
20210112170203603	  281  293    -57     95    644
20210112170203803	  281  294    -57     97    644
20210112170203903	  281  294    -57     97    645
20210112170204136	  282  293    -55     95    643
20210112170204270	  281  293    -57     95    644
20210112170204403	  282  293    -55     95    644
20210112170204536	  282  293    -55     95    646
20210112170204703	  282  293    -55     95    641
20210112170204870	  282  292    -55     93    645
20210112170205003	  283  293    -54     95    645
20210112170205136	  281  292    -57     93    643
20210112170205303	  282  293    -55     95    644
20210112170205437	  281  293    -57     95    645
20210112170205570	  283  293    -54     95    645
20210112170205703	  283  293    -54     95    646
20210112170205837	  282  293    -55     95    645
20210112170206003	  283  293    -54     95    645
20210112170206170	  282  291    -55     92    646
20210112170206303	  281  291    -57     91    643
20210112170206437	  283  293    -54     95    646
20210112170206570	  281  291    -57     92    645
20210112170206704	  283  293    -54     95    646
20210112170206837	  280  292    -59     93    643
20210112170206970	  281  291    -57     92    646
20210112170207104	  282  293    -55     95    646
20210112170207270	  281  292    -57     93    643
20210112170207437	  281  292    -57     93    644
20210112170207570	  282  293    -55     95    644
20210112170207704	  281  293    -57     95    643
20210112170207871	  281  293    -57     95    643
20210112170208004	  280  291    -59     92    645
20210112170208137	  281  293    -57     95    641
20210112170208271	  281  292    -57     94    645
20210112170208404	  280  291    -59     92    644
20210112170208571	  280  293    -58     95    641
20210112170208704	  280  293    -59     95    644
20210112170208837	  281  292    -57     94    645
20210112170209004	  280  293    -58     95    642
20210112170209071	  282  293    -55     95    645
20210112170209238	  283  293    -54     96    647
20210112170209404	  279  293    -60     95    642
20210112170209538	  283  293    -54     96    647
20210112170209671	  282  293    -55     95    646
20210112170209838	  281  292    -57     93    642
20210112170210004	  281  292    -57     93    641
20210112170210138	  282  291    -55     92    645
20210112170210271	  282  293    -55     95    647
20210112170210405	  282  291    -55     92    646
20210112170210538	  282  291    -55     92    644
20210112170210671	  283  293    -54     95    646
20210112170210805	  280  291    -59     92    643
20210112170211005	  282  293    -55     95    646
20210112170211138	  282  293    -55     95    645
20210112170211271	  281  292    -57     94    645
20210112170211405	  282  293    -55     95    644
20210112170211538	  281  291    -57     92    647
20210112170211672	  282  293    -55     95    645
20210112170211805	  282  293    -55     95    644
20210112170211972	  282  293    -55     95    647
20210112170212105	  283  293    -54     95    646
20210112170212138	  283  293    -54     95    647
20210112170212372	  280  292    -58     93    642
20210112170212538	  282  291    -55     92    646
20210112170212672	  281  291    -57     92    646
20210112170212838	  282  291    -56     92    647
20210112170212972	  282  292    -55     93    645
20210112170213105	  281  293    -57     95    645
20210112170213239	  282  291    -55     92    646
20210112170213372	  280  293    -59     95    643
20210112170213539	  281  292    -57     93    643
20210112170213672	  282  292    -55     93    644
20210112170213805	  282  291    -55     92    646
20210112170213972	  282  292    -55     94    646
20210112170214105	  280  295    -59     99    645
20210112170214139	  282  296    -56    101    647
20210112170214372	  289  301    -43    108    642
20210112170214506	  293  304    -37    114    643
20210112170214639	  294  304    -35    114    643
20210112170214839	  297  304    -30    114    645
20210112170214972	  296  303    -32    113    649
20210112170215106	  299  302    -27    111    649
20210112170215172	  298  302    -28    111    648
20210112170215372	  301  302    -23    112    653
20210112170215506	  302  303    -22    113    651
20210112170215639	  300  302    -25    112    652
20210112170215806	  302  303    -22    114    655
20210112170215973	  300  302    -25    112    652
20210112170216106	  297  301    -30    110    651
20210112170216239	  297  302    -30    111    650
20210112170216373	  296  301    -32    109    648
20210112170216506	  294  301    -35    109    647
20210112170216639	  294  300    -35    107    644
20210112170216773	  292  298    -38    104    645
20210112170216939	  290  299    -42    105    644
20210112170217073	  286  298    -48    104    644
20210112170217240	  287  297    -47    102    643
20210112170217373	  285  297    -50    102    645
20210112170217506	  284  295    -52     98    642
20210112170217640	  282  292    -55     93    641
20210112170217773	  282  294    -55     97    643
20210112170217940	  282  294    -55     97    643
20210112170218073	  283  292    -54     93    645
20210112170218206	  283  294    -54     97    645
20210112170218340	  282  292    -55     94    647
20210112170218507	  282  293    -55     95    645
20210112170218640	  282  294    -55     97    646
20210112170218773	  282  292    -55     93    644
20210112170218940	  282  293    -55     95    646
20210112170219073	  283  293    -54     95    645
20210112170219207	  283  293    -54     95    646
20210112170219340	  282  293    -55     95    645
20210112170219473	  283  293    -54     95    645
20210112170219607	  281  292    -57     94    645
20210112170219773	  283  293    -54     95    645
20210112170219940	  283  293    -54     95    647
20210112170220074	  282  293    -55     95    643
20210112170220207	  282  293    -55     95    645
20210112170220340	  281  294    -57     97    646
20210112170220474	  281  292    -57     94    645
20210112170220607	  280  292    -59     93    643
20210112170220740	  282  293    -55     95    645
20210112170220907	  283  293    -54     95    646
20210112170221074	  280  291    -59     92    646
20210112170221207	  281  293    -57     95    644
20210112170221341	  281  292    -57     93    644
20210112170221474	  281  293    -57     95    644
20210112170221607	  280  293    -59     95    646
20210112170221774	  282  293    -55     95    643
20210112170221841	  283  293    -54     96    649
20210112170222007	  281  292    -57     93    641
20210112170222107	  283  294    -54     97    647
20210112170222341	  280  291    -59     92    644
20210112170222474	  281  293    -57     95    646
20210112170222608	  281  292    -57     93    645
20210112170222741	  282  292    -56     94    647
20210112170222908	  281  292    -57     94    645
20210112170223041	  282  292    -55     94    647
20210112170223174	  282  293    -55     95    645
20210112170223274	  280  292    -59     94    645
20210112170223474	  281  293    -57     95    646
20210112170223608	  282  293    -55     95    646
20210112170223741	  281  292    -57     94    647
20210112170223908	  283  293    -54     95    647
20210112170224041	  282  291    -55     92    646
20210112170224175	  281  292    -57     93    644
20210112170224308	  282  291    -55     92    644
20210112170224441	  281  292    -57     93    645
20210112170224608	  282  293    -55     95    646
20210112170224775	  282  293    -55     95    646
20210112170224908	  282  293    -55     95    644
20210112170225042	  281  291    -57     92    646
20210112170225175	  281  292    -57     93    645
20210112170225308	  281  292    -57     94    645
20210112170225475	  281  292    -57     93    643
20210112170225608	  282  291    -55     92    644
20210112170225742	  282  291    -55     92    646
20210112170225942	  282  291    -55     92    646
20210112170226075	  280  291    -59     92    645
20210112170226208	  281  292    -57     93    644
20210112170226342	  281  292    -57     94    647
20210112170226475	  278  292    -62     94    647
20210112170226609	  281  293    -57     95    647
20210112170226775	  281  291    -57     92    647
20210112170226842	  281  293    -57     95    645
20210112170226909	  282  293    -55     95    646
20210112170227009	  282  291    -56     92    647
20210112170227075	  282  291    -55     92    646
20210112170227342	  282  291    -55     92    647
20210112170227609	  280  293    -59     95    643
20210112170227776	  282  291    -55     92    646
20210112170227909	  281  292    -57     93    644
20210112170228042	  281  290    -57     90    644
20210112170228209	  282  291    -55     92    646
20210112170228342	  284  297    -52    103    648
20210112170228542	  290  301    -42    109    646
20210112170228676	  294  304    -35    114    647
20210112170228809	  295  304    -33    114    645
20210112170228943	  293  303    -37    112    643
20210112170229109	  297  303    -30    113    648
20210112170229243	  296  302    -32    111    649
20210112170229376	  300  302    -25    111    651
20210112170229543	  302  303    -22    114    654
20210112170229743	  301  303    -23    113    652
20210112170229876	  302  303    -22    113    651
20210112170230043	  301  302    -23    111    650
20210112170230176	  300  302    -25    111    650
20210112170230343	  298  302    -28    111    648
20210112170230476	  298  302    -28    111    650
20210112170230643	  296  301    -32    109    647
20210112170230776	  294  300    -35    107    643
20210112170230976	  291  299    -40    105    644
20210112170231110	  290  298    -42    103    642
20210112170231276	  288  297    -45    102    644
20210112170231376	  288  296    -45    100    646
20210112170231577	  285  296    -50    100    642
20210112170231710	  283  294    -53     96    641
20210112170231877	  281  293    -57     95    640
20210112170232043	  281  293    -57     95    641
20210112170232210	  284  294    -52     97    645
20210112170232343	  281  293    -57     95    642
20210112170232510	  282  293    -55     95    644
20210112170232677	  279  293    -60     95    640
20210112170232810	  284  294    -52     97    646
20210112170232977	  282  293    -55     95    642
20210112170233110	  283  291    -54     92    646
20210112170233277	  282  293    -55     95    646
20210112170233477	  283  293    -54     95    646
20210112170233610	  282  291    -56     92    647
20210112170233710	  281  292    -57     93    642
20210112170233777	  280  291    -59     92    644
20210112170233944	  282  293    -55     95    645
20210112170234177	  282  291    -55     92    647
20210112170234377	  283  293    -54     95    646
20210112170234544	  282  291    -55     92    646
20210112170234711	  281  292    -57     94    645
20210112170234877	  282  293    -55     95    645
20210112170235044	  280  293    -59     95    643
20210112170235144	  282  293    -55     95    644
20210112170235344	  281  292    -57     93    643
20210112170235511	  282  293    -55     95    646
20210112170235644	  280  292    -59     93    644
20210112170235811	  282  291    -55     92    644
20210112170235978	  283  293    -54     96    647
20210112170236144	  280  293    -59     95    645
20210112170236278	  283  293    -54     95    646
20210112170236444	  281  293    -57     95    644
20210112170236611	  282  293    -55     95    646
20210112170236744	  281  292    -57     93    644
20210112170236911	  280  291    -59     92    644
20210112170237078	  282  293    -55     95    644
20210112170237245	  280  293    -59     95    643
20210112170237411	  282  291    -55     92    643
20210112170237545	  282  291    -55     92    643
20210112170237711	  282  293    -55     95    646
20210112170237845	  282  293    -55     95    646
20210112170237978	  282  293    -55     95    644
20210112170238145	  280  293    -59     95    643
20210112170238312	  282  293    -55     95    645
20210112170238445	  279  292    -60     93    642
20210112170238645	  280  293    -59     95    643
20210112170238812	  282  293    -55     95    645
20210112170238945	  279  291    -61     92    646
20210112170239112	  281  292    -57     94    645
20210112170239245	  280  291    -59     92    645
20210112170239412	  282  291    -55     92    646
20210112170239545	  280  291    -59     91    643
20210112170239645	  281  292    -57     93    642
20210112170239845	  280  291    -59     92    646
20210112170240045	  281  292    -57     93    644
20210112170240212	  282  291    -55     92    645
20210112170240379	  280  292    -59     93    644
20210112170240512	  279  292    -60     93    644
20210112170240679	  279  292    -60     93    643
20210112170240812	  279  292    -60     93    644
20210112170241012	  281  293    -57     95    645
20210112170241179	  279  292    -60     93    645
20210112170241312	  282  292    -55     93    643
20210112170241479	  280  292    -59     93    643
20210112170241612	  281  291    -57     92    645
20210112170241779	  282  291    -55     92    645
20210112170241946	  281  292    -57     93    643
20210112170242079	  282  293    -56     96    647
20210112170242279	  281  293    -57     95    646
20210112170242413	  279  292    -60     93    645
20210112170242579	  283  293    -54     96    648
20210112170242746	  288  299    -45    106    646
20210112170242879	  291  302    -40    110    643
20210112170243046	  294  305    -35    115    643
20210112170243213	  295  303    -33    112    646
20210112170243379	  297  303    -30    113    647
20210112170243546	  297  303    -30    113    649
20210112170243679	  301  303    -23    113    649
20210112170243846	  298  302    -29    113    657
20210112170243980	  301  303    -23    113    651
20210112170244146	  300  302    -25    112    656
20210112170244313	  302  303    -22    113    652
20210112170244446	  299  303    -27    113    652
20210112170244646	  297  302    -30    111    649
20210112170244780	  298  302    -28    112    651
20210112170244946	  294  301    -35    110    650
20210112170245113	  292  299    -38    105    645
20210112170245247	  290  299    -42    106    647
20210112170245380	  289  298    -43    104    645
20210112170245580	  287  297    -47    102    646
20210112170245713	  286  295    -49     99    648
20210112170245880	  284  295    -52     98    643
20210112170246047	  283  295    -53     98    643
20210112170246213	  282  294    -55     96    640
20210112170246380	  283  294    -54     97    644
20210112170246514	  282  293    -55     95    645
20210112170246680	  282  293    -55     95    645
20210112170246814	  283  292    -54     94    646
20210112170246980	  281  293    -57     95    643
20210112170247180	  282  293    -55     95    646
20210112170247314	  282  291    -55     92    645
20210112170247480	  282  293    -55     95    645
20210112170247614	  283  293    -54     95    646
20210112170247781	  282  293    -55     95    643
20210112170247947	  281  292    -57     94    646
20210112170248081	  281  291    -57     91    642
20210112170248247	  282  293    -55     95    645
20210112170248414	  282  293    -55     95    643
20210112170248581	  281  293    -57     95    644
20210112170248747	  282  293    -55     95    645
20210112170248881	  281  293    -57     95    645
20210112170249048	  281  292    -57     94    645
20210112170249181	  281  292    -57     93    644
20210112170249348	  281  292    -57     93    642
20210112170249514	  282  293    -55     95    645
20210112170249681	  282  292    -55     94    646
20210112170249848	  282  293    -55     95    645
20210112170249981	  282  292    -55     94    646
20210112170250148	  284  293    -52     96    647
20210112170250315	  282  293    -55     95    645
20210112170250448	  282  291    -55     92    646
20210112170250615	  282  291    -55     91    642
20210112170250748	  282  291    -55     92    647
20210112170250948	  282  291    -55     92    645
20210112170251115	  282  291    -55     92    643
20210112170251248	  283  292    -54     94    647
20210112170251415	  281  292    -57     93    642
20210112170251548	  282  293    -55     95    646
20210112170251715	  281  292    -57     93    642
20210112170251882	  280  292    -59     93    644
20210112170252015	  282  291    -55     92    644
20210112170252215	  280  291    -59     92    646
20210112170252382	  282  293    -55     95    646
20210112170252515	  282  291    -55     92    645
20210112170252682	  281  292    -57     93    645
20210112170252815	  283  291    -54     92    647
20210112170252982	  281  292    -57     94    647
20210112170253149	  280  291    -59     92    645
20210112170253249	  282  293    -55     95    645
20210112170253482	  282  292    -55     93    644
20210112170253649	  282  292    -55     94    645
20210112170253782	  281  292    -57     94    645
20210112170253949	  282  291    -55     92    646
20210112170254082	  282  293    -55     95    645
20210112170254249	  282  291    -55     92    646
20210112170254416	  282  293    -55     95    646
20210112170254582	  282  291    -55     92    647
20210112170254749	  281  291    -57     92    645
20210112170254882	  281  291    -57     92    645
20210112170255049	  282  293    -55     95    644
20210112170255216	  279  292    -60     93    645
20210112170255349	  281  293    -57     95    645
20210112170255516	  279  292    -60     93    643
20210112170255649	  282  292    -55     93    642
20210112170255849	  279  292    -60     93    644
20210112170256016	  282  292    -55     93    643
20210112170256149	  282  292    -56     94    647
20210112170256316	  282  293    -55     95    646
20210112170256450	  280  291    -59     92    645
20210112170256616	  281  291    -57     92    645
20210112170256783	  281  294    -57     97    643
20210112170256883	  286  298    -49    104    648
20210112170257116	  289  301    -43    109    644
20210112170257250	  293  304    -37    114    646
20210112170257416	  296  303    -32    112    644
20210112170257583	  296  304    -32    115    649
20210112170257750	  297  303    -30    113    649
20210112170257883	  298  302    -28    111    649
20210112170258050	  301  303    -23    114    654
20210112170258183	  300  303    -25    114    655
20210112170258383	  301  303    -23    114    653
20210112170258550	  301  302    -23    112    654
20210112170258683	  301  302    -23    112    654
20210112170258850	  302  304    -22    116    654
20210112170258983	  302  303    -22    114    654
20210112170259150	  301  302    -23    112    654
20210112170259317	  301  302    -23    112    652
20210112170259450	  302  302    -22    112    656
20210112170259650	  302  303    -22    114    653
20210112170259817	  302  302    -22    112    653
20210112170259950	  302  303    -22    114    653
20210112170300117	  303  303    -20    113    652
20210112170300250	  303  303    -20    114    652
20210112170300417	  301  303    -23    113    650
20210112170300550	  303  303    -20    113    652
20210112170300717	  302  302    -22    112    651
20210112170300917	  301  303    -23    113    652
20210112170301051	  304  303    -18    114    655
20210112170301217	  303  303    -20    114    656
20210112170301384	  303  303    -20    114    653
20210112170301517	  303  303    -20    114    655
20210112170301684	  302  303    -22    114    653
20210112170301817	  302  303    -22    114    654
20210112170301984	  303  304    -20    115    653
20210112170302184	  303  303    -20    114    653
20210112170302318	  304  304    -18    116    655
20210112170302484	  303  303    -20    113    651
20210112170302618	  302  302    -22    112    655
20210112170302784	  303  304    -20    115    653
20210112170302918	  303  302    -20    112    655
20210112170303018	  304  304    -18    116    655
20210112170303184	  302  303    -22    114    653
20210112170303418	  303  303    -20    114    653
20210112170303585	  303  303    -20    114    653
20210112170303751	  302  303    -22    114    653
20210112170303885	  302  303    -22    114    655
20210112170304018	  302  302    -22    112    655
20210112170304151	  303  302    -20    112    652
20210112170304351	  304  302    -18    112    653
20210112170304551	  302  302    -22    112    653
20210112170304685	  304  302    -18    112    655
20210112170304852	  303  303    -20    114    654
20210112170305018	  303  303    -20    114    655
20210112170305152	  303  301    -20    111    655
20210112170305318	  302  302    -22    112    651
20210112170305452	  304  304    -18    116    655
20210112170305618	  304  303    -18    114    655
20210112170305818	  301  304    -23    115    653
20210112170305952	  304  303    -18    114    655
20210112170306119	  302  303    -22    114    653
20210112170306285	  304  303    -18    114    655
20210112170306419	  304  304    -18    115    652
20210112170306585	  303  303    -20    114    654
20210112170306752	  303  301    -20    110    653
20210112170306885	  304  304    -18    116    655
20210112170307085	  303  303    -20    114    653
20210112170307252	  303  301    -20    110    654
20210112170307419	  303  303    -20    113    652
20210112170307552	  303  302    -20    112    653
20210112170307719	  305  304    -16    115    652
20210112170307852	  303  303    -20    114    653
20210112170308019	  304  304    -18    115    653
20210112170308186	  304  304    -18    115    653
20210112170308352	  304  304    -18    115    654
20210112170308519	  304  304    -18    115    653
20210112170308686	  304  304    -18    115    653
20210112170308819	  303  301    -20    110    654
20210112170308986	  303  303    -20    113    652
20210112170309119	  304  304    -18    115    652
20210112170309219	  304  304    -18    115    653
20210112170309319	  303  303    -20    114    653
20210112170309386	  304  304    -18    115    652
20210112170309453	  303  303    -20    113    652
20210112170309586	  303  303    -20    114    653
20210112170309753	  303  303    -20    114    653
20210112170309853	  303  303    -20    113    652
20210112170309953	  304  304    -18    115    652
20210112170309986	  303  303    -20    114    654
20210112170310086	  304  303    -18    113    652
20210112170310153	  303  303    -20    113    652
20210112170310253	  302  303    -22    113    652
20210112170310320	  303  302    -20    112    652
20210112170310353	  303  303    -20    113    652
20210112170310386	  303  301    -20    110    653
20210112170310386	  304  304    -18    115    652
