20210112170000427	  274  262    -68     42    637
20210112170000492	  275  261    -66     40    637
20210112170000591	  274  262    -68     42    636
20210112170000656	  274  262    -68     42    636
20210112170000689	  274  262    -68     42    637
20210112170000722	  274  262    -68     42    636
20210112170000822	  274  262    -68     42    636
20210112170000855	  275  263    -66     44    636
20210112170000888	  274  262    -68     42    636
20210112170000954	  274  262    -68     42    637
20210112170000987	  274  262    -68     42    636
20210112170001020	  274  262    -68     42    636
20210112170001053	  275  262    -66     42    637
20210112170001086	  274  262    -68     42    637
20210112170001153	  273  262    -70     42    637
20210112170001186	  274  262    -68     42    636
20210112170001252	  274  263    -68     44    637
20210112170001352	  275  262    -66     42    637
20210112170001385	  275  262    -66     42    637
20210112170001451	  275  263    -66     44    637
20210112170001484	  275  262    -66     42    636
20210112170001551	  275  262    -66     42    637
20210112170001584	  275  262    -67     42    638
20210112170001617	  275  262    -66     42    637
20210112170001684	  275  263    -66     44    637
20210112170001750	  275  263    -66     44    637
20210112170001783	  275  263    -66     44    637
20210112170001816	  275  261    -66     40    637
20210112170001849	  275  262    -66     42    637
20210112170001883	  274  262    -68     42    637
20210112170001916	  275  263    -66     44    637
20210112170001949	  275  263    -66     44    637
20210112170001982	  274  262    -68     42    637
20210112170002015	  274  262    -68     42    636
20210112170002115	  275  263    -66     44    637
20210112170002115	  274  262    -68     42    636
20210112170002115	  275  263    -66     44    637
20210112170002214	  275  263    -66     44    637
20210112170002247	  274  262    -68     42    637
20210112170002280	  274  262    -68     42    637
20210112170002313	  275  261    -66     40    637
20210112170002346	  274  262    -68     42    637
20210112170002379	  275  261    -66     40    636
20210112170002379	  275  262    -66     42    636
20210112170002379	  275  261    -66     40    636
20210112170002379	  275  261    -66     40    636
20210112170002379	  275  262    -66     42    636
20210112170002577	  275  262    -66     42    637
20210112170002678	  275  262    -66     42    637
20210112170002711	  274  263    -68     44    636
20210112170002778	  275  262    -66     42    637
20210112170002811	  275  262    -66     42    637
20210112170002844	  275  262    -66     42    636
20210112170002911	  275  262    -66     42    636
20210112170002944	  275  262    -66     42    636
20210112170002978	  275  262    -66     42    636
20210112170003045	  275  262    -66     42    637
20210112170003078	  275  262    -66     42    637
20210112170003111	  275  262    -66     42    637
20210112170003145	  275  262    -66     42    637
20210112170003178	  273  262    -70     42    637
20210112170003278	  275  262    -66     42    636
20210112170003311	  275  262    -66     42    636
20210112170003378	  273  262    -70     42    636
20210112170003411	  274  263    -68     44    637
20210112170003444	  275  262    -66     42    637
20210112170003511	  275  262    -66     42    636
20210112170003544	  275  262    -66     42    637
20210112170003578	  275  262    -66     42    636
20210112170003611	  274  263    -68     44    637
20210112170003711	  275  262    -66     42    637
20210112170003744	  275  262    -66     42    637
20210112170003811	  275  262    -66     42    636
20210112170003844	  275  262    -66     42    636
20210112170003877	  275  262    -66     42    637
20210112170003910	  274  262    -68     42    637
20210112170003977	  275  262    -66     42    637
20210112170004010	  273  262    -70     42    637
20210112170004077	  275  262    -66     42    637
20210112170004110	  275  262    -66     42    636
20210112170004143	  275  262    -66     42    637
20210112170004176	  275  262    -66     42    636
20210112170004243	  275  262    -66     42    637
20210112170004276	  275  262    -66     42    636
20210112170004309	  275  262    -66     42    637
20210112170004409	  273  262    -70     42    637
20210112170004442	  275  262    -66     42    636
20210112170004508	  275  262    -66     42    637
20210112170004541	  275  262    -66     42    636
20210112170004608	  275  262    -66     42    637
20210112170004641	  275  262    -66     42    636
20210112170004675	  275  262    -66     42    636
20210112170004741	  275  262    -66     42    637
20210112170004808	  275  262    -66     42    637
20210112170004841	  275  262    -66     42    637
20210112170004874	  275  262    -66     42    637
20210112170004908	  273  262    -70     42    637
20210112170004974	  275  262    -66     42    637
20210112170005041	  275  262    -66     42    637
20210112170005074	  273  262    -70     42    637
20210112170005207	  275  262    -66     42    637
20210112170005240	  275  262    -66     42    637
20210112170005274	  275  262    -66     42    637
20210112170005407	  274  263    -68     44    637
20210112170005440	  273  262    -70     42    637
20210112170005507	  275  262    -66     42    637
20210112170005573	  275  262    -66     42    637
20210112170005673	  275  262    -66     42    637
20210112170005706	  275  262    -66     42    637
20210112170005706	  275  262    -66     42    637
20210112170005773	  275  262    -66     42    637
20210112170005840	  275  262    -66     42    637
20210112170005873	  275  262    -66     42    637
20210112170005906	  275  262    -66     42    637
20210112170005973	  275  262    -66     42    637
20210112170006073	  275  262    -66     42    637
20210112170006106	  275  262    -66     42    637
20210112170006140	  273  262    -70     42    637
20210112170006240	  273  263    -70     44    637
20210112170006340	  275  262    -66     42    637
20210112170006373	  274  263    -68     44    637
20210112170006440	  275  262    -66     42    637
20210112170006473	  275  262    -66     42    636
20210112170006473	  275  262    -66     42    637
20210112170006540	  275  262    -66     42    637
20210112170006573	  275  262    -66     42    637
20210112170006607	  275  262    -66     42    637
20210112170006673	  275  262    -66     42    637
20210112170006707	  275  262    -66     42    637
20210112170006740	  275  262    -66     42    637
20210112170006773	  275  262    -66     42    637
20210112170006840	  275  262    -66     42    637
20210112170006873	  274  263    -68     44    637
20210112170006973	  275  262    -66     42    637
20210112170007007	  275  262    -66     42    637
20210112170007073	  275  262    -66     42    637
20210112170007140	  275  262    -66     42    637
20210112170007240	  275  262    -66     42    637
20210112170007240	  275  262    -66     42    637
20210112170007307	  274  263    -68     44    637
20210112170007340	  275  262    -66     42    637
20210112170007440	  275  262    -66     42    637
20210112170007473	  275  262    -66     42    637
20210112170007540	  275  262    -66     42    637
20210112170007640	  275  262    -66     42    637
20210112170007707	  275  262    -66     42    637
20210112170007774	  274  263    -68     44    636
20210112170007807	  273  263    -70     43    635
20210112170007840	  273  262    -70     42    635
20210112170007874	  272  263    -71     43    635
20210112170007907	  273  262    -70     42    634
20210112170007974	  272  263    -71     43    634
20210112170008074	  271  262    -73     42    635
20210112170008107	  270  262    -74     42    634
20210112170008140	  270  262    -74     42    634
20210112170008240	  269  261    -76     40    633
20210112170008307	  269  261    -76     40    632
20210112170008374	  268  262    -78     42    633
20210112170008407	  267  261    -79     40    632
20210112170008407	  267  261    -79     40    632
20210112170008507	  265  261    -82     40    632
20210112170008540	  265  261    -82     40    632
20210112170008574	  265  261    -82     40    632
20210112170008607	  263  261    -86     40    632
20210112170008674	  263  260    -86     38    630
20210112170008707	  264  260    -84     38    630
20210112170008740	  262  261    -87     40    630
20210112170008807	  262  260    -87     38    630
20210112170008840	  261  260    -89     38    629
20210112170008874	  261  259    -89     36    629
20210112170008940	  260  259    -90     36    627
20210112170009007	  260  257    -90     33    627
20210112170009007	  259  258    -92     35    627
20210112170009007	  257  259    -95     36    627
20210112170009107	  258  259    -93     36    627
20210112170009140	  258  258    -93     35    625
20210112170009174	  258  258    -93     34    624
20210112170009174	  257  258    -95     34    624
20210112170009240	  256  257    -96     33    624
20210112170009274	  256  257    -96     33    624
20210112170009307	  255  256    -98     31    624
20210112170009307	  256  256    -96     31    625
20210112170009407	  255  257    -98     33    624
20210112170009441	  254  256    -99     31    624
20210112170009441	  254  256    -99     31    624
20210112170009541	  254  255    -99     29    624
20210112170009607	  253  255   -101     29    623
20210112170009674	  253  255   -101     29    623
20210112170009774	  252  255   -103     30    625
20210112170009841	  253  256   -101     31    626
20210112170009907	  253  255   -101     29    624
20210112170009941	  253  254   -101     28    624
20210112170010041	  253  255   -101     30    625
20210112170010107	  253  255   -101     30    626
20210112170010207	  253  255   -101     30    626
20210112170010241	  254  255   -100     30    627
20210112170010307	  253  255   -102     30    627
20210112170010374	  252  255   -103     30    625
20210112170010441	  252  254   -103     28    625
20210112170010541	  252  255   -103     30    627
20210112170010574	  253  255   -102     30    628
20210112170010674	  253  253   -102     26    626
20210112170010774	  252  254   -103     28    625
20210112170010874	  253  253   -102     26    627
20210112170010941	  252  254   -103     28    626
20210112170011008	  253  255   -102     30    627
20210112170011041	  253  254   -102     28    626
20210112170011074	  252  254   -103     28    626
20210112170011108	  252  253   -103     26    627
20210112170011141	  252  254   -103     28    626
20210112170011174	  252  254   -103     28    627
20210112170011241	  252  254   -103     28    626
20210112170011274	  253  254   -102     28    627
20210112170011308	  253  253   -102     26    627
20210112170011308	  252  254   -103     28    626
20210112170011441	  252  254   -103     28    625
20210112170011474	  252  254   -103     28    626
20210112170011541	  254  253   -100     26    628
20210112170011574	  252  254   -103     28    627
20210112170011608	  253  254   -102     28    627
20210112170011641	  251  254   -105     28    626
20210112170011674	  250  253   -106     26    625
20210112170011708	  252  252   -103     25    626
20210112170011741	  252  254   -103     28    625
20210112170011808	  253  253   -102     26    627
20210112170011841	  252  254   -103     28    626
20210112170011875	  252  254   -103     28    626
20210112170011908	  252  254   -103     28    626
20210112170011941	  252  254   -103     28    626
20210112170011975	  252  254   -103     28    627
20210112170012041	  252  254   -103     28    626
20210112170012075	  252  254   -103     28    626
20210112170012108	  252  254   -103     28    626
20210112170012175	  252  254   -103     28    627
20210112170012208	  252  254   -103     28    626
20210112170012241	  251  253   -105     26    627
20210112170012275	  252  254   -103     28    628
20210112170012308	  252  254   -103     28    627
20210112170012341	  251  253   -105     26    627
20210112170012375	  250  254   -106     28    625
20210112170012441	  251  254   -105     28    625
20210112170012475	  252  254   -103     28    626
20210112170012541	  252  254   -103     28    627
20210112170012575	  251  254   -105     28    627
20210112170012575	  251  253   -105     26    627
20210112170012708	  253  254   -102     28    627
20210112170012741	  252  254   -103     28    626
20210112170012741	  251  253   -105     26    626
20210112170012808	  251  253   -105     26    626
20210112170012875	  251  254   -105     28    628
20210112170012908	  252  254   -103     28    628
20210112170012942	  252  254   -103     28    626
20210112170012975	  252  254   -103     28    627
20210112170013008	  252  254   -103     28    627
20210112170013042	  251  253   -105     26    627
20210112170013075	  252  254   -103     28    628
20210112170013142	  251  254   -105     28    629
20210112170013175	  252  254   -103     28    628
20210112170013242	  251  253   -105     26    627
20210112170013308	  251  253   -105     26    627
20210112170013342	  251  253   -105     26    627
20210112170013375	  251  254   -105     28    628
20210112170013408	  251  254   -105     28    628
20210112170013442	  251  253   -105     26    628
20210112170013542	  250  254   -107     28    627
20210112170013575	  252  254   -103     28    628
20210112170013608	  251  254   -105     28    628
20210112170013675	  250  253   -107     26    628
20210112170013708	  250  253   -107     26    627
20210112170013742	  252  253   -103     26    627
20210112170013775	  251  253   -105     26    627
20210112170013808	  252  253   -103     26    628
20210112170013842	  251  253   -105     26    627
20210112170013908	  251  253   -105     26    628
20210112170013975	  251  254   -105     28    629
20210112170014042	  250  254   -107     28    628
20210112170014075	  251  253   -105     26    627
20210112170014108	  251  253   -105     26    626
20210112170014142	  251  253   -105     26    627
20210112170014175	  252  253   -103     26    628
20210112170014209	  251  253   -105     26    629
20210112170014275	  252  255   -104     30    629
20210112170014309	  252  254   -104     28    629
20210112170014342	  252  252   -103     25    628
20210112170014375	  251  253   -105     26    627
20210112170014442	  251  253   -105     26    626
20210112170014509	  252  253   -103     26    628
20210112170014542	  252  253   -103     26    628
20210112170014575	  250  253   -107     26    628
20210112170014609	  251  253   -105     26    628
20210112170014609	  251  253   -105     26    628
20210112170014709	  252  253   -103     26    628
20210112170014742	  251  254   -105     28    627
20210112170014775	  251  253   -105     26    627
20210112170014809	  251  253   -105     26    628
20210112170014842	  251  253   -105     26    627
20210112170014909	  252  252   -103     25    628
20210112170015009	  252  252   -103     25    628
20210112170015275	  251  253   -105     26    626
20210112170015542	  252  252   -103     25    627
20210112170015776	  251  253   -105     26    627
20210112170016042	  251  253   -105     26    628
20210112170016176	  252  253   -103     26    627
20210112170016309	  251  253   -105     26    628
20210112170016576	  250  254   -107     28    629
20210112170016742	  250  252   -107     25    628
20210112170016976	  251  253   -105     26    628
20210112170017143	  251  253   -105     26    629
20210112170017409	  249  252   -108     25    627
20210112170017543	  252  253   -104     26    629
20210112170017776	  250  254   -107     28    628
20210112170017943	  250  253   -107     26    628
20210112170018176	  250  251   -107     23    628
20210112170018410	  250  253   -107     26    628
20210112170018676	  252  253   -104     26    629
20210112170018943	  251  253   -105     26    628
20210112170019176	  251  253   -105     26    628
20210112170019410	  248  253   -110     26    628
20210112170019676	  250  252   -107     25    627
20210112170019910	  251  253   -105     26    628
20210112170020143	  249  252   -108     25    627
20210112170020410	  257  260    -95     38    627
20210112170020643	  264  265    -84     46    630
20210112170020910	  266  264    -81     45    630
20210112170021144	  269  263    -76     43    632
20210112170021410	  274  263    -68     43    635
20210112170021644	  272  262    -71     42    635
20210112170021944	  272  262    -71     42    635
20210112170022177	  270  263    -74     43    632
20210112170022244	  268  262    -78     42    632
20210112170022244	  268  262    -78     42    632
20210112170022444	  266  261    -81     40    632
20210112170022744	  264  260    -84     38    631
20210112170022944	  261  259    -89     36    628
20210112170023011	  259  259    -92     36    628
20210112170023077	  260  258    -90     35    628
20210112170023311	  255  258    -98     34    625
20210112170023544	  255  256    -98     31    626
20210112170023744	  251  254   -105     28    624
20210112170023944	  251  254   -105     28    625
20210112170024111	  250  255   -107     30    627
20210112170024178	  251  254   -105     28    628
20210112170024278	  251  253   -105     26    625
20210112170024378	  252  253   -103     26    626
20210112170024411	  250  254   -107     28    626
20210112170024678	  252  253   -103     26    627
20210112170024811	  251  254   -105     28    627
20210112170025011	  249  254   -108     28    626
20210112170025245	  251  253   -105     26    627
20210112170025311	  252  254   -103     28    628
20210112170025378	  251  253   -105     26    627
20210112170025445	  252  253   -103     26    627
20210112170025511	  252  253   -104     26    629
20210112170025611	  250  254   -106     28    626
20210112170025711	  251  253   -105     26    628
20210112170025945	  251  253   -105     26    627
20210112170025978	  250  253   -107     26    627
20210112170026012	  250  253   -106     26    626
20210112170026045	  251  253   -105     26    627
20210112170026078	  250  253   -107     26    628
20210112170026378	  252  253   -104     26    629
20210112170026645	  250  252   -107     25    627
20210112170026912	  251  253   -105     26    628
20210112170027145	  251  253   -105     26    627
20210112170027412	  250  252   -107     25    627
20210112170027712	  251  254   -105     28    629
20210112170027979	  250  253   -107     26    628
20210112170028279	  250  253   -107     26    628
20210112170028545	  251  253   -105     26    628
20210112170028746	  250  252   -107     25    629
20210112170029046	  250  253   -107     26    629
20210112170029346	  251  253   -105     26    629
20210112170029612	  249  253   -108     26    628
20210112170029913	  249  253   -108     26    628
20210112170030179	  250  252   -107     25    630
20210112170030446	  250  253   -107     26    629
20210112170030713	  251  253   -105     26    630
20210112170030946	  251  253   -105     26    629
20210112170031246	  251  253   -105     26    629
20210112170031546	  249  252   -108     25    628
20210112170031813	  250  252   -107     25    628
20210112170031980	  252  254   -104     28    631
20210112170032246	  251  253   -105     26    630
20210112170032513	  250  253   -107     26    629
20210112170032847	  250  254   -107     28    630
20210112170033113	  251  252   -105     25    629
20210112170033313	  251  252   -105     25    629
20210112170033580	  251  251   -105     23    629
20210112170033847	  251  253   -105     26    628
20210112170034147	  251  252   -105     25    628
20210112170034447	  254  257   -100     33    628
20210112170034714	  260  263    -90     43    629
20210112170035014	  265  263    -82     43    629
20210112170035314	  268  263    -78     43    632
20210112170035614	  272  262    -71     42    635
20210112170035914	  273  263    -70     44    636
20210112170036181	  271  262    -73     42    636
20210112170036514	  269  262    -76     42    633
20210112170036781	  265  260    -82     38    629
20210112170037081	  261  260    -89     38    629
20210112170037381	  258  258    -93     35    627
20210112170037681	  254  256   -100     31    625
20210112170037981	  251  254   -104     28    624
20210112170038248	  250  253   -106     26    626
20210112170038548	  252  253   -103     26    627
20210112170038848	  251  253   -105     26    627
20210112170039148	  251  253   -105     26    627
20210112170039415	  251  253   -105     26    627
20210112170039682	  251  253   -105     26    628
20210112170039915	  251  253   -105     26    627
20210112170040015	  250  252   -107     25    628
20210112170040382	  251  253   -105     26    629
20210112170040649	  250  253   -107     26    629
20210112170040949	  250  254   -107     28    629
20210112170041215	  250  253   -107     26    628
20210112170041515	  251  253   -105     26    629
20210112170041815	  251  252   -105     25    628
20210112170042116	  251  254   -105     28    629
20210112170042316	  250  253   -107     26    628
20210112170042616	  249  252   -108     25    628
20210112170042916	  250  253   -107     26    628
20210112170043182	  251  251   -105     23    628
20210112170043483	  251  253   -105     26    629
20210112170043749	  251  253   -105     26    629
20210112170044049	  251  252   -105     25    628
20210112170044349	  251  252   -105     25    628
20210112170044550	  250  252   -107     25    628
20210112170044650	  251  253   -105     26    628
20210112170044750	  249  252   -109     25    629
20210112170044850	  251  251   -105     23    629
20210112170044983	  250  253   -107     26    629
20210112170045116	  251  252   -105     25    629
20210112170045216	  250  253   -107     26    629
20210112170045316	  249  253   -109     26    630
20210112170045450	  250  252   -107     25    629
20210112170045550	  250  252   -107     25    629
20210112170045650	  251  252   -105     25    630
20210112170045750	  249  253   -108     26    628
20210112170045883	  249  253   -109     26    629
20210112170045983	  251  253   -105     26    629
20210112170046083	  251  253   -106     26    630
20210112170046183	  250  252   -107     25    628
20210112170046317	  251  254   -105     28    630
20210112170046450	  252  253   -104     26    631
20210112170046550	  251  253   -106     26    631
20210112170046650	  250  252   -107     25    627
20210112170046750	  250  252   -107     25    629
20210112170046883	  251  252   -105     25    630
20210112170046983	  248  251   -110     23    627
20210112170047083	  250  252   -107     25    629
20210112170047184	  250  252   -107     25    628
20210112170047284	  249  253   -109     26    630
20210112170047417	  250  252   -107     25    629
20210112170047484	  250  252   -107     25    629
20210112170047650	  250  252   -107     25    629
20210112170047750	  249  253   -109     26    630
20210112170047884	  251  251   -105     23    629
20210112170047984	  250  253   -107     26    630
20210112170048084	  250  252   -107     25    629
20210112170048184	  250  253   -107     26    628
20210112170048317	  250  252   -107     25    629
20210112170048417	  250  252   -107     25    629
20210112170048517	  250  252   -107     25    628
20210112170048617	  250  254   -107     28    628
20210112170048784	  255  259    -99     36    628
20210112170048884	  258  260    -94     38    628
20210112170048984	  261  262    -89     41    628
20210112170049084	  263  263    -85     43    628
20210112170049217	  264  264    -84     45    628
20210112170049317	  266  263    -80     43    628
20210112170049417	  265  262    -82     41    631
20210112170049517	  266  261    -81     40    630
20210112170049617	  269  262    -76     42    631
20210112170049751	  270  262    -75     42    635
20210112170049851	  270  263    -75     44    637
20210112170049951	  271  263    -73     43    636
20210112170050084	  271  263    -73     44    636
20210112170050218	  273  263    -70     44    637
20210112170050318	  271  263    -73     43    636
20210112170050418	  273  263    -70     44    636
20210112170050518	  270  262    -74     42    634
20210112170050618	  269  262    -76     42    632
20210112170050751	  268  261    -78     40    633
20210112170050851	  266  262    -81     42    633
20210112170050951	  265  260    -82     38    631
20210112170051051	  264  260    -84     38    631
20210112170051151	  263  260    -86     38    632
20210112170051318	  260  259    -91     36    630
20210112170051418	  259  260    -92     38    629
20210112170051518	  259  258    -92     35    626
20210112170051618	  258  258    -94     35    628
20210112170051718	  255  257    -98     33    626
20210112170051851	  255  256    -98     31    625
20210112170051951	  255  256    -98     31    627
20210112170052051	  253  255   -101     30    626
20210112170052151	  251  254   -105     28    624
20210112170052251	  251  254   -105     28    625
20210112170052385	  251  253   -105     26    627
20210112170052518	  251  254   -105     28    628
20210112170052618	  251  253   -105     26    626
20210112170052718	  250  253   -107     26    627
20210112170052818	  252  253   -103     26    627
20210112170052952	  250  252   -107     25    626
20210112170053052	  251  253   -105     26    627
20210112170053152	  250  254   -107     28    627
20210112170053252	  250  254   -107     28    628
20210112170053385	  251  254   -105     28    628
20210112170053485	  251  253   -105     26    629
20210112170053585	  251  253   -105     26    627
20210112170053685	  251  253   -105     26    628
20210112170053852	  251  254   -105     28    629
20210112170053952	  251  253   -105     26    628
20210112170054052	  249  252   -108     25    627
20210112170054152	  250  253   -107     26    628
20210112170054252	  249  252   -108     25    628
20210112170054385	  251  253   -105     26    627
20210112170054485	  249  252   -108     25    627
20210112170054585	  251  252   -105     25    627
20210112170054685	  251  253   -105     26    628
20210112170054819	  251  254   -105     28    629
20210112170054919	  252  253   -103     26    628
20210112170055052	  251  252   -105     25    629
20210112170055152	  251  253   -105     26    628
20210112170055286	  250  252   -107     25    629
20210112170055386	  249  253   -108     26    627
20210112170055486	  249  253   -109     26    629
20210112170055586	  249  253   -109     26    629
20210112170055686	  250  252   -107     25    628
20210112170055819	  249  252   -108     25    628
20210112170055919	  250  253   -107     26    628
20210112170056019	  249  253   -109     26    629
20210112170056119	  250  252   -107     25    630
20210112170056286	  251  253   -105     26    629
20210112170056386	  249  253   -108     26    628
20210112170056486	  251  252   -105     25    628
20210112170056586	  250  252   -107     25    629
20210112170056686	  250  252   -107     25    629
20210112170056819	  251  252   -105     25    629
20210112170056919	  249  252   -109     25    630
20210112170057019	  248  253   -110     26    628
20210112170057119	  251  253   -105     26    629
20210112170057153	  250  252   -107     25    629
20210112170057353	  251  251   -105     23    630
20210112170057386	  250  252   -107     25    629
20210112170057586	  250  252   -107     25    630
20210112170057686	  251  254   -105     28    630
20210112170057820	  250  252   -107     25    629
20210112170057920	  251  253   -105     26    630
20210112170058020	  250  252   -107     25    629
20210112170058153	  251  253   -105     26    629
20210112170058253	  250  252   -107     25    629
20210112170058353	  251  253   -105     26    630
20210112170058453	  250  252   -107     25    627
20210112170058553	  251  254   -106     28    631
20210112170058653	  250  252   -107     25    630
20210112170058820	  250  252   -107     25    629
20210112170058920	  251  251   -105     23    630
20210112170059020	  250  253   -107     26    629
20210112170059120	  250  253   -107     26    629
20210112170059253	  251  251   -105     23    630
20210112170059353	  248  253   -110     26    628
20210112170059453	  251  253   -105     26    630
20210112170059553	  251  254   -106     28    631
20210112170059653	  250  252   -107     25    628
20210112170059787	  251  252   -106     25    632
20210112170059887	  251  253   -105     26    629
20210112170100020	  250  252   -107     25    631
20210112170100120	  251  253   -105     26    629
20210112170100220	  249  253   -109     26    629
20210112170100354	  249  253   -109     26    630
20210112170100454	  249  253   -109     26    629
20210112170100554	  251  254   -105     28    629
20210112170100654	  250  252   -107     25    628
20210112170100787	  251  254   -105     28    628
20210112170100887	  250  252   -107     25    628
20210112170100987	  251  253   -106     26    631
20210112170101087	  251  252   -105     25    628
20210112170101254	  249  252   -109     25    629
20210112170101354	  252  253   -104     26    631
20210112170101454	  250  252   -107     25    630
20210112170101554	  250  252   -107     25    627
20210112170101654	  250  252   -107     25    627
20210112170101787	  249  253   -109     26    630
20210112170101887	  252  253   -103     26    628
20210112170101987	  250  253   -107     26    629
20210112170102087	  250  252   -107     25    629
20210112170102221	  249  252   -108     25    627
20210112170102321	  251  251   -106     23    630
20210112170102421	  250  253   -107     26    628
20210112170102554	  250  252   -107     25    629
20210112170102687	  250  252   -107     25    629
20210112170102787	  250  252   -107     25    628
20210112170102887	  250  255   -107     30    628
20210112170102988	  256  258    -97     35    629
20210112170103088	  257  260    -95     38    627
20210112170103221	  262  262    -87     41    629
20210112170103321	  262  264    -87     45    631
20210112170103421	  262  265    -87     46    631
20210112170103521	  265  264    -82     45    629
20210112170103654	  267  263    -79     43    633
20210112170103788	  266  263    -81     43    634
20210112170103888	  269  263    -76     43    632
20210112170103988	  271  261    -73     40    635
20210112170104088	  271  263    -73     44    637
20210112170104221	  272  263    -71     44    636
20210112170104321	  271  262    -73     42    634
20210112170104421	  272  262    -71     42    637
20210112170104521	  270  262    -75     42    636
20210112170104655	  270  261    -75     40    636
20210112170104755	  269  262    -76     42    634
20210112170104855	  268  261    -78     40    634
20210112170104988	  268  261    -78     40    634
20210112170105088	  266  262    -81     42    632
20210112170105221	  263  261    -86     40    633
20210112170105321	  263  260    -86     38    631
20210112170105421	  262  260    -87     38    631
20210112170105521	  261  259    -89     36    629
20210112170105621	  261  258    -89     35    630
20210112170105755	  257  258    -95     35    628
20210112170105855	  256  258    -97     35    628
20210112170105955	  256  257    -97     33    627
20210112170106055	  255  256    -98     31    626
20210112170106222	  254  255   -100     30    626
20210112170106322	  253  254   -101     28    625
20210112170106422	  251  254   -105     28    626
20210112170106522	  251  252   -105     25    626
20210112170106655	  251  253   -105     26    626
20210112170106755	  250  253   -107     26    627
20210112170106855	  249  254   -108     28    628
20210112170106988	  250  254   -107     28    630
20210112170107088	  249  252   -108     25    627
20210112170107188	  251  253   -106     26    631
20210112170107288	  251  253   -105     26    627
20210112170107422	  250  253   -107     26    628
20210112170107555	  251  252   -105     25    630
20210112170107655	  250  252   -107     25    628
20210112170107789	  251  253   -105     26    629
20210112170107889	  251  253   -105     26    630
20210112170108022	  249  253   -108     26    628
20210112170108122	  250  253   -107     26    629
20210112170108255	  251  253   -105     26    628
20210112170108355	  249  253   -108     26    628
20210112170108455	  251  253   -105     26    629
20210112170108555	  250  252   -107     25    628
20210112170108722	  251  252   -105     25    629
20210112170108822	  249  253   -109     26    629
20210112170108922	  249  252   -109     25    629
20210112170109056	  250  252   -107     25    628
20210112170109156	  251  253   -105     26    630
20210112170109289	  251  253   -105     26    628
20210112170109389	  250  252   -107     25    629
20210112170109522	  249  253   -109     26    630
20210112170109622	  250  253   -107     26    629
20210112170109756	  250  252   -107     25    629
20210112170109856	  249  252   -109     25    629
20210112170110022	  251  251   -105     23    628
20210112170110123	  250  252   -107     25    629
20210112170110256	  249  252   -108     25    628
20210112170110356	  251  253   -105     26    628
20210112170110456	  249  252   -109     25    630
20210112170110589	  249  253   -109     26    629
20210112170110723	  249  252   -109     25    629
20210112170110856	  251  253   -106     26    631
20210112170110956	  249  252   -108     25    628
20210112170111089	  250  252   -107     25    630
20210112170111223	  249  252   -109     25    629
20210112170111356	  249  252   -109     25    630
20210112170111456	  248  253   -110     26    629
20210112170111590	  249  252   -109     25    629
20210112170111690	  250  252   -107     25    629
20210112170111823	  249  252   -109     25    629
20210112170111956	  250  253   -107     26    630
20210112170112056	  250  252   -107     25    630
20210112170112190	  250  252   -107     25    628
20210112170112323	  250  252   -107     25    629
20210112170112456	  250  252   -107     25    629
20210112170112590	  250  252   -107     25    630
20210112170112723	  249  252   -109     25    629
20210112170112823	  249  251   -109     23    629
20210112170112957	  250  253   -107     26    630
20210112170113090	  250  253   -107     26    628
20210112170113223	  251  253   -105     26    630
20210112170113323	  250  252   -107     25    628
20210112170113457	  249  251   -109     23    629
20210112170113590	  248  253   -110     26    629
20210112170113723	  250  252   -107     25    629
20210112170113857	  249  252   -108     25    628
20210112170113990	  251  253   -105     26    630
20210112170114090	  250  252   -107     25    628
20210112170114224	  250  252   -107     25    630
20210112170114357	  250  252   -107     25    629
20210112170114457	  250  252   -107     25    629
20210112170114590	  251  251   -106     23    630
20210112170114724	  249  251   -109     23    630
20210112170114824	  250  252   -107     25    629
20210112170114990	  250  252   -107     25    629
20210112170115124	  251  252   -106     25    631
20210112170115224	  250  252   -107     25    629
20210112170115357	  250  252   -107     25    629
20210112170115491	  249  253   -109     26    630
20210112170115624	  250  253   -107     26    631
20210112170115724	  251  253   -106     27    631
20210112170115857	  251  253   -105     26    629
20210112170115991	  249  252   -109     25    629
20210112170116091	  251  252   -106     25    631
20210112170116257	  251  252   -106     25    631
20210112170116391	  249  252   -109     25    630
20210112170116491	  250  252   -107     25    629
20210112170116624	  250  252   -107     25    630
20210112170116758	  251  253   -105     26    630
20210112170116891	  250  251   -107     23    629
20210112170116991	  251  252   -106     25    631
20210112170117124	  252  257   -103     33    628
20210112170117258	  258  259    -94     36    629
20210112170117358	  259  261    -92     40    629
20210112170117524	  263  264    -85     45    629
20210112170117658	  263  264    -85     45    629
20210112170117758	  265  263    -82     43    630
20210112170117891	  268  262    -78     42    632
20210112170118025	  267  263    -79     43    633
20210112170118125	  269  262    -76     42    634
20210112170118258	  271  263    -73     44    636
20210112170118391	  271  262    -73     42    637
20210112170118491	  271  262    -73     42    638
20210112170118525	  271  262    -73     42    636
20210112170118625	  271  263    -73     43    636
20210112170118758	  272  263    -72     44    637
20210112170118825	  271  262    -73     42    637
20210112170118858	  272  262    -71     42    637
20210112170118892	  271  263    -73     44    637
20210112170119092	  269  262    -76     42    634
20210112170119258	  267  262    -79     42    634
20210112170119425	  265  261    -83     40    632
20210112170119558	  263  260    -86     38    631
20210112170119692	  261  259    -89     36    630
20210112170119958	  258  259    -93     36    627
20210112170120025	  259  258    -92     35    627
20210112170120125	  257  257    -95     33    626
20210112170120292	  255  256    -98     31    625
20210112170120425	  254  255   -100     30    626
20210112170120559	  252  255   -103     30    625
20210112170120659	  249  254   -108     28    626
20210112170120759	  250  253   -106     26    626
20210112170120925	  251  255   -105     30    628
20210112170121125	  249  254   -108     28    628
20210112170121326	  250  253   -107     26    629
20210112170121426	  251  254   -105     28    629
20210112170121559	  253  253   -102     26    630
20210112170121692	  252  254   -104     28    630
20210112170121826	  250  253   -107     26    630
20210112170121926	  252  254   -104     28    629
20210112170121959	  250  252   -107     25    629
20210112170122059	  249  252   -109     25    629
20210112170122092	  250  253   -107     26    629
20210112170122192	  250  254   -107     28    630
20210112170122459	  249  253   -109     26    629
20210112170122659	  251  254   -105     28    630
20210112170122793	  251  253   -105     26    630
20210112170122959	  250  253   -107     26    630
20210112170123093	  249  253   -109     26    630
20210112170123226	  251  253   -106     26    631
20210112170123326	  250  253   -107     26    629
20210112170123459	  249  252   -109     25    631
20210112170123559	  250  253   -107     26    630
20210112170123726	  249  252   -109     25    629
20210112170123859	  249  253   -109     26    630
20210112170123959	  249  252   -109     25    630
20210112170124093	  249  252   -109     25    630
20210112170124226	  251  254   -106     28    631
20210112170124360	  249  253   -109     26    630
20210112170124460	  250  253   -107     26    631
20210112170124593	  250  253   -107     26    631
20210112170124726	  251  251   -106     23    631
20210112170124860	  250  252   -107     25    632
20210112170124993	  250  253   -107     26    630
20210112170125126	  249  252   -109     25    631
20210112170125260	  250  252   -107     25    629
20210112170125360	  250  253   -107     26    631
20210112170125493	  249  252   -109     25    630
20210112170125627	  250  253   -107     27    632
20210112170125727	  249  252   -109     25    629
20210112170125860	  249  253   -109     26    631
20210112170125993	  248  253   -110     26    630
20210112170126093	  250  252   -107     25    630
20210112170126227	  250  253   -107     27    632
20210112170126393	  250  252   -107     25    631
20210112170126493	  250  252   -107     25    632
20210112170126627	  249  253   -109     26    629
20210112170126760	  249  253   -109     26    631
20210112170126894	  249  251   -109     23    630
20210112170126994	  251  251   -106     23    631
20210112170127127	  250  253   -107     27    632
20210112170127260	  250  252   -107     25    630
20210112170127394	  250  253   -108     26    633
20210112170127527	  250  252   -107     25    629
20210112170127660	  250  253   -107     26    631
20210112170127760	  249  253   -109     26    630
20210112170127894	  250  253   -107     26    630
20210112170128027	  250  253   -107     26    630
20210112170128094	  249  252   -109     25    631
20210112170128194	  251  253   -105     26    629
20210112170128294	  251  253   -106     27    632
20210112170128494	  251  253   -105     26    630
20210112170128661	  250  253   -107     26    630
20210112170128761	  248  252   -110     25    629
20210112170128894	  251  251   -106     23    631
20210112170129027	  250  252   -107     25    630
20210112170129161	  250  252   -107     25    630
20210112170129294	  249  252   -109     25    630
20210112170129394	  249  251   -109     23    630
20210112170129528	  248  253   -110     26    630
20210112170129661	  251  251   -106     23    631
20210112170129761	  248  252   -111     25    631
20210112170129928	  251  252   -106     25    632
20210112170130061	  249  252   -109     25    631
20210112170130161	  249  252   -109     25    630
20210112170130294	  249  252   -109     25    631
20210112170130428	  248  253   -111     26    631
20210112170130528	  250  252   -107     25    631
20210112170130661	  250  253   -107     26    631
20210112170130795	  249  252   -109     25    629
20210112170130895	  249  252   -109     25    630
20210112170131028	  251  253   -105     26    630
20210112170131195	  250  252   -107     25    630
20210112170131295	  249  252   -109     25    629
20210112170131428	  255  257    -99     33    629
20210112170131561	  257  260    -95     38    628
20210112170131695	  259  263    -92     43    630
20210112170131795	  263  265    -86     46    630
20210112170131928	  264  264    -84     45    629
20210112170132062	  265  263    -82     43    628
20210112170132162	  266  263    -81     43    634
20210112170132295	  269  263    -76     43    632
20210112170132462	  269  262    -76     42    634
20210112170132562	  271  263    -73     44    637
20210112170132695	  272  263    -71     44    637
20210112170132828	  270  262    -75     42    635
20210112170132928	  271  263    -73     44    638
20210112170133062	  272  262    -71     42    637
20210112170133195	  270  262    -75     42    635
20210112170133295	  268  261    -78     40    634
20210112170133428	  267  262    -79     42    633
20210112170133562	  266  261    -81     40    634
20210112170133695	  264  261    -84     40    631
20210112170133829	  263  261    -86     40    632
20210112170133962	  261  259    -89     36    630
20210112170134062	  261  259    -89     36    629
20210112170134195	  258  257    -93     33    627
20210112170134329	  255  258    -98     35    627
20210112170134462	  256  257    -97     33    627
20210112170134562	  254  256   -100     31    626
20210112170134695	  253  255   -101     30    626
20210112170134862	  252  254   -103     28    626
20210112170134962	  250  253   -106     26    625
20210112170135096	  250  254   -106     28    625
20210112170135229	  250  253   -107     26    627
20210112170135362	  251  253   -105     26    628
20210112170135496	  251  253   -105     26    629
20210112170135596	  250  253   -107     26    627
20210112170135729	  250  253   -107     26    628
20210112170135829	  251  254   -106     28    631
20210112170135962	  248  253   -110     26    628
20210112170136129	  250  253   -107     26    630
20210112170136263	  250  254   -107     28    629
20210112170136363	  251  253   -105     26    630
20210112170136496	  251  253   -105     26    629
20210112170136629	  251  253   -105     26    629
20210112170136729	  250  252   -107     25    629
20210112170136863	  251  253   -105     26    629
20210112170136996	  251  253   -105     26    629
20210112170137096	  248  253   -110     26    629
20210112170137229	  251  253   -105     26    629
20210112170137396	  249  252   -109     25    629
20210112170137496	  250  253   -107     26    630
20210112170137630	  251  251   -105     23    629
20210112170137763	  250  252   -107     25    630
20210112170137896	  249  252   -109     25    630
20210112170137996	  251  251   -106     23    631
20210112170138130	  250  253   -107     26    629
20210112170138263	  250  252   -107     25    631
20210112170138363	  250  253   -107     26    631
20210112170138496	  250  252   -107     25    628
20210112170138663	  251  253   -106     26    631
20210112170138763	  250  252   -107     25    628
20210112170138897	  250  253   -107     26    629
20210112170139030	  251  253   -106     26    631
20210112170139130	  250  252   -107     25    629
20210112170139263	  250  252   -107     25    630
20210112170139397	  249  252   -109     25    630
20210112170139530	  249  252   -109     25    630
20210112170139630	  250  252   -107     25    629
20210112170139763	  249  252   -109     25    630
20210112170139897	  250  253   -107     26    630
20210112170140030	  251  252   -105     25    629
20210112170140164	  249  251   -109     23    629
20210112170140297	  250  252   -107     25    629
20210112170140430	  251  253   -105     26    630
20210112170140564	  249  252   -109     25    629
20210112170140664	  250  252   -107     25    630
20210112170140797	  249  253   -109     26    630
20210112170140930	  250  252   -107     25    628
20210112170141030	  251  252   -105     25    629
20210112170141197	  250  252   -107     25    631
20210112170141331	  250  252   -107     25    629
20210112170141431	  249  252   -109     25    629
20210112170141564	  251  251   -106     23    631
20210112170141697	  251  253   -105     26    630
20210112170141831	  250  252   -107     25    629
20210112170141964	  249  252   -108     25    628
20210112170142031	  250  252   -107     25    629
20210112170142031	  249  253   -109     26    630
20210112170142164	  250  253   -107     26    629
20210112170142264	  250  252   -107     25    630
20210112170142531	  250  252   -107     25    629
20210112170142698	  249  252   -109     25    630
20210112170142831	  248  252   -110     25    629
20210112170142998	  249  252   -109     25    629
20210112170143098	  249  251   -108     23    628
20210112170143231	  250  253   -107     26    630
20210112170143364	  250  252   -107     25    629
20210112170143464	  250  253   -107     26    628
20210112170143631	  249  252   -109     25    630
20210112170143764	  250  251   -107     23    630
20210112170143864	  250  252   -107     25    630
20210112170143998	  249  252   -109     25    629
20210112170144131	  251  253   -105     26    630
20210112170144265	  250  251   -107     23    628
20210112170144365	  249  253   -109     26    631
20210112170144498	  247  252   -112     25    628
20210112170144631	  249  252   -108     25    628
20210112170144698	  250  252   -107     25    630
20210112170144898	  249  252   -109     25    629
20210112170145031	  249  251   -109     23    629
20210112170145165	  250  253   -107     26    631
20210112170145298	  250  251   -107     23    628
20210112170145432	  250  252   -107     25    631
20210112170145532	  250  253   -107     26    629
20210112170145698	  256  259    -97     36    631
20210112170145798	  258  261    -94     40    630
20210112170145932	  261  263    -89     43    630
20210112170146098	  263  264    -85     45    628
20210112170146232	  264  263    -84     43    631
20210112170146365	  267  264    -79     45    632
20210112170146498	  267  263    -79     43    632
20210112170146632	  268  262    -78     42    633
20210112170146732	  271  263    -73     43    635
20210112170146899	  270  262    -75     42    637
20210112170146999	  270  262    -75     42    636
20210112170147132	  270  263    -75     43    636
20210112170147265	  271  262    -73     42    636
20210112170147432	  271  263    -73     44    636
20210112170147565	  269  262    -76     42    635
20210112170147699	  267  261    -79     40    634
20210112170147832	  265  260    -83     38    633
20210112170147965	  263  261    -86     40    633
20210112170148099	  262  259    -87     37    632
20210112170148232	  261  259    -89     36    631
20210112170148366	  259  258    -92     35    628
20210112170148499	  258  258    -94     35    628
20210112170148666	  256  257    -97     33    627
20210112170148799	  254  256   -100     31    628
20210112170148932	  253  255   -101     30    626
20210112170149066	  252  254   -103     28    626
20210112170149199	  250  254   -107     28    627
20210112170149366	  250  254   -107     28    628
20210112170149499	  250  253   -107     26    628
20210112170149633	  250  253   -107     26    627
20210112170149766	  251  253   -105     26    628
20210112170149933	  251  253   -105     26    628
20210112170150066	  251  253   -105     26    629
20210112170150199	  251  253   -105     26    628
20210112170150366	  249  253   -109     26    629
20210112170150499	  250  252   -107     25    629
20210112170150633	  251  252   -105     25    628
20210112170150766	  251  252   -105     25    628
20210112170150900	  250  252   -107     25    628
20210112170151066	  249  252   -109     25    630
20210112170151200	  250  252   -107     25    629
20210112170151333	  250  252   -107     25    628
20210112170151466	  251  252   -105     25    629
20210112170151600	  251  253   -105     26    629
20210112170151766	  251  253   -106     26    631
20210112170151900	  250  252   -107     25    627
20210112170152000	  251  253   -106     27    631
20210112170152200	  250  252   -107     25    627
20210112170152367	  250  252   -107     25    632
20210112170152467	  250  252   -107     25    627
20210112170152533	  250  253   -107     26    629
20210112170152767	  250  252   -107     25    628
20210112170152900	  250  252   -107     25    628
20210112170153033	  251  254   -106     28    632
20210112170153167	  249  252   -108     25    628
20210112170153333	  250  252   -107     25    629
20210112170153467	  250  252   -107     25    628
20210112170153634	  251  252   -105     25    630
20210112170153767	  250  252   -107     25    629
20210112170153900	  251  252   -105     25    630
20210112170154034	  250  252   -107     25    630
20210112170154167	  250  252   -107     25    631
20210112170154300	  249  252   -109     25    629
20210112170154467	  251  252   -105     25    630
20210112170154634	  250  252   -107     25    628
20210112170154734	  249  252   -109     25    630
20210112170154834	  250  252   -107     25    630
20210112170154901	  250  252   -107     25    630
20210112170155101	  250  253   -107     26    630
20210112170155334	  249  251   -108     23    628
20210112170155501	  250  252   -107     25    629
20210112170155634	  250  252   -107     25    629
20210112170155767	  248  252   -110     25    629
20210112170155901	  249  252   -109     25    631
20210112170156068	  251  252   -105     25    630
20210112170156168	  250  252   -107     25    630
20210112170156301	  250  251   -107     23    629
20210112170156468	  250  252   -107     25    630
20210112170156601	  250  253   -107     26    629
20210112170156734	  250  251   -107     23    628
20210112170156901	  250  252   -107     25    630
20210112170157034	  250  252   -107     25    630
20210112170157168	  249  252   -108     25    628
20210112170157335	  249  251   -109     23    629
20210112170157468	  250  252   -107     25    630
20210112170157601	  250  252   -107     25    630
20210112170157735	  249  251   -109     23    629
20210112170157901	  249  251   -109     23    629
20210112170158035	  250  252   -107     25    630
20210112170158168	  250  253   -107     26    630
20210112170158301	  250  252   -107     25    631
20210112170158435	  250  252   -107     25    630
20210112170158602	  250  252   -107     25    631
20210112170158735	  249  251   -108     23    628
20210112170158868	  250  252   -107     25    632
20210112170158968	  248  252   -110     25    628
20210112170159035	  250  251   -107     23    629
20210112170159268	  250  252   -107     25    630
20210112170159435	  249  252   -109     25    629
20210112170159535	  250  252   -107     25    630
20210112170159635	  248  252   -110     25    629
20210112170159668	  250  252   -107     25    630
20210112170159702	  250  252   -107     25    630
20210112170159735	  250  252   -107     25    630
20210112170200035	  257  260    -95     38    629
20210112170200302	  263  264    -85     45    628
20210112170200469	  265  264    -82     45    630
20210112170200702	  266  262    -81     42    632
20210112170200869	  269  262    -76     42    632
20210112170201035	  269  262    -76     42    634
20210112170201169	  271  263    -73     43    635
20210112170201302	  272  261    -71     40    636
20210112170201436	  271  263    -73     44    637
20210112170201602	  272  262    -71     42    635
20210112170201736	  268  262    -78     42    634
20210112170201869	  268  262    -78     42    634
20210112170202002	  266  261    -81     40    634
20210112170202136	  264  261    -84     40    631
20210112170202302	  263  260    -86     38    632
20210112170202436	  261  259    -89     36    630
20210112170202502	  259  258    -92     35    629
20210112170202569	  261  259    -89     36    630
20210112170202703	  258  258    -94     35    629
20210112170202936	  256  256    -97     31    626
20210112170203136	  253  255   -101     30    626
20210112170203269	  252  254   -103     28    625
20210112170203403	  251  253   -105     26    626
20210112170203603	  250  254   -107     28    626
20210112170203736	  249  253   -108     26    626
20210112170203869	  251  253   -105     26    629
20210112170204003	  250  253   -107     26    629
20210112170204136	  251  252   -105     25    628
20210112170204270	  250  253   -107     26    629
20210112170204403	  251  252   -105     25    627
20210112170204570	  251  253   -105     26    630
20210112170204703	  250  252   -107     25    627
20210112170204870	  251  253   -105     26    629
20210112170205003	  251  253   -106     26    631
20210112170205136	  250  252   -107     25    628
20210112170205270	  250  253   -107     26    629
20210112170205437	  249  253   -109     26    629
20210112170205570	  250  252   -107     25    630
20210112170205703	  249  253   -109     26    630
20210112170205737	  249  253   -109     26    629
20210112170206003	  251  253   -105     26    629
20210112170206137	  251  252   -105     25    630
20210112170206303	  249  252   -108     25    628
20210112170206437	  250  253   -107     26    630
20210112170206570	  249  252   -109     25    629
20210112170206704	  250  252   -107     25    630
20210112170206870	  250  252   -107     25    628
20210112170207004	  250  252   -107     25    629
20210112170207137	  250  253   -107     26    630
20210112170207304	  249  251   -109     23    630
20210112170207437	  250  252   -107     25    629
20210112170207570	  250  251   -107     23    630
20210112170207737	  248  252   -110     25    629
20210112170207871	  248  252   -110     25    628
20210112170208004	  250  252   -107     25    630
20210112170208137	  248  252   -110     25    629
20210112170208271	  250  252   -107     25    630
20210112170208437	  250  252   -107     25    629
20210112170208604	  249  252   -109     25    629
20210112170208737	  250  253   -107     26    629
20210112170208871	  250  252   -107     25    631
20210112170209004	  250  253   -107     26    630
20210112170209138	  250  252   -107     25    630
20210112170209271	  251  251   -106     23    632
20210112170209404	  249  251   -109     23    629
20210112170209571	  250  252   -107     25    631
20210112170209738	  250  252   -107     25    632
20210112170209871	  249  251   -108     23    627
20210112170210004	  250  252   -107     25    629
20210112170210138	  250  252   -107     25    630
20210112170210271	  250  252   -107     25    630
20210112170210438	  250  252   -107     25    630
20210112170210571	  248  252   -110     25    628
20210112170210705	  250  252   -107     25    631
20210112170210838	  249  252   -108     25    628
20210112170211005	  250  252   -107     25    631
20210112170211138	  250  252   -107     25    630
20210112170211305	  250  252   -107     25    630
20210112170211438	  250  253   -107     26    630
20210112170211571	  250  252   -107     25    629
20210112170211705	  251  252   -106     25    631
20210112170211838	  248  252   -110     25    629
20210112170211972	  250  252   -107     25    630
20210112170212105	  250  252   -107     25    630
20210112170212272	  250  251   -107     23    630
20210112170212405	  250  252   -107     25    630
20210112170212572	  250  252   -107     25    631
20210112170212705	  250  252   -107     25    630
20210112170212838	  250  252   -107     25    631
20210112170212972	  250  252   -107     25    631
20210112170213105	  249  252   -109     25    630
20210112170213239	  250  253   -107     26    630
20210112170213405	  248  252   -110     25    629
20210112170213539	  248  251   -110     23    629
20210112170213705	  248  252   -110     25    629
20210112170213839	  250  252   -107     25    630
20210112170213972	  250  252   -107     25    630
20210112170214105	  251  254   -105     28    629
20210112170214239	  255  259    -99     36    629
20210112170214406	  260  262    -90     41    630
20210112170214539	  262  264    -87     45    629
20210112170214672	  264  263    -84     43    630
20210112170214839	  265  263    -82     43    631
20210112170214972	  266  262    -81     42    633
20210112170215106	  268  262    -77     42    632
20210112170215239	  270  262    -75     42    634
20210112170215406	  271  262    -73     42    637
20210112170215539	  272  263    -71     44    636
20210112170215672	  271  262    -73     42    636
20210112170215806	  271  263    -73     44    638
20210112170215973	  269  262    -76     42    634
20210112170216073	  268  261    -78     40    635
20210112170216239	  266  260    -81     38    634
20210112170216406	  264  260    -84     38    632
20210112170216539	  263  260    -86     38    632
20210112170216673	  262  259    -87     36    630
20210112170216806	  260  259    -90     36    629
20210112170216939	  258  257    -94     33    628
20210112170217073	  255  258    -98     35    627
20210112170217240	  255  256    -98     31    626
20210112170217406	  253  256   -102     31    627
20210112170217540	  252  254   -103     28    626
20210112170217640	  251  254   -105     28    626
20210112170217806	  250  253   -107     26    627
20210112170217940	  251  253   -105     26    627
20210112170218073	  251  253   -105     26    628
20210112170218206	  251  253   -105     26    628
20210112170218373	  250  253   -107     26    629
20210112170218540	  250  253   -107     26    629
20210112170218607	  250  253   -107     26    630
20210112170218773	  252  252   -103     25    628
20210112170218907	  251  253   -105     26    629
20210112170219007	  250  252   -107     25    629
20210112170219207	  251  253   -105     26    629
20210112170219373	  250  252   -107     25    629
20210112170219473	  251  253   -105     26    629
20210112170219640	  251  252   -105     25    629
20210112170219807	  251  251   -105     23    629
20210112170219940	  249  252   -109     25    630
20210112170220074	  251  251   -105     23    629
20210112170220207	  251  252   -105     25    629
20210112170220307	  250  252   -107     25    629
20210112170220474	  250  252   -107     25    628
20210112170220640	  250  251   -107     23    630
20210112170220774	  250  252   -107     25    629
20210112170220907	  251  251   -106     23    630
20210112170221074	  249  252   -109     25    629
20210112170221207	  250  252   -107     25    630
20210112170221374	  250  253   -107     26    629
20210112170221507	  250  252   -107     25    629
20210112170221641	  251  252   -105     25    630
20210112170221707	  250  252   -107     25    629
20210112170221874	  251  253   -106     27    633
20210112170221907	  251  253   -106     27    632
20210112170222107	  251  253   -106     27    631
20210112170222374	  250  252   -107     25    628
20210112170222508	  249  253   -109     26    631
20210112170222641	  249  251   -108     23    628
20210112170222774	  249  253   -109     26    631
20210112170222908	  251  253   -105     26    630
20210112170223074	  251  253   -106     27    631
20210112170223208	  250  252   -107     25    630
20210112170223341	  250  252   -107     25    631
20210112170223508	  250  252   -107     25    630
20210112170223641	  250  253   -107     27    632
20210112170223775	  250  252   -107     25    629
20210112170223841	  250  252   -107     25    628
20210112170224041	  250  252   -107     25    630
20210112170224208	  250  252   -107     25    629
20210112170224341	  250  253   -107     26    630
20210112170224475	  251  251   -105     23    630
20210112170224608	  250  253   -107     26    630
20210112170224775	  250  251   -107     23    630
20210112170224941	  250  252   -107     25    629
20210112170225075	  250  252   -107     25    631
20210112170225208	  250  252   -107     25    628
20210112170225342	  250  252   -107     25    629
20210112170225508	  250  252   -107     25    629
20210112170225642	  250  252   -107     25    629
20210112170225775	  250  252   -107     25    630
20210112170225942	  250  253   -107     26    630
20210112170226108	  250  252   -107     25    631
20210112170226242	  249  252   -109     25    630
20210112170226375	  250  252   -107     25    631
20210112170226542	  250  252   -107     25    630
20210112170226675	  250  252   -107     25    631
20210112170226809	  248  252   -111     25    631
20210112170226909	  250  252   -107     25    630
20210112170227042	  250  252   -107     25    631
20210112170227275	  250  251   -107     23    630
20210112170227409	  250  252   -107     25    631
20210112170227542	  248  251   -110     23    629
20210112170227709	  250  252   -107     25    630
20210112170227876	  250  252   -107     25    631
20210112170227942	  250  252   -107     25    630
20210112170228009	  250  251   -107     23    630
20210112170228076	  249  251   -109     23    629
20210112170228142	  249  251   -109     23    630
20210112170228242	  249  252   -109     25    631
20210112170228509	  256  259    -97     36    629
20210112170228809	  263  265    -86     46    630
20210112170228976	  265  263    -82     43    631
20210112170229043	  266  263    -81     43    632
20210112170229176	  268  262    -78     42    633
20210112170229376	  270  262    -74     42    634
20210112170229543	  270  264    -75     45    637
20210112170229776	  270  262    -75     42    637
20210112170229943	  270  262    -75     42    635
20210112170230076	  270  263    -75     44    636
20210112170230210	  269  261    -76     40    633
20210112170230376	  268  261    -78     40    632
20210112170230510	  266  261    -81     40    633
20210112170230676	  264  260    -84     38    631
20210112170230810	  263  260    -86     38    630
20210112170231010	  260  259    -90     36    629
20210112170231143	  260  258    -90     35    628
20210112170231310	  257  257    -95     33    627
20210112170231443	  256  256    -97     31    627
20210112170231577	  254  255   -100     30    625
20210112170231743	  252  254   -103     28    625
20210112170231877	  250  254   -106     28    626
20210112170232043	  249  252   -108     25    627
20210112170232243	  250  254   -107     28    627
20210112170232377	  249  252   -108     25    627
20210112170232543	  249  252   -108     25    627
20210112170232710	  249  252   -108     25    628
20210112170232844	  252  253   -104     26    629
20210112170233010	  248  253   -110     26    629
20210112170233144	  252  252   -104     25    628
20210112170233310	  249  252   -109     25    630
20210112170233510	  249  252   -109     25    630
20210112170233644	  250  253   -107     26    630
20210112170233810	  249  252   -109     25    629
20210112170233910	  249  251   -109     23    629
20210112170234111	  249  252   -109     25    630
20210112170234277	  251  253   -106     26    631
20210112170234411	  249  251   -109     23    629
20210112170234577	  251  251   -105     23    630
20210112170234677	  250  252   -107     25    629
20210112170234711	  250  252   -107     25    631
20210112170235011	  250  252   -107     25    628
20210112170235211	  250  252   -107     25    628
20210112170235377	  250  252   -107     25    629
20210112170235511	  250  252   -107     25    629
20210112170235678	  250  252   -107     25    629
20210112170235811	  250  252   -107     25    629
20210112170236011	  250  252   -107     25    630
20210112170236178	  249  252   -109     25    630
20210112170236311	  250  252   -107     25    631
20210112170236478	  249  253   -109     26    629
20210112170236611	  250  252   -107     25    631
20210112170236778	  250  252   -107     25    629
20210112170236911	  249  252   -109     25    630
20210112170237078	  250  252   -107     25    629
20210112170237278	  250  252   -107     25    630
20210112170237411	  248  252   -110     25    630
20210112170237578	  250  251   -107     23    629
20210112170237711	  250  252   -107     25    631
20210112170237878	  250  253   -107     27    631
20210112170238011	  250  252   -107     25    629
20210112170238178	  250  253   -107     26    629
20210112170238345	  249  251   -109     23    629
20210112170238512	  250  252   -107     25    629
20210112170238678	  249  251   -109     23    629
20210112170238812	  250  252   -107     25    629
20210112170238978	  250  251   -107     23    629
20210112170239145	  247  252   -112     25    630
20210112170239278	  249  251   -109     23    629
20210112170239412	  250  253   -107     26    630
20210112170239579	  248  251   -110     23    629
20210112170239779	  249  251   -109     23    630
20210112170239879	  250  250   -107     21    629
20210112170239912	  248  252   -110     25    629
20210112170240045	  250  252   -107     25    629
20210112170240312	  248  251   -110     23    629
20210112170240545	  248  252   -110     25    629
20210112170240679	  249  251   -109     23    629
20210112170240879	  249  252   -109     25    629
20210112170241012	  249  252   -109     25    629
20210112170241179	  249  252   -109     25    630
20210112170241346	  249  251   -109     23    629
20210112170241479	  248  252   -111     25    631
20210112170241646	  249  251   -109     23    629
20210112170241779	  249  251   -109     23    629
20210112170241946	  248  251   -110     23    629
20210112170242079	  250  252   -107     25    632
20210112170242246	  250  251   -107     23    629
20210112170242446	  250  251   -107     23    630
20210112170242579	  251  254   -105     28    629
20210112170242646	  254  257   -100     33    629
20210112170242813	  256  260    -97     38    628
20210112170243013	  263  263    -86     43    631
20210112170243113	  262  263    -87     43    629
20210112170243146	  262  264    -87     45    628
20210112170243146	  264  263    -84     43    629
20210112170243413	  266  262    -81     42    633
20210112170243479	  266  262    -81     42    633
20210112170243679	  269  262    -76     42    633
20210112170243913	  271  262    -73     42    639
20210112170244080	  271  263    -73     43    635
20210112170244280	  270  262    -75     42    636
20210112170244546	  267  262    -80     42    636
20210112170244780	  267  261    -79     40    634
20210112170244946	  264  261    -84     40    634
20210112170245080	  262  260    -87     38    631
20210112170245247	  260  259    -91     36    630
20210112170245413	  256  257    -97     33    628
20210112170245580	  257  256    -95     31    627
20210112170245713	  254  255   -100     30    628
20210112170245913	  252  254   -103     28    625
20210112170246047	  252  254   -103     28    627
20210112170246213	  249  252   -108     25    626
20210112170246280	  250  253   -107     26    627
20210112170246414	  250  252   -107     25    628
20210112170246514	  250  252   -107     25    629
20210112170246580	  251  253   -105     26    629
20210112170246814	  250  254   -107     28    629
20210112170247147	  250  252   -107     25    629
20210112170247314	  251  251   -105     23    629
20210112170247414	  250  253   -107     26    630
20210112170247547	  250  252   -107     25    629
20210112170247614	  250  252   -107     25    630
20210112170247781	  251  253   -105     26    628
20210112170247947	  250  252   -107     25    630
20210112170248081	  250  252   -107     25    627
20210112170248214	  249  252   -109     25    630
20210112170248247	  251  253   -105     26    629
20210112170248381	  250  252   -107     25    629
20210112170248481	  250  253   -107     26    629
20210112170248681	  250  252   -107     25    629
20210112170248981	  251  253   -105     26    629
20210112170249248	  250  253   -107     26    629
20210112170249514	  250  252   -107     25    630
20210112170249681	  250  252   -107     25    630
20210112170249848	  250  252   -107     25    630
20210112170249981	  251  252   -105     25    630
20210112170250048	  250  252   -107     25    631
20210112170250081	  250  252   -107     25    630
20210112170250315	  250  252   -107     25    629
20210112170250581	  250  252   -107     25    630
20210112170250748	  252  252   -104     25    629
20210112170250948	  250  253   -107     26    629
20210112170251115	  248  252   -110     25    629
20210112170251248	  251  253   -106     26    631
20210112170251415	  250  251   -107     23    629
20210112170251515	  250  253   -107     26    629
20210112170251715	  250  251   -107     23    629
20210112170251882	  249  252   -109     25    630
20210112170251915	  249  251   -109     23    630
20210112170251948	  249  252   -109     25    630
20210112170252015	  250  252   -107     25    629
20210112170252215	  249  252   -109     25    630
20210112170252515	  249  251   -109     23    629
20210112170252782	  252  253   -104     26    631
20210112170252982	  250  252   -107     25    630
20210112170253115	  249  251   -109     23    629
20210112170253249	  250  252   -107     25    630
20210112170253482	  250  252   -107     25    630
20210112170253615	  250  252   -107     25    631
20210112170253782	  249  252   -109     25    630
20210112170253915	  250  252   -107     25    631
20210112170254082	  250  252   -107     25    630
20210112170254216	  248  252   -110     25    629
20210112170254382	  250  252   -107     25    630
20210112170254449	  250  251   -107     23    630
20210112170254649	  250  252   -107     25    630
20210112170254882	  249  252   -109     25    629
20210112170255016	  249  251   -109     23    629
20210112170255182	  248  252   -110     25    630
20210112170255316	  250  252   -107     25    629
20210112170255516	  250  251   -107     23    629
20210112170255649	  249  251   -109     23    629
20210112170255849	  249  252   -109     25    629
20210112170255983	  248  252   -110     25    630
20210112170256149	  250  252   -107     25    631
20210112170256283	  247  252   -112     25    629
20210112170256450	  249  251   -109     23    629
20210112170256616	  248  252   -110     25    629
20210112170256750	  249  252   -108     25    628
20210112170256916	  256  258    -97     35    629
20210112170257083	  257  261    -95     40    628
20210112170257250	  262  264    -87     45    631
20210112170257416	  264  264    -84     45    630
20210112170257550	  265  263    -82     43    631
20210112170257716	  267  263    -79     43    632
20210112170257850	  268  262    -78     42    634
20210112170257950	  270  262    -74     42    634
20210112170258017	  270  263    -75     44    636
20210112170258083	  270  263    -75     44    638
20210112170258117	  271  263    -73     44    639
20210112170258183	  269  263    -76     44    637
20210112170258217	  269  262    -76     42    635
20210112170258350	  270  263    -75     44    637
20210112170258417	  271  263    -73     44    638
20210112170258483	  271  262    -73     42    640
20210112170258683	  271  263    -73     44    637
20210112170258817	  271  262    -73     42    638
20210112170258850	  271  262    -73     42    638
20210112170258950	  271  262    -73     42    636
20210112170259083	  272  262    -71     42    637
20210112170259083	  271  262    -73     42    637
20210112170259383	  272  262    -72     42    638
20210112170259684	  272  263    -71     44    637
20210112170259917	  271  263    -73     44    637
20210112170300217	  272  262    -71     42    636
20210112170300484	  272  263    -71     44    637
20210112170300751	  271  262    -73     42    636
20210112170300984	  271  263    -73     44    637
20210112170301117	  272  263    -71     44    636
20210112170301417	  273  263    -70     44    638
20210112170301651	  272  263    -71     44    637
20210112170301951	  273  263    -70     44    638
20210112170302084	  272  263    -71     44    637
20210112170302151	  274  262    -68     42    637
20210112170302218	  272  262    -71     42    637
20210112170302418	  273  263    -70     44    638
20210112170302684	  273  263    -70     44    638
20210112170302951	  272  264    -72     45    639
20210112170303184	  271  262    -73     42    637
20210112170303518	  272  264    -72     45    638
20210112170303785	  273  262    -70     42    636
20210112170304051	  274  263    -68     44    638
20210112170304318	  274  262    -68     42    638
20210112170304585	  272  262    -72     42    638
20210112170304885	  272  264    -72     45    638
20210112170305152	  273  263    -70     44    637
20210112170305418	  273  263    -70     44    637
20210112170305585	  274  264    -68     45    638
20210112170305718	  273  262    -70     42    637
20210112170305952	  273  263    -70     44    638
20210112170306085	  273  263    -70     44    637
20210112170306252	  273  263    -70     44    638
20210112170306385	  271  263    -73     44    636
20210112170306552	  273  262    -70     42    637
20210112170306719	  274  261    -68     40    638
20210112170306852	  273  264    -70     45    638
20210112170307052	  273  263    -70     44    636
20210112170307185	  274  262    -68     42    638
20210112170307352	  274  263    -68     44    637
20210112170307519	  273  264    -70     45    638
20210112170307652	  274  263    -68     44    638
20210112170307819	  273  263    -70     44    637
20210112170307986	  273  262    -70     42    637
20210112170308119	  273  262    -70     42    637
20210112170308319	  273  262    -70     42    637
20210112170308452	  273  263    -70     44    637
20210112170308586	  274  262    -68     42    637
20210112170308786	  273  263    -70     44    637
20210112170308919	  272  263    -71     44    637
20210112170309086	  273  262    -70     42    637
20210112170309253	  273  262    -70     42    637
20210112170309386	  273  263    -70     44    637
20210112170309586	  274  262    -68     42    637
20210112170309719	  273  263    -70     44    636
20210112170309819	  273  263    -70     44    637
20210112170310053	  273  263    -70     44    637
20210112170310186	  272  263    -71     44    637
20210112170310353	  273  263    -70     44    637
20210112170310420	  273  262    -70     42    637
