20210113163735868	  374    2     79   -316    517
20210113163735934	  374    2     80   -316    517
20210113163736001	  373    3     78   -315    517
20210113163736101	  374    2     79   -316    517
20210113163736168	  374    3     79   -315    517
20210113163736201	  374    3     79   -315    517
20210113163736301	  374    3     79   -315    517
20210113163736335	  374    2     79   -316    517
20210113163736468	  373    3     78   -315    517
20210113163740969	  383   14     90   -297    510
20210113163741202	  380   16     86   -294    510
20210113163742369	  381   17     87   -292    509
20210113163742569	  381   18     87   -291    510
20210113163742636	  381   18     87   -291    510
20210113163742803	  441    1    167   -314    512
20210113163743103	  381   19     87   -289    509
20210113163743370	  381   19     87   -289    509
20210113163743670	  382   19     88   -289    508
20210113163744336	  442    5    168   -308    510
20210113163744903	  441    4    166   -307    507
20210113163745103	  446   14    174   -298    512
20210113163745170	  443   14    170   -297    512
20210113163745570	  440    6    165   -305    508
20210113163747204	  442    9    166   -300    504
20210113163747537	  441    9    165   -300    505
20210113163747704	  440   11    165   -298    507
20210113163747804	  441   11    165   -297    505
20210113163747904	  442   12    167   -296    506
20210113163747971	  443   11    168   -297    505
20210113163748037	  440   10    164   -298    505
20210113163748104	  441   10    165   -298    505
20210113163748204	  440   11    164   -298    506
20210113163748304	  441   11    165   -296    503
20210113163748371	  441   11    165   -297    504
20210113163748471	  441   11    165   -296    503
20210113163748538	  441   11    165   -297    504
20210113163748604	  441   11    165   -297    504
20210113163748704	  441   11    165   -297    504
20210113163748771	  440   12    164   -296    505
20210113163748871	  441   13    165   -294    505
20210113163748938	  441   13    165   -294    505
20210113163749038	  441   13    165   -294    504
20210113163749138	  441   12    165   -295    503
20210113163749204	  440   13    164   -294    504
20210113163749304	  440   13    164   -295    505
20210113163749371	  440   13    164   -294    504
20210113163749438	  440   13    163   -294    503
20210113163749504	  442   12    166   -295    503
20210113163749538	  440   14    164   -293    504
20210113163749604	  441   14    165   -292    503
20210113163749704	  441   14    165   -292    503
20210113163749871	  440   15    164   -291    504
20210113163749938	  441   14    164   -292    503
20210113163750038	  440   15    163   -291    503
20210113163750138	  442   14    166   -292    503
20210113163750238	  441   15    164   -291    503
20210113163750338	  441   14    164   -291    502
20210113163750438	  441   16    164   -289    502
20210113163750538	  441   15    164   -290    502
20210113163750605	  440   17    163   -288    502
20210113163750705	  441   15    164   -290    502
20210113163750771	  441   15    164   -291    503
20210113163750871	  441   18    165   -287    503
20210113163750971	  440   18    163   -287    503
20210113163751071	  440   18    163   -286    502
20210113163751105	  440   18    163   -286    502
20210113163751171	  440   18    163   -286    502
20210113163751171	  440   18    163   -287    503
20210113163751271	  441   17    164   -287    501
20210113163751305	  439   18    162   -286    502
20210113163751338	  440   18    163   -286    502
20210113163751372	  442   15    165   -290    502
20210113163751438	  441   18    164   -286    501
20210113163751472	  441   17    164   -287    501
20210113163751505	  438   17    160   -287    502
20210113163751605	  439   18    162   -286    501
20210113163751638	  440   20    163   -283    501
20210113163751672	  439   18    162   -286    502
20210113163751705	  440   19    163   -285    502
20210113163751772	  439   19    162   -285    502
20210113163751805	  441   20    164   -284    502
20210113163751838	  441   20    164   -284    502
20210113163751872	  440   19    163   -284    501
20210113163751872	  441   18    164   -285    501
20210113163751938	  441   18    164   -285    501
20210113163752005	  440   19    163   -284    501
20210113163752038	  440   20    163   -284    502
20210113163752072	  440   20    163   -284    502
20210113163752105	  442   19    165   -284    501
20210113163752172	  441   19    164   -284    501
20210113163752238	  440   20    163   -283    501
20210113163752305	  440   21    163   -282    501
20210113163752372	  440   21    163   -282    501
20210113163752438	  439   21    162   -282    502
20210113163752505	  439   21    162   -282    502
20210113163752538	  441   20    164   -283    501
20210113163752605	  439   21    161   -282    501
20210113163752672	  440   20    163   -283    500
20210113163752739	  442   22    165   -280    501
20210113163752772	  441   20    164   -283    500
20210113163752839	  441   20    164   -282    500
20210113163752872	  440   22    163   -280    501
20210113163752905	  439   21    161   -282    501
20210113163752939	  440   21    162   -281    500
20210113163753105	  440   23    163   -279    501
20210113163753239	  440   23    163   -279    501
20210113163753405	  440   23    162   -279    500
20210113163753572	  438   24    160   -278    500
20210113163753705	  440   23    162   -279    500
20210113163753906	  439   24    161   -278    501
20210113163754072	  440   24    162   -277    500
20210113163754239	  441   26    164   -275    500
20210113163754406	  441   24    163   -277    499
20210113163754539	  439   26    161   -275    500
20210113163754606	  440   24    162   -277    500
20210113163754672	  439   26    161   -275    500
20210113163754739	  440   25    162   -276    499
20210113163754772	  440   27    163   -274    500
20210113163754839	  437   24    159   -277    500
20210113163754939	  440   26    162   -274    499
20210113163754972	  441   27    163   -273    499
20210113163755039	  440   25    162   -275    498
20210113163755073	  439   27    161   -273    500
20210113163755139	  440   26    162   -274    499
20210113163755206	  440   26    162   -274    498
20210113163755239	  440   26    162   -275    500
20210113163755373	  439   27    161   -273    499
20210113163755506	  438   28    160   -272    499
20210113163755606	  439   28    161   -272    499
20210113163755739	  439   29    161   -270    499
20210113163755939	  438   29    160   -271    500
20210113163756106	  439   29    161   -270    499
20210113163756273	  440   30    162   -268    498
20210113163756440	  441   31    163   -267    498
20210113163756573	  440   31    162   -267    498
20210113163756740	  439   31    160   -267    497
20210113163756906	  439   32    160   -266    498
20210113163757073	  441   29    163   -269    496
20210113163757240	  438   30    159   -268    497
20210113163757406	  438   32    159   -266    498
20210113163757573	  440   31    161   -266    497
20210113163757673	  440   32    161   -265    496
20210113163757807	  439   34    160   -263    497
20210113163757973	  441   35    163   -262    498
20210113163758140	  438   33    159   -264    497
20210113163758307	  438   35    159   -262    497
20210113163758473	  440   36    161   -260    497
20210113163758640	  438   35    159   -262    497
20210113163758807	  440   35    161   -261    497
20210113163758940	  438   35    159   -261    496
20210113163759107	  437   36    157   -260    496
20210113163759274	  438   35    159   -261    496
20210113163759340	  437   36    157   -260    497
20210113163759474	  439   35    160   -261    496
20210113163759574	  438   37    159   -259    496
20210113163759640	  437   37    157   -258    496
20210113163759774	  439   37    160   -259    496
20210113163759774	  439   40    160   -255    497
20210113163759940	  438   38    159   -257    496
20210113163800074	  438   38    159   -257    496
20210113163800140	  439   37    160   -258    496
20210113163800307	  438   40    159   -255    496
20210113163800474	  438   36    159   -260    496
20210113163800541	  437   37    157   -258    496
20210113163800641	  436   39    156   -256    496
20210113163800741	  437   40    157   -254    496
20210113163800841	  439   39    160   -255    495
20210113163800941	  439   39    160   -256    495
20210113163801007	  437   41    157   -253    496
20210113163801107	  438   41    158   -253    496
20210113163801174	  437   41    157   -253    496
20210113163801241	  439   40    160   -254    495
20210113163801407	  439   40    160   -254    496
20210113163801507	  437   41    157   -253    495
20210113163801574	  438   41    158   -253    495
20210113163801674	  436   41    156   -254    497
20210113163801707	  439   39    160   -256    496
20210113163801741	  437   42    157   -252    496
20210113163801874	  439   42    160   -252    496
20210113163802074	  438   42    158   -252    496
20210113163802141	  435   42    155   -252    496
20210113163802241	  437   44    158   -250    497
20210113163802341	  436   42    156   -252    496
20210113163802441	  438   43    158   -250    496
20210113163802541	  436   44    156   -249    496
20210113163802608	  436   44    156   -249    496
20210113163802708	  436   44    156   -250    496
20210113163802808	  436   44    156   -249    496
20210113163802908	  438   42    158   -252    495
20210113163803008	  438   44    158   -249    495
20210113163803075	  438   44    158   -249    496
20210113163803175	  435   45    155   -248    496
20210113163803275	  435   45    155   -248    496
20210113163803375	  436   45    156   -248    496
20210113163803475	  436   44    156   -249    496
20210113163803541	  437   47    157   -245    496
20210113163803641	  435   44    155   -250    496
20210113163803708	  436   45    156   -248    496
20210113163803841	  436   47    156   -245    495
20210113163803941	  435   46    155   -247    496
20210113163804041	  436   47    156   -245    496
20210113163804108	  435   46    155   -247    497
20210113163804208	  436   46    156   -247    496
20210113163804308	  436   46    156   -247    496
20210113163804408	  437   47    157   -245    495
20210113163804508	  434   46    154   -247    496
20210113163804608	  434   46    154   -248    497
20210113163804675	  435   46    155   -247    496
20210113163804775	  437   47    157   -245    495
20210113163804875	  436   49    156   -242    495
20210113163804975	  434   48    154   -244    496
20210113163805042	  438   51    158   -240    495
20210113163805142	  436   48    156   -244    495
20210113163805242	  436   48    156   -244    495
20210113163805342	  435   50    154   -241    495
20210113163805442	  435   48    155   -244    496
20210113163805508	  436   51    155   -239    494
20210113163805608	  434   49    153   -243    496
20210113163805708	  436   50    155   -241    494
20210113163805808	  434   49    153   -243    496
20210113163805909	  435   49    154   -242    495
20210113163806009	  436   50    156   -241    494
20210113163806075	  437   51    157   -239    494
20210113163806175	  436   50    156   -241    494
20210113163806275	  435   51    154   -240    494
20210113163806375	  436   53    155   -237    494
20210113163806475	  436   52    155   -238    494
20210113163806575	  436   53    155   -237    494
20210113163806675	  434   51    153   -240    495
20210113163806742	  434   51    153   -240    495
20210113163806875	  436   52    155   -238    494
20210113163806942	  436   53    155   -237    494
20210113163807009	  436   52    155   -238    494
20210113163807142	  434   53    153   -237    495
20210113163807209	  434   53    153   -237    494
20210113163807309	  436   54    155   -235    493
20210113163807409	  436   55    155   -233    492
20210113163807509	  435   56    154   -233    493
20210113163807609	  434   54    153   -235    494
20210113163807676	  434   55    153   -234    494
20210113163807742	  434   54    153   -236    494
20210113163807776	  435   56    154   -232    492
20210113163807842	  435   56    154   -233    493
20210113163807876	  434   55    153   -234    493
20210113163807909	  434   55    153   -234    493
20210113163807909	  433   54    151   -235    493
20210113163807976	  435   55    154   -234    493
20210113163808009	  434   54    153   -235    493
20210113163808009	  434   55    153   -234    493
20210113163808076	  434   55    152   -234    493
20210113163808142	  434   55    152   -234    493
20210113163808176	  435   56    154   -232    493
20210113163808242	  434   55    152   -234    492
20210113163808276	  434   55    152   -234    492
20210113163808276	  434   55    152   -234    492
20210113163808376	  435   55    154   -234    492
20210113163808376	  433   55    151   -233    492
20210113163808543	  434   56    152   -232    492
20210113163808576	  434   55    153   -234    493
20210113163808609	  435   57    154   -231    493
20210113163808776	  435   56    154   -232    492
20210113163808909	  435   56    154   -232    492
20210113163808943	  435   56    153   -232    492
20210113163808976	  435   56    153   -232    492
20210113163809009	  437   56    156   -232    491
20210113163809043	  434   57    153   -231    493
20210113163809076	  434   57    152   -231    492
20210113163809176	  434   57    152   -231    492
20210113163809276	  437   58    156   -230    492
20210113163809376	  433   58    152   -230    494
20210113163809443	  434   59    153   -229    493
20210113163809509	  433   59    152   -229    494
20210113163809543	  433   58    151   -230    493
20210113163809576	  434   58    153   -230    493
20210113163809643	  434   58    152   -230    493
20210113163809709	  434   59    152   -228    492
20210113163809743	  434   59    153   -229    493
20210113163809810	  438   60    157   -227    492
20210113163809843	  433   57    152   -232    494
20210113163809876	  433   60    151   -227    492
20210113163809910	  431   58    149   -230    494
20210113163809943	  431   58    149   -230    493
20210113163809976	  433   60    151   -227    493
20210113163810043	  435   59    154   -228    492
20210113163810076	  434   60    152   -227    492
20210113163810110	  433   60    151   -227    492
20210113163810176	  434   59    152   -228    492
20210113163810176	  433   59    151   -228    492
20210113163810276	  434   59    152   -228    492
20210113163810410	  433   59    151   -228    492
20210113163810443	  432   60    150   -227    492
20210113163810510	  433   60    151   -227    493
20210113163810543	  433   61    151   -226    492
20210113163810576	  434   61    152   -226    492
20210113163810610	  431   60    149   -227    493
20210113163810643	  434   60    152   -227    492
20210113163810676	  432   61    150   -226    493
20210113163810710	  434   60    152   -227    492
20210113163810743	  433   61    151   -226    492
20210113163810776	  436   63    155   -224    493
20210113163810810	  433   61    151   -226    493
20210113163810910	  434   60    152   -227    492
20210113163810976	  431   62    148   -224    492
20210113163811043	  434   62    152   -224    491
20210113163811077	  432   62    150   -225    492
20210113163811143	  432   62    150   -225    493
20210113163811177	  432   62    150   -225    492
20210113163811210	  433   63    151   -223    492
20210113163811277	  433   62    151   -224    492
20210113163811310	  433   62    151   -224    492
20210113163811377	  433   62    151   -224    492
20210113163811410	  433   62    151   -224    492
20210113163811443	  432   63    150   -223    492
20210113163811477	  433   62    151   -224    492
20210113163811577	  432   63    150   -224    493
20210113163811643	  432   63    150   -223    492
20210113163811677	  430   63    148   -224    493
20210113163811710	  433   63    151   -223    491
20210113163811743	  432   63    150   -223    492
20210113163811877	  431   63    149   -224    493
20210113163812010	  432   64    150   -222    492
20210113163812043	  434   65    152   -220    491
20210113163812110	  433   64    151   -222    492
20210113163812177	  431   64    149   -222    493
20210113163812277	  432   64    150   -222    492
20210113163812344	  433   67    151   -218    492
20210113163812444	  433   67    151   -218    492
20210113163812477	  434   65    152   -220    492
20210113163812544	  432   65    150   -220    492
20210113163812610	  433   67    151   -218    492
20210113163812677	  432   65    150   -221    492
20210113163812677	  433   66    151   -219    491
20210113163812744	  433   67    151   -218    491
20210113163812810	  434   65    152   -220    492
20210113163812810	  439   33    273   -450    847
20210113163812810	  432   55    258   -402    847
20210113163812810	  433   67    151   -218    491
20210113163812910	  433   66    151   -219    491
20210113163812910	  432   66    150   -219    491
20210113163812977	  432   66    150   -219    492
20210113163813010	  433   65    151   -221    492
20210113163813044	  431   65    149   -221    493
20210113163813110	  431   66    149   -219    492
20210113163813210	  431   67    149   -218    493
20210113163813277	  432   68    150   -217    492
20210113163813310	  429   69    146   -216    493
20210113163813344	  429   71    146   -213    493
20210113163813377	  429   71    146   -213    492
20210113163813444	  429   72    146   -211    491
20210113163813511	  431   72    148   -211    491
20210113163813544	  431   72    148   -211    491
20210113163813611	  429   72    146   -211    491
20210113163813644	  429   72    146   -211    491
20210113163813711	  430   73    147   -210    491
20210113163813744	  430   73    147   -210    491
20210113163813811	  430   73    147   -210    491
20210113163813944	  429   73    145   -210    490
20210113163813977	  429   73    146   -210    490
20210113163814011	  430   74    147   -209    491
20210113163814111	  429   75    146   -207    491
20210113163814177	  430   74    147   -209    491
20210113163814211	  428   74    144   -209    491
20210113163814211	  430   74    147   -208    490
20210113163814277	  430   76    147   -206    491
20210113163814444	  430   74    147   -209    491
20210113163814511	  429   77    146   -205    492
20210113163814544	  429   76    146   -206    492
20210113163814611	  430   76    147   -206    491
20210113163814677	  428   74    145   -209    491
20210113163814711	  429   75    146   -207    491
20210113163814744	  429   75    146   -208    491
20210113163814778	  430   75    147   -207    491
20210113163814811	  430   75    147   -207    491
20210113163814878	  430   75    147   -207    491
20210113163814944	  430   75    147   -207    491
20210113163815011	  430   75    147   -207    491
20210113163815078	  430   75    147   -207    491
20210113163815178	  431   76    148   -206    491
20210113163815244	  429   76    146   -206    491
20210113163815278	  431   76    148   -206    491
20210113163815344	  429   77    146   -205    491
20210113163815411	  429   76    146   -206    491
20210113163815444	  430   77    147   -205    490
20210113163815544	  430   77    147   -205    490
20210113163815578	  430   77    147   -205    491
20210113163815678	  429   77    146   -205    491
20210113163815711	  429   77    146   -205    490
20210113163815778	  429   77    146   -205    490
20210113163815844	  429   77    146   -205    491
20210113163815911	  429   77    146   -205    491
20210113163815944	  429   77    146   -205    490
20210113163815978	  428   80    144   -201    491
20210113163815978	  429   78    146   -203    491
20210113163816044	  429   79    146   -202    491
20210113163816111	  428   78    144   -203    491
20210113163816211	  432   78    149   -203    490
20210113163816378	  428   77    144   -205    490
20210113163816511	  430   77    147   -205    490
20210113163816645	  430   79    147   -202    489
20210113163816845	  430   79    147   -202    490
20210113163817011	  429   80    146   -201    491
20210113163817211	  428   79    144   -202    490
20210113163817378	  426   80    142   -201    491
20210113163817578	  428   81    144   -199    490
20210113163817778	  427   80    143   -201    490
20210113163817812	  428   82    144   -198    490
20210113163817912	  427   80    143   -201    490
20210113163818045	  428   82    144   -198    491
20210113163818112	  429   81    146   -200    491
20210113163818178	  428   82    144   -198    491
20210113163818312	  430   82    147   -198    491
20210113163818512	  427   80    143   -201    491
20210113163818712	  429   82    146   -199    492
20210113163818879	  427   83    143   -197    491
20210113163819079	  428   83    144   -197    491
20210113163819279	  427   83    143   -197    490
20210113163819479	  428   85    144   -194    490
20210113163819679	  428   84    144   -196    490
20210113163819812	  428   85    145   -195    491
20210113163820012	  428   85    145   -195    492
20210113163820212	  427   85    143   -195    491
20210113163820312	  426   83    142   -198    492
20210113163820512	  428   85    145   -195    491
20210113163820712	  427   87    143   -192    490
20210113163820879	  427   87    143   -192    491
20210113163821079	  426   87    142   -192    490
20210113163821279	  426   87    142   -192    490
20210113163821446	  426   86    142   -193    490
20210113163821646	  429   89    145   -189    489
20210113163821813	  427   87    143   -192    490
20210113163821979	  427   85    143   -195    490
20210113163822146	  426   88    141   -190    489
20210113163822346	  425   90    140   -188    490
20210113163822513	  425   88    140   -190    489
20210113163822713	  425   89    140   -189    489
20210113163822879	  427   91    143   -186    489
20210113163822946	  427   91    143   -186    489
20210113163822946	  427   91    143   -186    489
20210113163823180	  424   89    139   -189    490
20210113163823380	  425   91    140   -186    489
20210113163823580	  425   90    140   -188    490
20210113163823746	  426   92    141   -185    489
20210113163823913	  426   92    141   -185    489
20210113163824146	  426   93    141   -184    488
20210113163824346	  427   93    143   -184    489
20210113163824513	  424   93    139   -184    490
20210113163824713	  425   93    140   -184    489
20210113163824913	  425   95    140   -181    489
20210113163824980	  425   94    140   -183    489
20210113163825147	  425   94    140   -183    489
20210113163825347	  425   94    140   -183    489
20210113163825480	  426   94    141   -182    488
20210113163825547	  426   94    141   -182    489
20210113163825613	  426   96    141   -180    489
20210113163825747	  426   96    141   -180    489
20210113163825947	  425   95    140   -181    489
20210113163826114	  426   97    141   -179    489
20210113163826314	  425   97    140   -179    489
20210113163826480	  424   98    139   -177    489
20210113163826680	  425   98    140   -177    489
20210113163826847	  424   99    139   -176    489
20210113163827014	  424   99    139   -176    489
20210113163827180	  425   98    140   -177    488
20210113163827347	  423   98    138   -178    490
20210113163827447	  424  100    139   -175    489
20210113163827581	  423  100    138   -175    489
20210113163827747	  424   99    139   -176    489
20210113163827947	  425  101    140   -173    489
20210113163828147	  424  100    139   -175    489
20210113163828314	  423  101    138   -173    488
20210113163828514	  425  102    140   -172    488
20210113163828714	  423  102    138   -172    488
20210113163828814	  424  102    139   -172    488
20210113163828981	  424  101    139   -173    488
20210113163829181	  424  102    139   -172    488
20210113163829381	  423  104    138   -169    488
20210113163829581	  423  105    138   -168    489
20210113163829748	  423  105    137   -168    488
20210113163829948	  424  105    139   -168    489
20210113163830115	  423  104    138   -170    489
20210113163830315	  423  104    138   -170    489
20210113163830515	  423  105    138   -168    489
20210113163830715	  422  105    136   -168    489
20210113163830881	  423  106    138   -167    489
20210113163831081	  422  108    137   -165    489
20210113163831282	  422  108    137   -165    489
20210113163831482	  421  108    135   -165    489
20210113163831648	  424  109    139   -164    489
20210113163831848	  423  108    138   -165    489
20210113163832015	  421  109    135   -164    489
20210113163832148	  421  108    135   -165    490
20210113163832348	  422  108    136   -165    489
20210113163832549	  421  110    135   -162    489
20210113163832749	  421  109    135   -164    490
20210113163832949	  421  111    135   -161    489
20210113163833115	  420  111    134   -161    489
20210113163833315	  420  112    134   -160    489
20210113163833482	  420  112    134   -160    489
20210113163833682	  422  113    136   -158    487
20210113163833749	  420  111    134   -161    489
20210113163833782	  420  111    134   -161    490
20210113163833849	  422  111    136   -161    489
20210113163833949	  421  113    135   -158    489
20210113163834149	  422  112    136   -159    488
20210113163834382	  421  113    135   -158    488
20210113163834482	  422  113    136   -158    489
20210113163834616	  420  114    134   -157    489
20210113163834816	  421  114    135   -157    489
20210113163834849	  421  114    135   -157    488
20210113163834916	  421  113    135   -158    489
20210113163834949	  420  114    134   -157    489
20210113163835016	  421  114    135   -157    488
20210113163835083	  421  115    135   -156    489
20210113163835116	  419  115    133   -156    489
20210113163835183	  420  116    134   -155    489
20210113163835249	  420  115    134   -156    489
20210113163835283	  421  115    135   -156    489
20210113163835349	  419  116    133   -155    489
20210113163835416	  420  117    134   -153    489
20210113163835616	  420  116    134   -155    489
20210113163835783	  421  115    135   -156    489
20210113163835983	  421  115    135   -156    489
20210113163836150	  420  117    134   -153    489
20210113163836350	  421  116    135   -154    489
20210113163836550	  421  118    135   -152    489
20210113163836616	  419  117    133   -153    489
20210113163836650	  420  117    134   -153    489
20210113163836850	  421  119    135   -150    488
20210113163837016	  420  118    134   -152    489
20210113163837183	  419  120    133   -149    488
20210113163837417	  419  120    133   -149    489
20210113163837517	  420  119    134   -150    488
20210113163837650	  418  118    132   -152    490
20210113163837817	  418  118    132   -152    490
20210113163838017	  419  119    133   -151    489
20210113163838183	  420  119    134   -151    489
20210113163838383	  418  120    132   -149    489
20210113163838583	  419  121    133   -148    489
20210113163838784	  418  123    131   -145    489
20210113163838984	  418  123    132   -146    489
20210113163839050	  419  122    133   -147    489
20210113163839284	  419  122    133   -147    489
20210113163839450	  419  122    133   -147    489
20210113163839650	  417  123    130   -146    489
20210113163839850	  418  124    132   -144    489
20210113163840017	  419  123    133   -146    489
20210113163840217	  419  123    133   -146    489
20210113163840251	  419  125    133   -143    489
20210113163840251	  418  124    132   -144    489
20210113163840351	  418  124    132   -144    489
20210113163840417	  417  124    130   -144    489
20210113163840617	  419  126    133   -142    489
20210113163840784	  418  125    131   -143    489
20210113163840984	  417  126    130   -141    488
20210113163841184	  417  126    130   -142    488
20210113163841384	  417  127    130   -140    488
20210113163841584	  417  128    130   -139    488
20210113163841784	  417  128    130   -139    489
20210113163841984	  417  127    130   -140    489
20210113163842184	  416  128    129   -139    489
20210113163842318	  417  128    130   -139    489
20210113163842451	  417  128    130   -139    489
20210113163842451	  417  129    130   -138    489
20210113163842518	  417  128    130   -139    489
20210113163842651	  416  129    129   -138    489
20210113163842785	  417  128    130   -139    489
20210113163842951	  416  128    129   -139    489
20210113163843085	  417  130    130   -136    488
20210113163843285	  417  129    130   -138    489
20210113163843451	  416  130    129   -137    489
20210113163843651	  416  131    129   -135    489
20210113163843885	  417  131    130   -136    489
20210113163844052	  416  131    129   -135    489
20210113163844218	  416  132    129   -134    489
20210113163844418	  416  131    129   -135    489
20210113163844618	  415  131    128   -136    490
20210113163844752	  416  132    129   -134    489
20210113163844885	  416  132    129   -134    490
20210113163845052	  416  132    129   -134    490
20210113163845219	  415  133    128   -133    489
20210113163845219	  417  132    130   -134    489
20210113163845385	  415  134    128   -132    489
20210113163845519	  416  133    129   -133    489
20210113163845719	  415  134    128   -132    490
20210113163845952	  415  134    128   -132    490
20210113163846119	  416  134    129   -132    490
20210113163846285	  414  134    127   -132    490
20210113163846485	  414  134    127   -132    491
20210113163846686	  415  135    128   -130    490
20210113163846752	  415  135    128   -131    490
20210113163846852	  415  136    128   -129    489
20210113163846886	  414  136    127   -129    490
20210113163847052	  414  135    127   -130    489
20210113163847119	  414  135    127   -131    490
20210113163847152	  414  137    127   -128    489
20210113163847219	  415  136    128   -129    490
20210113163847252	  415  136    128   -129    489
20210113163847352	  415  136    128   -129    489
20210113163847386	  413  137    126   -128    490
20210113163847452	  414  137    127   -128    490
20210113163847486	  415  137    128   -128    489
20210113163847552	  413  137    125   -128    490
20210113163847619	  414  137    127   -128    489
20210113163847652	  414  137    127   -128    490
20210113163847819	  415  137    128   -128    490
20210113163848019	  414  138    127   -127    490
20210113163848253	  414  138    127   -127    489
20210113163848419	  414  137    127   -128    490
20210113163848619	  413  139    125   -125    489
20210113163848819	  413  140    125   -124    489
20210113163849053	  413  139    125   -125    490
20210113163849219	  414  141    127   -123    489
20210113163849353	  414  142    127   -121    489
20210113163849453	  414  141    127   -123    489
20210113163849653	  414  141    127   -123    490
20210113163849753	  412  141    124   -123    490
20210113163849853	  412  141    124   -123    490
20210113163849986	  412  141    124   -123    491
20210113163850186	  412  141    124   -123    491
20210113163850320	  413  142    125   -121    490
20210113163850486	  413  142    125   -122    490
20210113163850720	  413  143    125   -120    489
20210113163850920	  413  143    126   -120    490
20210113163851153	  413  144    125   -119    490
20210113163851353	  412  145    124   -118    490
20210113163851553	  411  144    123   -119    491
20210113163851720	  411  144    123   -119    490
20210113163851920	  412  144    124   -119    490
20210113163852054	  411  144    123   -119    490
20210113163852220	  413  146    125   -116    489
20210113163852320	  412  145    124   -118    490
20210113163852454	  412  145    124   -118    490
20210113163852654	  411  145    123   -118    490
20210113163852887	  412  147    124   -115    490
20210113163853120	  411  147    123   -115    490
20210113163853187	  411  148    123   -114    490
20210113163853287	  412  148    124   -114    489
20210113163853521	  410  147    122   -115    491
20210113163853754	  410  147    122   -115    491
20210113163853954	  411  148    123   -114    490
20210113163854187	  411  148    123   -114    491
20210113163854387	  410  148    122   -114    491
20210113163854587	  412  149    124   -113    491
20210113163854821	  411  149    123   -113    491
20210113163854854	  411  150    123   -111    491
20210113163854921	  411  150    135   -122    536
20210113163854988	  410  151    122   -110    491
20210113163854988	  411  150    123   -111    491
20210113163855054	  410  151    122   -110    491
20210113163855154	  411  151    123   -110    491
20210113163855388	  411  151    123   -110    490
20210113163855588	  410  151    122   -110    492
20210113163855821	  410  151    122   -110    491
20210113163856055	  411  152    123   -109    491
20210113163856188	  409  151    121   -110    491
20210113163856388	  410  153    122   -108    491
20210113163856555	  410  152    122   -109    491
20210113163856655	  409  154    121   -106    491
20210113163856788	  409  154    121   -106    491
20210113163856921	  409  152    121   -109    491
20210113163857021	  408  154    119   -106    491
20210113163857155	  409  152    121   -109    492
20210113163857288	  410  154    122   -106    491
20210113163857421	  409  154    120   -106    490
20210113163857522	  409  154    121   -106    491
20210113163857655	  409  154    121   -106    490
20210113163857788	  409  153    121   -108    492
20210113163857922	  409  155    121   -105    491
20210113163858055	  410  154    122   -107    492
20210113163858155	  409  155    121   -105    491
20210113163858288	  409  156    121   -104    491
20210113163858422	  409  155    121   -105    492
20210113163858522	  409  155    121   -105    491
20210113163858655	  409  156    121   -104    491
20210113163858788	  408  155    120   -105    491
20210113163858922	  408  157    120   -103    491
20210113163859022	  408  157    120   -103    492
20210113163859155	  408  157    119   -102    491
20210113163859289	  409  157    121   -103    491
20210113163859422	  409  157    121   -103    491
20210113163859555	  409  157    121   -102    491
20210113163859655	  409  157    121   -103    491
20210113163859789	  409  157    121   -103    491
20210113163859922	  409  157    121   -103    491
20210113163900055	  408  157    120   -103    492
20210113163900155	  407  158    118   -101    491
20210113163900289	  408  159    120   -100    491
20210113163900422	  408  158    119   -101    491
20210113163900556	  409  157    121   -103    492
20210113163900656	  407  159    118   -100    491
20210113163900789	  408  159    120   -100    491
20210113163900922	  407  158    118   -101    492
20210113163901056	  407  158    118   -101    491
20210113163901156	  407  158    118   -101    492
20210113163901289	  408  160    120    -99    491
20210113163901422	  408  160    119    -99    491
20210113163901523	  408  160    119    -99    491
20210113163901656	  406  160    117    -99    492
20210113163901789	  407  159    118   -100    492
20210113163901923	  408  160    119    -99    491
20210113163902023	  406  160    117    -99    491
20210113163902156	  407  162    118    -96    491
20210113163902289	  407  161    118    -98    491
20210113163902423	  407  161    118    -97    491
20210113163902556	  407  161    118    -98    492
20210113163902656	  405  163    116    -95    492
20210113163902789	  406  161    117    -98    492
20210113163902923	  406  163    117    -95    492
20210113163903023	  406  163    117    -95    492
20210113163903156	  407  163    118    -95    492
20210113163903290	  407  162    118    -96    492
20210113163903423	  407  163    118    -95    491
20210113163903523	  407  161    118    -98    492
20210113163903656	  406  163    117    -95    492
20210113163903790	  407  164    118    -94    491
20210113163903923	  405  163    116    -95    492
20210113163904056	  406  163    117    -95    492
20210113163904156	  407  163    119    -95    492
20210113163904290	  405  163    116    -95    492
20210113163904423	  405  163    116    -95    492
20210113163904557	  405  164    116    -94    492
20210113163904657	  406  163    117    -95    492
20210113163904790	  405  163    116    -95    492
20210113163904923	  405  163    116    -95    492
20210113163905057	  405  163    116    -95    492
20210113163905157	  405  164    116    -94    491
20210113163905290	  407  163    118    -95    491
20210113163905423	  405  163    116    -95    492
20210113163905557	  406  164    117    -94    492
20210113163905657	  406  164    117    -94    493
20210113163905790	  405  164    116    -94    493
20210113163905924	  406  164    117    -94    492
20210113163906057	  406  164    117    -94    492
20210113163906190	  405  164    116    -94    493
20210113163906290	  405  164    116    -94    493
20210113163906424	  407  166    118    -91    492
20210113163906557	  405  164    116    -94    492
20210113163906657	  404  164    115    -94    492
20210113163906791	  407  164    118    -94    492
20210113163906924	  406  164    117    -94    492
20210113163907057	  406  165    117    -92    492
20210113163907157	  406  165    117    -92    492
20210113163907291	  407  164    118    -94    492
20210113163907424	  405  164    116    -94    492
20210113163907557	  406  164    117    -94    492
20210113163907657	  406  164    117    -94    492
20210113163907791	  407  165    118    -92    492
20210113163907924	  405  164    116    -94    492
20210113163908058	  407  164    119    -94    492
20210113163908158	  405  164    116    -94    493
20210113163908291	  405  164    116    -94    492
20210113163908424	  405  164    116    -94    492
20210113163908558	  405  164    116    -94    492
20210113163908691	  405  165    116    -92    491
20210113163908791	  403  166    113    -91    492
20210113163908924	  405  165    116    -92    491
20210113163909058	  405  164    116    -94    492
20210113163909124	  406  165    117    -92    491
20210113163909258	  405  164    116    -94    492
20210113163909425	  404  166    115    -91    492
20210113163909558	  406  165    117    -93    492
20210113163909691	  406  165    117    -92    492
20210113163909791	  406  165    117    -93    492
20210113163909925	  406  165    117    -92    491
20210113163910058	  406  165    117    -92    491
20210113163910191	  406  165    117    -92    492
20210113163910291	  406  165    117    -92    492
20210113163910425	  405  164    116    -94    492
20210113163910558	  405  164    116    -94    492
20210113163910692	  405  164    116    -94    492
20210113163910792	  405  164    116    -94    492
20210113163910925	  406  166    117    -91    491
20210113163911058	  406  165    117    -92    492
20210113163911192	  406  165    117    -92    492
20210113163911292	  405  167    116    -90    492
20210113163911425	  405  166    116    -91    492
20210113163911558	  405  166    116    -91    492
20210113163911658	  405  166    116    -91    492
20210113163911792	  407  164    118    -94    492
20210113163911925	  407  165    118    -92    492
20210113163912059	  406  165    117    -92    492
20210113163912159	  406  166    117    -91    492
20210113163912292	  406  165    117    -92    491
20210113163912425	  406  166    117    -91    490
20210113163912559	  406  165    117    -92    491
20210113163912659	  406  165    117    -92    491
20210113163912792	  406  165    117    -92    492
20210113163912925	  406  166    117    -91    491
20210113163913059	  405  166    116    -91    492
20210113163913159	  405  166    116    -91    492
20210113163913292	  405  166    116    -91    492
20210113163913426	  406  166    117    -91    492
20210113163913559	  405  166    116    -91    492
20210113163913659	  406  165    117    -92    491
20210113163913792	  405  165    116    -93    492
20210113163913926	  406  165    117    -92    492
20210113163914059	  404  167    115    -90    492
20210113163914192	  406  165    117    -92    492
20210113163914292	  405  166    116    -91    492
20210113163914426	  406  165    117    -93    492
20210113163914559	  404  166    115    -91    492
20210113163914659	  406  166    117    -91    492
20210113163914793	  404  166    115    -91    492
20210113163914926	  406  166    117    -91    491
20210113163915059	  406  166    117    -91    491
20210113163915193	  406  166    117    -91    491
20210113163915293	  406  166    117    -91    492
20210113163915426	  405  165    116    -92    492
20210113163915559	  404  167    114    -90    491
20210113163915693	  406  166    117    -91    492
20210113163915793	  405  165    116    -93    492
20210113163915926	  405  167    116    -90    492
20210113163916060	  406  166    117    -91    491
20210113163916160	  405  166    116    -91    492
20210113163916293	  406  166    117    -91    492
20210113163916460	  405  166    116    -91    491
20210113163916560	  406  166    117    -91    492
20210113163916693	  406  166    117    -91    492
20210113163916826	  405  165    116    -93    492
20210113163916960	  406  166    117    -91    492
20210113163917093	  405  165    116    -93    493
20210113163917193	  405  165    116    -93    493
20210113163917327	  405  165    116    -93    492
20210113163917460	  406  166    117    -91    492
20210113163917593	  405  167    116    -90    492
20210113163917693	  405  165    116    -93    492
20210113163917827	  406  166    117    -91    492
20210113163917960	  405  166    116    -91    492
20210113163918093	  405  167    116    -90    491
20210113163918193	  406  166    117    -91    492
20210113163918327	  405  165    116    -93    492
20210113163918460	  405  165    116    -93    493
20210113163918594	  405  165    116    -93    493
20210113163918694	  406  166    117    -91    491
20210113163918827	  405  165    116    -93    493
20210113163918960	  406  166    117    -91    492
20210113163919094	  406  166    117    -91    492
20210113163919194	  405  166    116    -91    492
20210113163919327	  405  167    116    -90    492
20210113163919427	  406  167    117    -90    493
20210113163919594	  406  167    117    -90    492
20210113163919727	  406  166    117    -91    492
20210113163919861	  405  165    116    -93    492
20210113163919961	  406  166    117    -91    492
20210113163920094	  405  165    116    -93    493
20210113163920227	  406  167    117    -90    492
20210113163920361	  405  165    116    -93    493
20210113163920461	  406  167    117    -90    492
20210113163920594	  406  167    117    -90    493
20210113163920727	  406  167    117    -90    492
20210113163920861	  406  166    117    -91    493
20210113163920961	  405  167    116    -90    492
20210113163921094	  406  167    117    -90    492
20210113163921228	  406  167    117    -90    492
20210113163921394	  405  167    116    -90    492
20210113163921494	  406  166    117    -91    492
20210113163921628	  406  166    117    -91    492
20210113163921761	  405  167    116    -90    492
20210113163921894	  405  165    116    -93    493
20210113163921994	  406  166    117    -91    491
20210113163922128	  406  167    117    -90    492
20210113163922261	  406  167    117    -90    492
20210113163922394	  406  167    117    -90    492
20210113163922528	  406  167    117    -90    492
20210113163922628	  406  167    117    -90    492
20210113163922761	  405  167    116    -90    493
20210113163922895	  406  167    117    -90    492
20210113163923028	  406  167    117    -90    492
20210113163923128	  406  165    118    -93    493
20210113163923261	  406  167    117    -90    492
20210113163923395	  406  167    117    -90    492
20210113163923528	  406  166    117    -91    492
20210113163923661	  406  167    117    -90    492
20210113163923795	  406  167    117    -90    492
20210113163923895	  406  167    117    -90    492
20210113163924028	  406  167    117    -90    492
20210113163924162	  406  167    117    -90    492
20210113163924295	  405  167    116    -90    492
20210113163924395	  405  167    116    -90    492
20210113163924562	  406  167    117    -90    492
20210113163924662	  405  167    116    -90    492
20210113163924795	  405  167    116    -90    492
20210113163924928	  405  167    116    -90    492
20210113163925062	  405  167    116    -90    492
20210113163925195	  405  167    116    -90    492
20210113163925329	  406  167    117    -90    493
20210113163925462	  405  167    116    -90    492
20210113163925595	  405  167    116    -90    492
20210113163925729	  405  167    116    -90    492
20210113163925862	  406  167    117    -90    492
20210113163925995	  405  167    116    -90    491
20210113163926129	  405  167    116    -90    492
20210113163926262	  405  167    116    -90    492
20210113163926395	  405  167    116    -90    493
20210113163926562	  406  167    117    -90    491
20210113163926696	  406  167    117    -90    492
20210113163926829	  406  167    117    -90    492
20210113163926962	  406  167    117    -90    492
20210113163927096	  404  167    115    -90    492
20210113163927229	  406  167    117    -90    492
20210113163927362	  406  167    117    -90    492
20210113163927496	  406  167    117    -90    492
20210113163927662	  404  167    115    -90    492
20210113163927796	  406  167    117    -90    492
20210113163927929	  406  167    117    -90    492
20210113163928063	  405  168    116    -89    492
20210113163928196	  406  167    117    -90    492
20210113163928329	  406  167    117    -90    492
20210113163928463	  406  167    117    -90    492
20210113163928629	  405  167    116    -90    493
20210113163928729	  406  167    117    -90    492
20210113163928863	  406  167    117    -90    492
20210113163929029	  405  166    116    -91    493
20210113163929129	  404  167    115    -90    493
20210113163929263	  405  167    116    -90    492
20210113163929430	  405  167    116    -90    492
20210113163929530	  405  167    116    -90    492
20210113163929696	  405  167    116    -90    492
20210113163929830	  406  167    117    -90    492
20210113163929963	  405  167    116    -90    491
20210113163930063	  405  167    116    -90    492
20210113163930230	  405  167    116    -90    492
20210113163930363	  404  167    114    -90    491
20210113163930496	  404  167    115    -90    492
20210113163930663	  405  167    116    -90    492
20210113163930796	  406  167    117    -90    491
20210113163930930	  406  167    117    -90    492
20210113163931063	  405  168    116    -89    491
20210113163931230	  406  166    117    -91    492
20210113163931363	  405  165    116    -93    493
20210113163931497	  406  166    117    -91    491
20210113163931630	  406  166    117    -91    491
20210113163931797	  405  165    116    -93    493
20210113163931930	  406  166    117    -91    491
20210113163932064	  405  168    116    -88    491
20210113163932197	  406  166    117    -91    491
20210113163932330	  406  167    117    -90    492
20210113163932464	  405  168    116    -88    491
20210113163932630	  405  167    116    -90    492
20210113163932764	  405  165    116    -93    492
20210113163932897	  405  167    116    -90    491
20210113163933030	  405  165    116    -92    492
20210113163933197	  404  166    114    -91    491
20210113163933331	  405  166    116    -91    491
20210113163933464	  405  166    116    -91    491
20210113163933597	  407  166    118    -91    491
20210113163933731	  406  165    117    -92    492
20210113163933897	  406  165    117    -92    491
20210113163934031	  406  164    117    -94    492
20210113163934164	  407  166    118    -91    491
20210113163934297	  406  164    117    -94    492
20210113163934464	  406  165    117    -92    491
20210113163934598	  406  166    117    -91    491
20210113163934731	  407  165    118    -92    491
20210113163934864	  405  165    116    -92    491
20210113163934998	  406  165    117    -92    491
20210113163935164	  405  164    116    -94    491
20210113163935298	  406  165    117    -92    491
20210113163935431	  406  165    117    -92    491
20210113163935564	  407  165    118    -92    491
20210113163935731	  407  165    118    -92    491
20210113163935865	  407  165    118    -92    491
20210113163935998	  407  165    118    -92    491
20210113163936131	  407  165    118    -92    490
20210113163936298	  407  166    118    -91    490
20210113163936431	  407  164    118    -94    491
20210113163936565	  407  165    118    -92    490
20210113163936698	  406  164    117    -94    491
20210113163936865	  406  165    117    -92    490
20210113163936998	  406  163    117    -95    491
20210113163937132	  406  162    117    -96    492
20210113163937265	  407  164    118    -93    491
20210113163937398	  407  162    118    -96    491
20210113163937565	  407  164    118    -93    490
20210113163937698	  406  163    117    -95    491
20210113163937832	  406  164    117    -93    490
20210113163937965	  406  164    117    -93    489
20210113163938132	  406  163    117    -95    491
20210113163938265	  407  163    118    -95    490
20210113163938398	  406  164    117    -93    491
20210113163938532	  407  163    118    -95    491
20210113163938665	  406  164    117    -93    490
20210113163938832	  406  163    117    -95    490
20210113163938965	  406  163    117    -95    491
20210113163939099	  407  164    118    -93    491
20210113163939232	  407  163    118    -95    491
20210113163939365	  407  164    118    -93    490
20210113163939532	  408  164    119    -93    490
20210113163939665	  407  163    118    -95    491
20210113163939799	  407  163    118    -95    491
20210113163939932	  406  164    117    -93    491
20210113163940099	  406  163    117    -95    490
20210113163940232	  406  162    117    -96    490
20210113163940366	  407  163    118    -95    490
20210113163940499	  407  162    118    -96    490
20210113163940666	  407  162    118    -96    490
20210113163940799	  406  161    117    -97    490
20210113163940932	  408  163    119    -95    489
20210113163941066	  408  162    119    -96    490
20210113163941232	  408  163    119    -95    490
20210113163941366	  407  161    118    -97    491
20210113163941499	  408  162    119    -96    490
20210113163941633	  408  162    119    -96    490
20210113163941799	  407  162    118    -96    491
20210113163941933	  407  163    118    -95    491
20210113163942066	  406  162    117    -96    490
20210113163942199	  406  162    117    -96    490
20210113163942333	  407  162    118    -96    489
20210113163942499	  407  160    118    -99    490
20210113163942633	  408  161    119    -97    490
20210113163942766	  408  162    119    -96    490
20210113163942900	  408  162    119    -96    489
20210113163943033	  408  162    119    -96    490
20210113163943200	  408  161    119    -97    490
20210113163943333	  408  161    119    -97    490
20210113163943466	  408  161    119    -97    490
20210113163943600	  408  161    119    -97    490
20210113163943733	  408  162    119    -96    489
20210113163943900	  408  160    119    -99    490
20210113163944033	  408  160    119    -98    489
20210113163944167	  408  160    119    -98    489
20210113163944333	  408  161    119    -97    489
20210113163944467	  409  161    120    -97    489
20210113163944600	  408  160    119    -98    490
20210113163944733	  408  160    119    -98    489
20210113163944900	  408  159    119   -100    489
20210113163945033	  409  161    120    -97    489
20210113163945167	  409  160    120    -98    490
20210113163945300	  408  161    119    -97    490
20210113163945434	  407  160    118    -98    489
20210113163945600	  407  160    118    -98    490
20210113163945734	  408  160    119    -98    489
20210113163945867	  408  159    119   -100    489
20210113163946000	  408  159    119   -100    489
20210113163946167	  407  159    118   -100    489
20210113163946300	  408  159    119   -100    489
20210113163946434	  408  158    119   -101    489
20210113163946567	  410  158    122   -101    489
20210113163946701	  408  158    119   -101    489
20210113163946867	  410  159    122   -100    490
20210113163947001	  410  159    122   -100    489
20210113163947134	  408  158    119   -101    490
20210113163947267	  409  158    120   -101    489
20210113163947401	  408  158    119   -101    489
20210113163947567	  409  158    120   -101    489
20210113163947701	  408  158    119   -101    489
20210113163947834	  410  158    121   -101    489
20210113163947968	  408  157    119   -102    490
20210113163948134	  409  157    120   -102    489
20210113163948234	  409  157    120   -102    490
20210113163948401	  409  158    120   -101    489
20210113163948534	  409  156    120   -104    490
20210113163948668	  409  156    120   -104    490
20210113163948834	  409  156    120   -104    490
20210113163948968	  408  156    119   -104    490
20210113163949101	  409  157    120   -102    489
20210113163949268	  409  157    120   -102    489
20210113163949435	  410  156    122   -104    489
20210113163949568	  409  155    120   -105    490
20210113163949701	  410  156    121   -103    489
20210113163949835	  411  155    135   -115    536
20210113163950001	  411  155    123   -105    490
20210113163950135	  410  155    122   -105    490
20210113163950268	  410  155    122   -105    490
20210113163950402	  411  155    146   -124    581
20210113163950535	  411  155    135   -115    535
20210113163950702	  410  156    122   -103    489
20210113163950835	  410  155    122   -105    490
20210113163950968	  410  155    121   -105    489
20210113163951102	  411  154    123   -106    489
20210113163951235	  410  154    121   -106    489
20210113163951435	  410  154    122   -106    489
20210113163951569	  410  155    121   -105    489
20210113163951702	  411  154    123   -106    489
20210113163951835	  410  155    121   -105    488
20210113163952002	  411  155    123   -105    489
20210113163952135	  411  154    134   -116    535
20210113163952269	  411  155    123   -105    489
20210113163952402	  411  154    123   -106    489
20210113163952535	  410  153    122   -107    489
20210113163952702	  410  154    121   -106    489
20210113163952836	  409  154    120   -106    488
20210113163952969	  410  152    121   -108    489
20210113163953102	  410  154    121   -106    487
20210113163953269	  411  153    123   -107    488
20210113163953402	  409  153    120   -107    488
20210113163953536	  410  152    121   -108    489
20210113163953669	  412  153    124   -107    489
20210113163953802	  412  153    124   -107    489
20210113163953969	  412  153    124   -107    489
20210113163954102	  411  153    123   -107    489
20210113163954236	  411  152    123   -108    489
20210113163954369	  411  152    122   -108    487
20210113163954536	  412  151    124   -109    487
20210113163954669	  412  152    123   -108    487
20210113163954803	  411  151    122   -110    487
20210113163954936	  412  150    124   -111    487
20210113163955069	  411  150    122   -111    487
20210113163955236	  412  151    123   -109    486
20210113163955369	  413  150    125   -111    487
20210113163955503	  412  150    124   -111    488
20210113163955636	  413  150    125   -111    487
20210113163955803	  412  150    124   -111    487
20210113163955936	  412  150    124   -111    488
20210113163956070	  411  150    122   -111    487
20210113163956203	  411  150    122   -111    487
20210113163956370	  412  149    124   -112    487
20210113163956503	  412  149    123   -112    486
20210113163956636	  412  149    124   -112    487
20210113163956770	  412  149    123   -112    486
20210113163956903	  412  149    123   -112    486
20210113163957070	  410  149    121   -112    488
20210113163957203	  413  150    125   -111    487
20210113163957337	  412  150    123   -111    487
20210113163957470	  412  150    124   -111    487
20210113163957637	  413  148    125   -113    488
20210113163957770	  413  149    125   -112    487
20210113163957903	  413  148    125   -113    487
20210113163958070	  412  147    123   -114    487
20210113163958203	  413  148    125   -113    486
20210113163958304	  413  148    125   -113    486
20210113163958470	  413  148    124   -113    486
20210113163958604	  413  147    124   -114    486
20210113163958770	  413  148    125   -113    486
20210113163958904	  413  148    125   -113    486
20210113163959037	  412  147    123   -114    487
20210113163959170	  412  147    124   -115    487
20210113163959337	  413  148    125   -113    487
20210113163959471	  414  146    126   -116    487
20210113163959604	  414  146    126   -115    486
20210113163959771	  413  146    125   -116    486
20210113163959904	  412  145    123   -117    487
20210113164000037	  412  145    123   -117    486
20210113164000204	  412  145    123   -117    486
20210113164000337	  414  145    126   -117    485
20210113164000471	  413  145    124   -117    486
20210113164000604	  413  146    124   -115    486
20210113164000737	  413  146    125   -116    486
20210113164000904	  414  145    126   -117    486
20210113164001038	  413  146    125   -116    487
20210113164001171	  414  145    126   -117    486
20210113164001304	  414  146    126   -115    486
20210113164001471	  413  144    125   -118    487
20210113164001604	  413  145    125   -117    486
20210113164001738	  414  144    126   -118    486
20210113164001904	  414  144    126   -118    486
20210113164002038	  413  143    125   -120    487
20210113164002171	  413  144    125   -118    486
20210113164002305	  414  143    126   -119    486
20210113164002471	  414  143    126   -119    486
20210113164002605	  415  143    127   -119    486
20210113164002738	  414  143    126   -120    487
20210113164002871	  414  145    126   -117    486
20210113164003038	  414  144    126   -118    487
20210113164003171	  415  143    127   -119    486
20210113164003305	  415  143    127   -119    486
20210113164003471	  414  142    126   -121    486
20210113164003605	  415  141    127   -122    487
20210113164003772	  414  143    126   -119    486
20210113164003905	  413  141    125   -122    487
20210113164004038	  413  142    125   -121    487
20210113164004205	  414  142    126   -121    486
20210113164004338	  414  143    126   -119    486
20210113164004472	  414  141    126   -122    486
20210113164004638	  416  143    128   -119    486
20210113164004772	  416  141    128   -122    486
20210113164004905	  415  141    127   -122    486
20210113164005039	  415  141    127   -122    486
20210113164005205	  415  142    127   -120    485
20210113164005339	  414  140    126   -123    486
20210113164005472	  416  140    128   -123    485
20210113164005605	  414  139    126   -124    486
20210113164005772	  415  140    127   -123    485
20210113164005905	  415  140    127   -123    485
20210113164006072	  414  139    126   -125    486
20210113164006239	  416  140    128   -123    485
20210113164006372	  416  140    128   -123    485
20210113164006539	  416  138    128   -126    486
20210113164006672	  416  140    128   -123    485
20210113164006839	  416  139    128   -124    485
20210113164006972	  415  138    127   -126    486
20210113164007106	  415  139    127   -124    485
20210113164007272	  416  137    128   -127    485
20210113164007406	  415  140    127   -123    484
20210113164007539	  415  140    127   -123    485
20210113164007706	  416  138    128   -125    485
20210113164007839	  416  138    128   -126    485
20210113164008006	  415  139    127   -124    486
20210113164008139	  415  137    127   -127    486
20210113164008306	  417  137    129   -127    485
20210113164008439	  417  137    129   -127    485
20210113164008606	  417  137    129   -127    486
20210113164008739	  416  137    128   -127    486
20210113164008873	  416  137    128   -127    486
20210113164009040	  415  137    127   -127    486
20210113164009206	  417  136    129   -128    485
20210113164009340	  416  136    128   -128    485
20210113164009473	  416  136    128   -128    485
20210113164009640	  417  137    129   -127    485
20210113164009773	  416  135    128   -129    485
20210113164009940	  415  135    127   -129    486
20210113164010073	  417  136    129   -128    485
20210113164010240	  417  135    129   -129    485
20210113164010407	  417  136    129   -128    484
20210113164010540	  418  135    130   -129    484
20210113164010673	  417  135    129   -129    485
20210113164010840	  417  134    129   -130    485
20210113164011007	  415  135    127   -129    486
20210113164011140	  417  134    129   -130    484
20210113164011307	  417  134    129   -130    485
20210113164011473	  418  135    130   -129    485
20210113164011607	  416  134    128   -131    486
20210113164011774	  416  134    128   -131    486
20210113164011907	  418  134    131   -131    485
20210113164012074	  417  135    129   -129    485
20210113164012240	  418  133    131   -132    485
20210113164012374	  417  134    129   -131    485
20210113164012540	  418  134    130   -130    485
20210113164012707	  417  134    129   -130    484
20210113164012841	  417  133    129   -132    485
20210113164013007	  419  134    131   -130    484
20210113164013174	  418  132    130   -133    485
20210113164013307	  418  132    130   -133    484
20210113164013474	  418  132    130   -133    485
20210113164013641	  418  132    130   -133    485
20210113164013807	  417  131    129   -134    486
20210113164013941	  417  131    129   -134    485
20210113164014108	  418  130    130   -136    485
20210113164014241	  419  131    132   -134    485
20210113164014408	  419  132    132   -133    484
20210113164014574	  418  130    130   -135    485
20210113164014741	  418  131    130   -134    484
20210113164014874	  418  130    130   -135    485
20210113164015041	  418  131    130   -134    484
20210113164015208	  417  129    129   -137    485
20210113164015341	  418  131    130   -134    484
20210113164015508	  418  130    130   -135    484
20210113164015675	  418  131    130   -134    485
20210113164015808	  418  131    130   -134    485
20210113164015975	  419  129    131   -136    484
20210113164016141	  418  129    130   -137    484
20210113164016308	  418  129    130   -136    484
20210113164016441	  419  129    131   -137    484
20210113164016608	  419  129    131   -136    484
20210113164016775	  419  128    131   -138    484
20210113164016908	  419  128    131   -138    484
20210113164017075	  420  129    133   -136    484
20210113164017242	  418  128    130   -138    485
20210113164017375	  420  127    133   -139    485
20210113164017542	  420  127    133   -139    484
20210113164017708	  419  126    131   -140    484
20210113164017842	  419  125    132   -142    485
20210113164018008	  419  128    131   -138    484
20210113164018175	  419  127    131   -139    484
20210113164018309	  420  125    133   -142    484
20210113164018475	  418  125    130   -142    485
20210113164018642	  419  125    131   -142    484
20210113164018775	  419  126    132   -141    485
20210113164018942	  419  126    132   -140    485
20210113164019109	  421  125    134   -142    484
20210113164019242	  420  125    133   -142    485
20210113164019409	  420  125    133   -142    485
20210113164019576	  420  125    133   -142    484
20210113164019709	  420  125    133   -142    484
20210113164019876	  420  125    133   -142    485
20210113164020042	  421  124    134   -143    484
20210113164020209	  419  124    132   -143    484
20210113164020342	  421  123    134   -144    484
20210113164020509	  421  123    134   -144    485
20210113164020676	  420  124    133   -143    485
20210113164020809	  420  124    133   -143    484
20210113164020976	  421  123    134   -144    484
20210113164021143	  421  124    134   -143    484
20210113164021309	  419  124    131   -143    484
20210113164021443	  420  123    133   -144    485
20210113164021576	  420  123    133   -144    484
20210113164021776	  421  122    134   -145    484
20210113164021909	  419  123    132   -144    485
20210113164022076	  420  122    133   -145    484
20210113164022243	  419  123    132   -144    485
20210113164022410	  420  121    133   -147    486
20210113164022543	  422  121    136   -147    485
20210113164022710	  420  121    133   -147    485
20210113164022876	  421  121    134   -147    485
20210113164023010	  420  120    133   -148    485
20210113164023176	  422  120    135   -148    484
20210113164023343	  422  120    135   -148    484
20210113164023477	  422  121    135   -147    484
20210113164023643	  421  121    134   -146    483
20210113164023810	  421  121    134   -147    484
20210113164023943	  421  121    134   -147    484
20210113164024110	  422  119    135   -149    484
20210113164024277	  420  119    133   -149    485
20210113164024443	  422  119    135   -149    484
20210113164024577	  423  120    136   -148    484
20210113164024743	  421  120    134   -148    484
20210113164024910	  422  118    135   -150    484
20210113164025044	  422  118    135   -150    484
20210113164025210	  421  119    134   -149    484
20210113164025377	  421  117    134   -152    484
20210113164025544	  422  116    135   -153    484
20210113164025677	  421  117    134   -152    484
20210113164025844	  423  118    136   -150    483
20210113164026010	  422  117    135   -152    484
20210113164026144	  422  117    135   -152    484
20210113164026311	  422  118    135   -150    484
20210113164026477	  422  116    135   -153    484
20210113164026644	  423  114    136   -155    484
20210113164026777	  422  116    135   -153    484
20210113164026944	  422  117    135   -152    484
20210113164027111	  423  116    136   -153    483
20210113164027277	  421  116    134   -153    483
20210113164027411	  422  116    135   -153    484
20210113164027578	  423  115    136   -154    483
20210113164027744	  423  114    136   -155    483
20210113164027878	  423  114    136   -155    483
20210113164028044	  423  113    136   -157    483
20210113164028211	  423  114    136   -155    483
20210113164028378	  423  114    136   -155    483
20210113164028511	  423  114    136   -155    483
20210113164028678	  423  112    136   -157    483
20210113164028845	  423  112    136   -157    482
20210113164028978	  424  112    150   -172    528
20210113164029145	  424  112    137   -157    482
20210113164029311	  424  112    137   -157    482
20210113164029445	  424  112    137   -157    483
20210113164029611	  423  111    136   -159    482
20210113164029778	  423  113    136   -156    482
20210113164029945	  422  112    135   -158    483
20210113164030078	  423  112    136   -157    482
20210113164030245	  423  112    136   -157    483
20210113164030345	  424  111    137   -158    482
20210113164030512	  422  112    135   -157    482
20210113164030612	  423  112    136   -157    483
20210113164030712	  422  109    135   -161    483
20210113164030812	  425  111    138   -158    482
20210113164030812	  423  110    136   -160    482
20210113164031045	  424  110    137   -160    483
20210113164031445	  423  108    136   -163    484
20210113164031745	  424  109    137   -161    483
20210113164031912	  425  108    139   -163    483
20210113164032045	  425  108    139   -163    484
20210113164032212	  424  110    137   -160    484
20210113164032379	  427  110    141   -160    484
20210113164032512	  425  107    139   -164    484
20210113164032679	  424  109    138   -162    484
20210113164032846	  424  108    137   -163    484
20210113164032979	  424  107    137   -164    484
20210113164033146	  424  107    138   -164    484
20210113164033312	  424  108    137   -163    484
20210113164033446	  425  107    139   -164    484
20210113164033612	  424  106    138   -165    484
20210113164033779	  424  107    138   -164    484
20210113164033946	  425  106    139   -165    484
20210113164034079	  424  107    137   -164    483
20210113164034246	  426  106    140   -165    484
20210113164034413	  426  105    140   -166    483
20210113164034579	  425  106    139   -165    484
20210113164034713	  426  104    140   -168    484
20210113164034879	  426  103    140   -169    483
20210113164035046	  424  103    137   -169    484
20210113164035179	  424  103    138   -169    484
20210113164035346	  426  104    140   -168    483
20210113164035513	  426  103    140   -169    483
20210113164035680	  424  103    137   -169    484
20210113164035813	  426  102    140   -170    483
20210113164035980	  426  102    140   -170    483
20210113164036146	  425  102    139   -170    483
20210113164036280	  425  102    139   -170    483
20210113164036446	  425  103    139   -169    483
20210113164036613	  425  102    139   -170    483
20210113164036747	  427  102    141   -170    483
20210113164036913	  427  101    141   -171    483
20210113164036947	  427  101    141   -171    483
20210113164037213	  426  102    140   -170    483
20210113164037380	  426  101    140   -171    483
20210113164037547	  427  101    141   -171    483
20210113164037713	  426  101    140   -171    482
20210113164037847	  426  100    140   -173    483
20210113164038013	  426  101    140   -171    482
20210113164038180	  425   99    139   -174    484
20210113164038314	  426   99    140   -174    484
20210113164038480	  426   99    140   -174    484
20210113164038647	  427   98    141   -175    484
20210113164038780	  425   99    139   -174    484
20210113164038947	  427   99    141   -174    483
20210113164039114	  427   99    141   -173    482
20210113164039280	  426   98    140   -175    483
20210113164039414	  426   99    140   -174    483
20210113164039581	  426   97    140   -177    483
20210113164039747	  427   98    141   -175    483
20210113164039881	  426   98    140   -175    483
20210113164040047	  428   97    142   -176    483
20210113164040214	  428   97    142   -176    482
20210113164040347	  426   95    140   -179    483
20210113164040514	  428   95    142   -179    483
20210113164040681	  428   95    142   -179    483
20210113164040848	  428   95    142   -179    482
20210113164040981	  427   95    141   -179    484
20210113164041148	  426   95    140   -179    484
20210113164041314	  428   94    142   -180    482
20210113164041381	  428   94    142   -180    482
20210113164041448	  428   94    142   -180    483
20210113164041581	  428   95    142   -179    482
20210113164041748	  428   93    142   -182    483
20210113164041914	  427   95    141   -179    482
20210113164042181	  427   95    141   -179    482
20210113164042581	  427   94    141   -180    483
20210113164042915	  427   93    141   -182    483
20210113164043048	  428   92    142   -183    484
20210113164043215	  427   93    141   -182    483
20210113164043382	  429   92    143   -182    482
20210113164043515	  428   91    142   -184    484
20210113164043682	  428   91    142   -184    484
20210113164043848	  428   90    142   -185    484
20210113164043982	  429   90    144   -185    483
20210113164044148	  427   90    141   -186    484
20210113164044315	  427   89    141   -187    484
20210113164044482	  428   90    142   -185    484
20210113164044615	  427   89    141   -187    484
20210113164044782	  428   90    142   -185    483
20210113164044949	  429   89    143   -187    483
20210113164045082	  429   90    143   -185    483
20210113164045249	  428   89    142   -187    484
20210113164045382	  430   89    145   -187    483
20210113164045549	  429   89    143   -187    483
20210113164045715	  429   88    143   -188    483
20210113164045882	  429   89    144   -187    483
20210113164046049	  431   88    146   -188    484
20210113164046182	  430   85    145   -192    484
20210113164046349	  428   88    142   -188    484
20210113164046482	  429   87    144   -189    484
20210113164046682	  429   87    144   -189    483
20210113164046816	  428   87    142   -189    483
20210113164046949	  430   87    145   -189    483
20210113164047149	  430   86    145   -190    483
20210113164047283	  430   87    145   -189    483
20210113164047449	  430   87    145   -189    483
20210113164047616	  429   86    144   -191    484
20210113164047783	  431   87    146   -189    484
20210113164047916	  428   87    143   -189    484
20210113164048083	  430   86    145   -191    484
20210113164048249	  430   86    145   -190    484
20210113164048383	  429   86    144   -190    484
20210113164048549	  429   86    144   -190    484
20210113164048716	  428   84    143   -193    485
20210113164048883	  428   83    143   -195    485
20210113164049016	  430   85    145   -192    485
20210113164049183	  430   85    145   -192    485
20210113164049350	  430   83    145   -195    485
20210113164049516	  431   83    147   -195    486
20210113164049683	  430   83    145   -195    485
20210113164049850	  430   84    145   -194    485
20210113164050017	  431   83    146   -195    485
20210113164050150	  431   82    146   -196    485
20210113164050317	  429   82    144   -196    485
20210113164050483	  431   83    146   -195    484
20210113164050650	  430   82    145   -196    485
20210113164050817	  430   83    145   -195    484
20210113164050983	  430   83    145   -195    485
20210113164051117	  429   81    144   -198    485
20210113164051283	  431   82    146   -195    483
20210113164051384	  429   80    144   -199    485
20210113164051584	  429   79    144   -200    486
20210113164051784	  431   80    146   -198    484
20210113164051917	  429   79    144   -200    486
20210113164052084	  431   80    146   -198    484
20210113164052250	  429   82    144   -196    485
20210113164052417	  431   81    146   -197    484
20210113164052584	  431   79    146   -199    484
20210113164052751	  431   79    147   -200    485
20210113164052884	  431   79    146   -200    485
20210113164053051	  431   80    147   -199    485
20210113164053217	  431   78    146   -201    485
20210113164053384	  430   77    145   -203    486
20210113164053551	  430   77    145   -203    485
20210113164053718	  432   77    148   -202    485
20210113164053884	  431   76    147   -204    486
20210113164054051	  430   77    145   -203    485
20210113164054184	  430   76    145   -204    486
20210113164054351	  431   77    146   -202    484
20210113164054518	  431   77    146   -202    485
20210113164054684	  431   78    147   -201    485
20210113164054851	  431   78    146   -201    485
20210113164055018	  432   76    148   -204    485
20210113164055184	  432   77    148   -202    485
20210113164055351	  431   76    147   -204    485
20210113164055518	  433   77    149   -202    484
20210113164055718	  431   76    147   -204    486
20210113164055885	  431   75    147   -205    486
20210113164056051	  432   75    148   -205    486
20210113164056218	  431   77    147   -203    486
20210113164056385	  432   76    148   -204    485
20210113164056551	  432   77    148   -203    486
20210113164056752	  432   76    148   -204    486
20210113164056918	  431   76    147   -204    486
20210113164057085	  431   73    147   -208    487
20210113164057252	  431   74    147   -207    486
20210113164057418	  432   74    148   -207    486
20210113164057585	  432   74    148   -207    486
20210113164057752	  432   74    148   -207    486
20210113164057919	  430   74    146   -207    487
20210113164058085	  430   74    146   -207    488
20210113164058252	  432   75    148   -206    487
20210113164058452	  431   75    147   -206    487
20210113164058619	  430   73    146   -208    487
20210113164058785	  432   73    148   -208    486
20210113164058952	  431   73    147   -208    487
20210113164059119	  432   73    148   -208    487
20210113164059286	  431   73    147   -208    487
20210113164059486	  430   73    146   -209    488
20210113164059619	  431   73    147   -208    487
20210113164059786	  431   74    147   -207    487
20210113164059986	  429   73    145   -209    488
20210113164100152	  431   74    147   -207    487
20210113164100286	  430   73    146   -209    488
20210113164100486	  430   75    146   -206    488
20210113164100653	  430   74    146   -208    489
20210113164100853	  430   73    146   -209    489
20210113164101019	  430   73    146   -209    488
20210113164101153	  430   73    146   -209    489
20210113164101353	  430   73    146   -209    489
20210113164101519	  430   73    146   -209    489
20210113164101686	  430   73    146   -209    489
20210113164101853	  430   73    146   -209    488
20210113164102020	  430   74    146   -208    489
20210113164102186	  430   73    146   -209    489
20210113164102353	  430   71    146   -212    489
20210113164102520	  430   71    146   -212    489
20210113164102720	  429   72    145   -211    489
20210113164102886	  428   75    144   -207    489
20210113164103053	  430   74    146   -208    489
20210113164103120	  430   74    146   -208    489
20210113164103253	  430   74    146   -208    489
20210113164103387	  431   72    148   -210    489
20210113164103487	  431   72    148   -211    489
20210113164103553	  429   72    145   -211    490
20210113164103553	  430   73    147   -209    489
20210113164104020	  428   73    144   -210    490
20210113164104420	  430   73    147   -209    489
20210113164104820	  430   73    147   -209    489
20210113164105154	  430   73    147   -210    490
20210113164105320	  428   73    144   -210    491
20210113164105487	  429   72    146   -211    490
20210113164105654	  429   72    146   -211    491
20210113164105820	  429   72    146   -211    490
20210113164106020	  429   72    146   -211    491
20210113164106187	  428   72    145   -211    491
20210113164106354	  428   71    145   -213    491
20210113164106521	  428   71    145   -213    492
20210113164106687	  428   71    145   -213    492
20210113164106854	  429   72    146   -211    491
20210113164107054	  429   72    146   -211    491
20210113164107221	  430   73    147   -210    492
20210113164107387	  428   71    145   -213    492
20210113164107554	  430   72    147   -211    492
20210113164107721	  430   73    147   -210    491
20210113164107921	  428   71    145   -213    493
20210113164108088	  428   71    145   -213    493
20210113164108254	  427   70    144   -215    494
20210113164108421	  427   70    144   -215    494
20210113164108588	  427   70    144   -215    494
20210113164108755	  428   70    145   -215    493
20210113164108921	  429   71    146   -213    493
20210113164109121	  429   69    146   -216    493
20210113164109288	  429   69    147   -216    494
20210113164109455	  428   70    145   -215    494
20210113164109621	  427   69    144   -217    495
20210113164109788	  428   70    145   -215    494
20210113164109955	  428   70    145   -215    494
20210113164110122	  429   70    147   -215    494
20210113164110322	  429   70    147   -215    494
20210113164110488	  429   70    146   -215    494
20210113164110655	  430   69    148   -216    493
20210113164110822	  427   68    144   -218    495
20210113164110988	  429   69    147   -217    495
20210113164111188	  427   68    144   -218    495
20210113164111355	  429   68    147   -218    494
20210113164111522	  428   67    146   -219    495
20210113164111689	  428   68    146   -218    495
20210113164111855	  427   67    144   -220    495
20210113164112022	  427   67    144   -220    496
20210113164112222	  429   67    147   -220    495
20210113164112389	  430   67    148   -219    494
20210113164112556	  429   66    147   -220    494
20210113164112722	  430   67    148   -219    495
20210113164112889	  429   69    147   -217    495
20210113164113056	  430   67    148   -219    495
20210113164113189	  428   65    146   -222    495
20210113164113422	  428   65    146   -222    495
20210113164113589	  429   66    147   -221    495
20210113164113756	  430   66    148   -221    495
20210113164113923	  428   67    146   -220    496
20210113164114089	  429   66    147   -221    496
20210113164114256	  429   66    147   -221    495
20210113164114456	  430   65    148   -222    494
20210113164114623	  431   63    149   -224    495
20210113164114789	  430   64    148   -223    494
20210113164114956	  429   62    147   -226    495
20210113164115123	  430   64    148   -223    494
20210113164115323	  428   62    146   -226    495
20210113164115490	  431   62    149   -226    494
20210113164115656	  431   64    149   -223    495
20210113164115823	  429   62    147   -226    495
20210113164115990	  429   61    147   -227    494
20210113164116157	  430   62    148   -226    495
20210113164116357	  429   61    147   -227    495
20210113164116523	  431   61    149   -227    494
20210113164116690	  429   60    147   -229    496
20210113164116857	  429   60    147   -229    496
20210113164117023	  429   60    147   -229    496
20210113164117223	  431   59    149   -230    495
20210113164117390	  430   59    148   -230    495
20210113164117557	  429   59    147   -230    495
20210113164117724	  429   59    147   -230    495
20210113164117890	  430   58    148   -231    495
20210113164118090	  431   59    149   -229    495
20210113164118257	  431   57    149   -232    495
20210113164118424	  431   57    149   -232    495
20210113164118590	  431   57    149   -232    495
20210113164118791	  432   58    150   -231    494
20210113164118957	  432   59    151   -230    495
20210113164119124	  431   56    149   -234    495
20210113164119291	  431   56    149   -234    495
20210113164119457	  433   56    152   -233    495
20210113164119557	  431   56    149   -233    494
20210113164119791	  432   56    151   -233    495
20210113164119991	  432   57    151   -232    495
20210113164120158	  431   55    150   -235    496
20210113164120324	  432   54    151   -236    495
20210113164120491	  432   56    151   -234    496
20210113164120691	  431   54    149   -236    495
20210113164120858	  431   54    150   -236    496
20210113164121024	  432   55    151   -235    496
20210113164121191	  430   54    148   -237    496
20210113164121358	  431   53    149   -238    495
20210113164121558	  431   53    150   -238    496
20210113164121725	  434   52    153   -239    495
20210113164121891	  432   54    151   -236    496
20210113164122058	  433   53    152   -238    496
20210113164122125	  433   53    152   -238    496
20210113164122391	  430   52    149   -239    497
20210113164122591	  432   52    151   -239    496
20210113164122758	  433   50    152   -241    496
20210113164122925	  431   50    150   -242    497
20210113164123092	  432   52    151   -239    496
20210113164123258	  432   50    151   -242    496
20210113164123425	  432   49    151   -243    497
20210113164123625	  432   49    151   -244    497
20210113164123792	  433   50    152   -242    496
20210113164123958	  432   48    151   -245    498
20210113164124125	  432   50    151   -242    496
20210113164124292	  431   48    150   -245    497
20210113164124492	  432   48    151   -245    498
20210113164124659	  432   48    151   -245    497
20210113164124825	  433   48    152   -245    497
20210113164124992	  433   48    153   -245    497
20210113164125159	  432   49    151   -243    497
20210113164125359	  432   46    151   -248    498
20210113164125525	  432   48    151   -245    497
20210113164125692	  431   48    150   -245    497
20210113164125859	  433   47    153   -246    497
20210113164126026	  432   45    151   -249    498
20210113164126192	  432   45    151   -249    498
20210113164126392	  433   45    153   -249    497
20210113164126559	  433   45    152   -249    497
20210113164126726	  433   46    153   -248    497
20210113164126892	  434   46    154   -247    497
20210113164127059	  434   46    154   -248    497
20210113164127259	  433   44    153   -250    498
20210113164127426	  432   44    151   -250    498
20210113164127593	  434   44    154   -250    498
20210113164127759	  435   46    155   -248    497
20210113164127926	  433   45    153   -249    498
20210113164128093	  434   42    154   -253    497
20210113164128293	  435   45    156   -249    498
20210113164128460	  432   41    151   -254    498
20210113164128626	  433   42    152   -253    497
20210113164128793	  434   41    154   -254    497
20210113164128960	  436   45    156   -249    497
20210113164129126	  431   42    150   -253    498
20210113164129293	  435   41    155   -254    497
20210113164129493	  435   41    155   -254    497
20210113164129660	  435   41    155   -254    497
20210113164129827	  433   40    153   -256    498
20210113164129993	  433   41    153   -254    498
20210113164130160	  435   40    155   -255    498
20210113164130327	  434   40    154   -256    499
20210113164130527	  435   40    155   -255    497
20210113164130693	  434   40    154   -256    499
20210113164130860	  434   40    154   -256    499
20210113164131027	  435   38    155   -258    498
20210113164131227	  434   39    154   -257    499
20210113164131394	  434   39    154   -257    499
20210113164131560	  434   39    154   -257    499
20210113164131727	  435   39    155   -257    498
20210113164131894	  436   39    156   -256    497
20210113164132060	  433   39    153   -258    499
20210113164132261	  434   38    154   -259    499
20210113164132427	  434   38    154   -259    499
20210113164132594	  437   38    158   -258    498
20210113164132794	  435   38    156   -259    499
20210113164132961	  435   37    156   -260    499
20210113164133127	  437   37    158   -260    498
20210113164133294	  434   36    154   -261    499
20210113164133494	  435   36    156   -261    499
20210113164133661	  433   37    153   -260    500
20210113164133828	  436   34    157   -264    499
20210113164133994	  435   35    156   -263    499
20210113164134194	  437   36    158   -261    499
20210113164134361	  437   36    158   -261    499
20210113164134528	  435   35    156   -263    500
20210113164134694	  436   33    157   -265    500
20210113164134894	  437   33    158   -265    499
20210113164135061	  435   35    156   -263    500
20210113164135228	  435   34    156   -264    500
20210113164135428	  436   34    157   -264    499
20210113164135528	  435   33    156   -265    499
20210113164135695	  437   31    158   -268    499
20210113164135828	  437   31    158   -268    499
20210113164135961	  436   33    157   -266    500
20210113164136161	  436   33    157   -265    500
20210113164136261	  435   31    156   -268    500
20210113164136461	  435   31    156   -268    500
20210113164136862	  437   30    158   -269    499
20210113164137028	  437   29    158   -271    500
20210113164137195	  436   31    157   -268    500
20210113164137395	  437   29    158   -271    500
20210113164137562	  436   30    157   -270    501
20210113164137762	  436   30    157   -270    500
20210113164137962	  437   30    159   -270    501
20210113164138129	  436   29    157   -271    501
20210113164138295	  436   29    158   -272    501
20210113164138462	  436   28    157   -273    501
20210113164138629	  435   28    156   -273    501
20210113164138829	  436   28    158   -273    501
20210113164138995	  438   28    160   -273    502
20210113164139196	  436   27    158   -275    502
20210113164139329	  436   25    158   -277    502
20210113164139596	  436   27    158   -275    502
20210113164139796	  436   24    158   -278    502
20210113164139962	  437   25    159   -277    503
20210113164140162	  436   25    158   -277    503
20210113164140329	  437   25    159   -277    503
20210113164140496	  437   25    159   -278    503
20210113164140696	  437   25    159   -278    503
20210113164140863	  438   22    160   -281    502
20210113164141063	  437   24    159   -279    502
20210113164141229	  437   22    159   -281    502
20210113164141396	  436   23    158   -280    502
20210113164141563	  437   23    159   -280    502
20210113164141729	  438   21    160   -282    501
20210113164141930	  438   21    160   -282    502
20210113164142096	  438   21    160   -282    502
20210113164142263	  438   20    160   -283    501
20210113164142430	  437   22    159   -282    503
20210113164142596	  438   20    160   -284    502
20210113164142796	  437   22    160   -282    504
20210113164142963	  438   19    160   -285    502
20210113164143130	  438   19    161   -285    502
20210113164143297	  438   19    160   -285    502
20210113164143463	  438   19    161   -286    503
20210113164143663	  437   20    160   -284    503
20210113164143830	  437   20    159   -284    503
20210113164143997	  437   19    159   -286    503
20210113164144197	  437   19    159   -286    503
20210113164144364	  437   19    159   -285    503
20210113164144530	  437   19    160   -286    504
20210113164144697	  437   18    160   -287    504
20210113164144897	  437   18    159   -287    503
20210113164145030	  437   18    160   -287    504
20210113164145230	  437   17    160   -289    504
20210113164145397	  439   17    162   -288    503
20210113164145497	  438   16    161   -289    503
20210113164145764	  437   17    160   -289    505
20210113164145931	  438   14    161   -292    503
20210113164146131	  438   15    161   -291    503
20210113164146297	  438   15    161   -292    504
20210113164146464	  438   15    161   -292    505
20210113164146631	  438   13    161   -294    504
20210113164146831	  438   14    161   -293    504
20210113164146998	  438   14    161   -293    505
20210113164147164	  437   13    160   -295    506
20210113164147331	  438   12    161   -296    505
20210113164147531	  438   14    161   -293    505
20210113164147698	  438   11    161   -297    505
20210113164147864	  438   12    162   -296    506
20210113164148031	  437   12    161   -297    507
20210113164148198	  438   11    162   -298    506
20210113164148398	  438   11    162   -298    506
20210113164148565	  438   10    162   -299    506
20210113164148731	  437   10    161   -300    507
20210113164148931	  439   11    163   -298    506
20210113164149098	  436   10    160   -300    508
20210113164149432	  437    9    161   -301    507
20210113164149732	  444   19    171   -291    512
20210113164150098	  438   10    162   -300    508
20210113164150398	  441   18    168   -292    512
20210113164150799	  444   18    170   -292    511
20210113164150899	  440   18    166   -292    512
20210113164151065	  439   11    164   -300    511
20210113164151432	  434    5    158   -308    510
20210113164151599	  442   16    169   -295    513
20210113164152432	  441   16    182   -319    554
20210113164154566	  437    3    162   -311    510
20210113164155033	  443   11    172   -305    518
20210113164203868	  438    1    270   -518    845
20210113164204902	  437    1    268   -518    845
20210113164208303	  388    9     98   -308    519
20210113164209670	  388    8     98   -311    521
20210113164215238	  387    7     98   -314    524
20210113164215605	  389    6    100   -316    524
20210113164216238	  388    6     98   -315    523
20210113164217672	  384   12    127   -418    713
20210113164223673	  385   11    128   -416    707
