20210113163704360	  410    4    139   -341    562
20210113163728166	  383    6     94   -321    532
20210113163728266	  382    6     93   -320    531
20210113163728533	  383    6     93   -319    529
20210113163729333	  381    6     91   -317    526
20210113163729366	  381    7     90   -316    526
20210113163729366	  382    6     91   -317    526
20210113163729633	  384    1     94   -322    525
20210113163729900	  378    6     87   -316    525
20210113163730300	  377    7     85   -314    524
20210113163730366	  379    8     87   -313    524
20210113163730400	  380    8     89   -315    526
20210113163730500	  379    6     87   -316    525
20210113163730733	  379    8     87   -315    527
20210113163730833	  379    8     87   -315    526
20210113163731033	  379    8     87   -314    525
20210113163731200	  377    8     85   -314    525
20210113163731300	  378    7     86   -314    524
20210113163731467	  378    8     86   -312    523
20210113163731767	  376    7     83   -314    523
20210113163731900	  379    8     87   -311    521
20210113163731933	  377    8     84   -312    522
20210113163732067	  377    8     84   -312    523
20210113163732234	  379   10     87   -311    524
20210113163732367	  377    8     84   -312    522
20210113163732534	  380    8     88   -311    522
20210113163732834	  380    9     88   -310    522
20210113163733000	  377    9     84   -310    522
20210113163733067	  380    9     88   -309    521
20210113163733200	  378   10     85   -309    522
20210113163733300	  384   12     93   -305    520
20210113163733434	  381   12     89   -305    520
20210113163733601	  384   11     93   -306    519
20210113163733767	  381   12     89   -305    520
20210113163733901	  383   13     92   -303    520
20210113163734067	  385   14     94   -303    520
20210113163734234	  383    4     91   -312    515
20210113163734367	  382   14     90   -302    519
20210113163734501	  381   13     89   -303    519
20210113163734667	  383    5     91   -311    515
20210113163734834	  383   14     92   -302    520
20210113163735068	  382   14     90   -301    519
20210113163735368	  385   16    106   -336    583
20210113163735468	  377    6     83   -312    518
20210113163735568	  376    5     82   -312    516
20210113163735601	  382   16     90   -299    519
20210113163735734	  381   16     89   -300    520
20210113163735901	  383   11     91   -304    517
20210113163736034	  376    7     82   -310    517
20210113163736201	  379    8     86   -308    515
20210113163736234	  382    9     89   -306    515
20210113163736401	  380    9     87   -306    515
20210113163736568	  382    9     89   -305    514
20210113163736701	  383   12     91   -302    516
20210113163736868	  382    9     89   -305    513
20210113163736968	  380   10     87   -305    515
20210113163737135	  379    6     85   -309    513
20210113163737301	  378    6     84   -309    514
20210113163737435	  381    6     88   -308    512
20210113163737635	  379   13     86   -301    516
20210113163737768	  380   11     87   -303    514
20210113163737935	  381    9     88   -304    512
20210113163738135	  380   12     87   -301    514
20210113163738202	  382   11     89   -301    512
20210113163738235	  381   11     88   -302    512
20210113163738268	  380   12     87   -301    514
20210113163738368	  380   12     86   -301    513
20210113163738535	  380   14     87   -299    514
20210113163738702	  379   12     85   -301    513
20210113163738868	  380   13     86   -299    513
20210113163739002	  381   14     88   -298    513
20210113163739168	  381   11     88   -301    511
20210113163739302	  380   14     87   -298    513
20210113163739335	  380   13     86   -299    511
20210113163739369	  380   15     87   -297    513
20210113163739402	  382   14     89   -297    511
20210113163739469	  381   17     88   -294    513
20210113163739669	  380   16     86   -295    513
20210113163739835	  380   15     86   -296    512
20210113163739969	  380   14     86   -297    511
20210113163740135	  381   16     88   -295    512
20210113163740302	  381   16     88   -295    512
20210113163740369	  380   16     86   -295    512
20210113163740402	  380   15     86   -296    511
20210113163740435	  381   16     88   -294    511
20210113163740469	  379   17     85   -294    513
20210113163740502	  380   15     86   -296    511
20210113163740502	  380   17     86   -294    513
20210113163740669	  381   17     88   -293    512
20210113163740702	  380   16     86   -294    511
20210113163740736	  380   19     87   -292    514
20210113163740769	  381   17     88   -293    512
20210113163740802	  379   17     85   -294    512
20210113163740936	  381   17     88   -293    511
20210113163741002	  381   16     87   -294    510
20210113163741169	  380   16     86   -294    511
20210113163741336	  380   17     86   -293    511
20210113163741502	  379   19     85   -291    512
20210113163741636	  380   18     86   -293    512
20210113163741802	  382   19     89   -291    512
20210113163742003	  378   20     84   -290    512
20210113163742036	  379   20     85   -290    512
20210113163742203	  380   19     86   -291    512
20210113163742369	  379   21     85   -288    512
20210113163742536	  379   21     85   -288    512
20210113163742669	  379   21     85   -288    512
20210113163742836	  381   21     88   -288    512
20210113163743003	  378   20     84   -289    511
20210113163743169	  380   22     86   -286    511
20210113163743336	  378   22     83   -286    511
20210113163743503	  381   23     87   -285    511
20210113163743670	  380   22     86   -286    510
20210113163743770	  380   23     86   -285    510
20210113163743903	  379   22     85   -286    510
20210113163744070	  380   23     86   -284    510
20210113163744236	  379   24     85   -283    510
20210113163744403	  379   23     85   -284    509
20210113163744570	  380   23     86   -284    509
20210113163744603	  380   25     86   -282    510
20210113163744737	  379   23     85   -284    509
20210113163744903	  380   25     86   -282    510
20210113163745070	  379   26     85   -281    510
20210113163745237	  379   24     85   -283    509
20210113163745337	  379   25     85   -281    509
20210113163745403	  379   24     85   -283    509
20210113163745503	  380   25     86   -282    509
20210113163745670	  379   27     85   -280    511
20210113163745770	  379   27     85   -279    510
20210113163745937	  380   26     86   -280    509
20210113163746104	  378   27     83   -279    510
20210113163746237	  378   27     83   -279    509
20210113163746404	  379   28     85   -277    509
20210113163746570	  380   29     86   -276    509
20210113163746637	  379   29     85   -276    509
20210113163746804	  379   28     84   -277    509
20210113163746837	  379   29     84   -276    509
20210113163746904	  379   29     84   -276    508
20210113163747070	  380   30     86   -274    508
20210113163747237	  379   29     84   -275    508
20210113163747404	  379   29     84   -275    507
20210113163747471	  379   30     84   -274    508
20210113163747604	  379   29     84   -275    507
20210113163747771	  380   30     85   -273    507
20210113163747937	  378   28     83   -276    507
20210113163748104	  379   31     84   -272    507
20210113163748171	  379   31     84   -272    507
20210113163748371	  379   31     84   -272    506
20210113163748504	  378   32     83   -271    507
20210113163748604	  379   31     84   -272    507
20210113163748738	  380   32     86   -271    507
20210113163748838	  378   31     83   -272    507
20210113163749004	  380   33     86   -270    507
20210113163749171	  378   33     83   -270    507
20210113163749338	  378   33     83   -270    507
20210113163749504	  379   34     84   -268    507
20210113163749671	  378   33     83   -269    506
20210113163749838	  378   34     83   -268    506
20210113163749971	  379   35     84   -267    507
20210113163750138	  379   33     84   -269    506
20210113163750305	  378   34     83   -268    506
20210113163750471	  378   35     83   -267    506
20210113163750505	  378   36     83   -266    506
20210113163750538	  379   34     84   -268    506
20210113163750605	  378   35     83   -267    506
20210113163750638	  379   36     84   -265    506
20210113163750705	  380   34     85   -268    506
20210113163750871	  379   35     84   -267    506
20210113163751038	  378   35     83   -267    506
20210113163751071	  378   37     83   -264    507
20210113163751238	  377   37     82   -264    507
20210113163751271	  379   36     84   -265    506
20210113163751405	  378   35     83   -266    506
20210113163751572	  378   38     83   -263    507
20210113163751738	  377   39     82   -262    508
20210113163751905	  377   38     82   -263    507
20210113163752072	  377   39     82   -262    507
20210113163752138	  378   37     83   -264    506
20210113163752305	  377   38     81   -262    506
20210113163752438	  377   38     82   -263    507
20210113163752472	  378   39     83   -261    506
20210113163752572	  378   37     83   -264    506
20210113163752739	  378   38     83   -262    506
20210113163752772	  378   38     83   -262    506
20210113163752872	  378   38     83   -262    506
20210113163753005	  378   38     83   -262    506
20210113163753172	  377   40     81   -260    506
20210113163753339	  378   41     83   -259    506
20210113163753505	  376   41     80   -259    506
20210113163753572	  379   41     84   -258    506
20210113163753772	  378   42     83   -257    506
20210113163753906	  377   43     81   -256    506
20210113163754072	  377   43     81   -256    506
20210113163754239	  376   43     80   -256    506
20210113163754339	  376   42     80   -257    505
20210113163754506	  376   42     80   -257    506
20210113163754672	  377   42     81   -257    505
20210113163754806	  377   45     81   -253    506
20210113163754939	  378   42     83   -257    505
20210113163755073	  377   43     81   -255    505
20210113163755239	  375   45     79   -253    506
20210113163755406	  377   46     81   -252    505
20210113163755573	  375   46     79   -252    506
20210113163755706	  377   44     81   -255    506
20210113163755873	  375   46     79   -252    506
20210113163756039	  377   46     81   -252    506
20210113163756206	  377   44     81   -255    506
20210113163756306	  376   48     80   -249    506
20210113163756440	  375   47     79   -251    505
20210113163756606	  376   46     80   -252    505
20210113163756673	  376   46     80   -252    506
20210113163756840	  376   46     80   -252    506
20210113163757040	  375   48     79   -249    506
20210113163757173	  375   50     79   -247    505
20210113163757373	  377   48     81   -249    505
20210113163757473	  376   48     80   -249    505
20210113163757573	  376   50     80   -246    505
20210113163757740	  375   50     79   -246    504
20210113163757907	  375   49     79   -248    505
20210113163758073	  375   51     79   -245    504
20210113163758240	  376   52     80   -244    505
20210113163758407	  375   51     79   -244    504
20210113163758573	  375   53     79   -242    504
20210113163758707	  376   51     80   -244    504
20210113163758907	  376   53     80   -242    504
20210113163759073	  375   52     79   -244    504
20210113163759207	  375   54     79   -241    504
20210113163759274	  375   52     79   -243    504
20210113163759474	  374   53     77   -242    504
20210113163759607	  374   55     77   -240    505
20210113163759774	  374   54     77   -241    505
20210113163759940	  374   54     77   -241    504
20210113163800074	  373   55     76   -239    504
20210113163800207	  373   55     76   -239    504
20210113163800374	  375   57     79   -237    505
20210113163800541	  373   56     76   -238    504
20210113163800674	  373   56     76   -238    504
20210113163800841	  374   56     77   -238    504
20210113163800941	  374   55     77   -239    504
20210113163801107	  374   59     77   -234    505
20210113163801274	  372   57     75   -237    504
20210113163801441	  373   57     76   -237    504
20210113163801574	  373   59     76   -234    505
20210113163801741	  374   59     77   -234    504
20210113163801841	  373   58     76   -235    503
20210113163801974	  372   60     75   -233    505
20210113163802141	  374   60     77   -233    504
20210113163802241	  373   60     76   -233    504
20210113163802341	  373   60     76   -233    504
20210113163802508	  373   59     76   -234    504
20210113163802674	  374   61     77   -232    505
20210113163802741	  374   61     77   -232    505
20210113163802941	  373   59     76   -234    504
20210113163803108	  373   62     76   -231    506
20210113163803241	  372   63     75   -230    506
20210113163803441	  372   61     75   -232    504
20210113163803508	  372   61     75   -232    504
20210113163803675	  372   62     75   -230    504
20210113163803841	  373   63     76   -229    504
20210113163804008	  371   63     74   -229    505
20210113163804208	  372   64     75   -228    504
20210113163804341	  372   64     75   -228    504
20210113163804442	  371   64     73   -228    504
20210113163804608	  373   65     76   -226    504
20210113163804775	  372   65     75   -226    504
20210113163804842	  371   64     73   -228    504
20210113163805008	  372   64     75   -227    504
20210113163805175	  370   65     72   -226    504
20210113163805375	  371   65     73   -226    504
20210113163805542	  371   65     73   -226    504
20210113163805642	  370   67     72   -224    504
20210113163805808	  370   67     72   -224    505
20210113163805875	  371   66     73   -225    504
20210113163806042	  371   67     73   -224    504
20210113163806242	  372   67     75   -224    504
20210113163806442	  370   68     72   -223    505
20210113163806609	  371   68     73   -223    504
20210113163806709	  372   68     75   -223    505
20210113163806875	  371   68     73   -223    505
20210113163807075	  371   70     74   -220    505
20210113163807242	  371   70     74   -220    505
20210113163807409	  372   70     75   -220    505
20210113163807542	  370   69     72   -221    504
20210113163807676	  371   71     73   -219    504
20210113163807809	  372   69     75   -221    504
20210113163807942	  370   71     72   -219    504
20210113163807976	  369   71     71   -218    504
20210113163808042	  369   71     71   -219    504
20210113163808209	  371   71     73   -218    503
20210113163808342	  370   70     72   -220    504
20210113163808509	  370   70     72   -220    503
20210113163808709	  370   72     72   -217    504
20210113163808876	  371   73     73   -216    504
20210113163809076	  370   73     72   -216    503
20210113163809209	  370   74     72   -214    504
20210113163809376	  370   72     72   -217    504
20210113163809543	  369   74     71   -214    504
20210113163809709	  370   75     72   -213    504
20210113163809810	  369   73     71   -216    504
20210113163810043	  370   73     72   -216    505
20210113163810210	  369   75     71   -214    505
20210113163810410	  369   74     71   -214    504
20210113163810576	  368   76     70   -212    505
20210113163810710	  370   76     72   -212    504
20210113163810810	  369   75     71   -213    504
20210113163810843	  369   75     71   -213    504
20210113163810876	  370   76     72   -212    504
20210113163810976	  369   76     71   -212    505
20210113163811010	  369   75     71   -213    504
20210113163811077	  368   74     70   -215    505
20210113163811143	  369   76     71   -212    505
20210113163811210	  370   77     72   -211    504
20210113163811277	  368   77     70   -211    504
20210113163811310	  368   77     69   -211    504
20210113163811343	  367   77     68   -211    504
20210113163811377	  368   77     69   -211    504
20210113163811510	  369   77     71   -211    504
20210113163811643	  369   78     71   -209    504
20210113163811777	  368   78     69   -209    504
20210113163811877	  369   79     71   -208    504
20210113163812010	  369   78     71   -209    504
20210113163812210	  367   78     68   -209    504
20210113163812377	  369   79     71   -208    503
20210113163812577	  369   78     71   -209    504
20210113163812744	  367   78     68   -209    503
20210113163812944	  368   78     69   -209    503
20210113163813144	  369   80     71   -207    504
20210113163813344	  366   80     67   -207    503
20210113163813511	  365   84     66   -202    504
20210113163813711	  364   83     64   -203    504
20210113163813811	  364   83     64   -203    504
20210113163813844	  363   84     63   -202    504
20210113163813877	  365   85     66   -200    504
20210113163814044	  365   84     66   -201    504
20210113163814211	  364   86     64   -199    504
20210113163814411	  364   86     64   -199    504
20210113163814577	  364   85     64   -200    504
20210113163814778	  364   85     64   -200    504
20210113163814878	  363   86     63   -199    504
20210113163815078	  365   86     66   -199    504
20210113163815244	  364   86     64   -199    504
20210113163815411	  364   85     64   -200    504
20210113163815578	  362   87     62   -198    504
20210113163815711	  363   87     63   -198    504
20210113163815878	  364   88     64   -196    504
20210113163816078	  362   88     62   -196    504
20210113163816245	  363   89     63   -195    504
20210113163816445	  364   89     64   -195    504
20210113163816645	  364   89     64   -195    504
20210113163816811	  363   89     63   -195    503
20210113163816911	  363   88     63   -196    504
20210113163817111	  362   89     62   -195    503
20210113163817311	  362   89     62   -195    503
20210113163817512	  361   91     60   -192    503
20210113163817712	  362   90     62   -194    504
20210113163817878	  362   91     62   -192    503
20210113163818045	  362   92     62   -191    504
20210113163818278	  363   90     63   -193    503
20210113163818445	  363   90     63   -194    504
20210113163818578	  363   92     63   -191    504
20210113163818745	  363   90     63   -194    504
20210113163818945	  362   92     62   -191    504
20210113163819145	  363   92     63   -191    504
20210113163819312	  362   92     62   -191    504
20210113163819412	  361   91     60   -193    505
20210113163819545	  362   93     62   -190    504
20210113163819712	  363   93     63   -190    504
20210113163819912	  361   92     60   -191    505
20210113163819979	  362   92     62   -191    504
20210113163820012	  361   93     60   -190    504
20210113163820245	  361   93     60   -190    504
20210113163820412	  362   94     62   -189    504
20210113163820612	  361   95     60   -187    505
20210113163820779	  360   95     59   -188    505
20210113163821012	  361   95     60   -187    504
20210113163821179	  362   95     62   -187    504
20210113163821312	  360   95     59   -187    505
20210113163821479	  361   96     60   -186    504
20210113163821679	  360   96     59   -186    504
20210113163821813	  361   96     60   -186    505
20210113163821846	  361   96     60   -186    504
20210113163821979	  361   95     60   -187    504
20210113163822013	  361   95     60   -187    504
20210113163822213	  360   96     59   -186    504
20210113163822379	  361   97     60   -185    504
20210113163822446	  361   97     60   -185    504
20210113163822513	  360   95     59   -188    505
20210113163822679	  360   99     59   -182    504
20210113163822879	  361   99     60   -182    504
20210113163823013	  361   97     60   -185    504
20210113163823113	  360   99     59   -182    504
20210113163823213	  361   97     60   -185    504
20210113163823280	  361   97     60   -185    504
20210113163823446	  361  100     60   -180    504
20210113163823546	  361   98     60   -183    504
20210113163823646	  360   99     59   -182    504
20210113163823746	  361   99     60   -182    504
20210113163823813	  360   98     59   -183    504
20210113163823880	  360   99     59   -182    504
20210113163824080	  361  100     60   -180    504
20210113163824180	  360   98     59   -183    504
20210113163824313	  361  100     60   -181    504
20210113163824413	  359  102     58   -178    503
20210113163824547	  359  100     58   -180    503
20210113163824647	  361  102     60   -178    504
20210113163824747	  360  103     59   -177    503
20210113163824847	  358  102     56   -178    504
20210113163824980	  359  102     58   -178    503
20210113163825080	  359  102     58   -178    503
20210113163825180	  359  101     58   -179    503
20210113163825280	  359  101     58   -179    503
20210113163825413	  360  101     59   -179    504
20210113163825513	  360  101     59   -179    503
20210113163825613	  359  103     58   -176    503
20210113163825747	  360  101     59   -179    503
20210113163825847	  360  103     59   -176    503
20210113163825947	  358  103     56   -177    504
20210113163825980	  358  103     56   -177    504
20210113163826147	  358  104     56   -175    504
20210113163826247	  359  103     58   -177    504
20210113163826380	  359  103     58   -177    504
20210113163826480	  359  105     58   -174    503
20210113163826614	  357  104     55   -175    504
20210113163826714	  359  104     58   -175    504
20210113163826814	  358  104     56   -175    504
20210113163826947	  358  106     56   -172    503
20210113163827047	  357  104     55   -175    504
20210113163827114	  359  104     58   -175    504
20210113163827247	  359  104     58   -175    504
20210113163827380	  358  104     56   -175    504
20210113163827481	  359  105     58   -174    503
20210113163827581	  358  106     56   -173    504
20210113163827714	  358  105     56   -174    503
20210113163827814	  359  107     58   -171    504
20210113163827914	  358  106     56   -173    503
20210113163828047	  358  107     56   -171    503
20210113163828147	  357  108     55   -170    504
20210113163828247	  359  108     58   -170    504
20210113163828381	  358  109     56   -169    504
20210113163828481	  358  107     56   -171    504
20210113163828581	  358  107     56   -171    504
20210113163828681	  358  107     56   -171    504
20210113163828814	  357  109     55   -169    504
20210113163828914	  357  109     55   -169    504
20210113163829014	  357  109     55   -169    504
20210113163829114	  358  108     56   -170    504
20210113163829214	  359  108     58   -170    504
20210113163829348	  357  110     55   -167    504
20210113163829448	  356  109     54   -169    504
20210113163829548	  358  110     56   -167    504
20210113163829681	  358  109     56   -169    504
20210113163829781	  357  112     55   -165    504
20210113163829881	  357  109     55   -169    504
20210113163830015	  356  110     54   -168    505
20210113163830115	  358  111     56   -166    504
20210113163830115	  356  110     54   -167    504
20210113163830181	  357  110     55   -168    504
20210113163830281	  356  112     54   -165    504
20210113163830515	  357  110     55   -168    504
20210113163830681	  357  110     55   -168    504
20210113163830881	  356  112     54   -165    504
20210113163831015	  357  111     55   -166    505
20210113163831148	  357  112     55   -165    504
20210113163831282	  355  113     52   -163    504
20210113163831415	  356  114     54   -162    505
20210113163831515	  356  114     54   -162    504
20210113163831615	  357  112     55   -165    505
20210113163831715	  357  114     55   -162    503
20210113163831848	  357  114     55   -162    504
20210113163831948	  357  114     55   -162    504
20210113163832048	  357  114     55   -162    504
20210113163832148	  356  114     54   -162    504
20210113163832215	  357  114     55   -162    504
20210113163832348	  357  114     55   -162    504
20210113163832482	  355  114     52   -162    503
20210113163832615	  357  114     55   -162    504
20210113163832715	  355  114     52   -162    504
20210113163832815	  356  113     54   -163    504
20210113163832949	  357  115     55   -161    504
20210113163833049	  356  114     54   -162    504
20210113163833149	  356  115     54   -161    504
20210113163833249	  355  116     52   -160    504
20210113163833382	  355  114     53   -162    505
20210113163833482	  356  115     54   -161    504
20210113163833582	  355  117     53   -158    504
20210113163833716	  355  116     53   -160    504
20210113163833816	  354  117     51   -158    504
20210113163833916	  354  117     51   -158    504
20210113163834049	  356  117     54   -158    504
20210113163834149	  354  118     51   -157    505
20210113163834249	  356  117     54   -158    504
20210113163834349	  354  117     51   -159    505
20210113163834449	  355  117     53   -158    504
20210113163834582	  355  118     53   -157    504
20210113163834682	  355  117     53   -158    505
20210113163834782	  356  118     54   -157    504
20210113163834883	  355  117     53   -158    505
20210113163835016	  354  118     51   -157    505
20210113163835116	  355  118     53   -157    505
20210113163835216	  353  120     50   -155    506
20210113163835316	  355  118     53   -157    505
20210113163835449	  355  118     53   -157    505
20210113163835549	  354  119     51   -156    505
20210113163835649	  354  119     51   -156    505
20210113163835749	  355  118     53   -157    505
20210113163835883	  355  118     53   -157    505
20210113163835983	  354  119     51   -156    505
20210113163836083	  355  120     53   -155    506
20210113163836216	  355  120     53   -155    505
20210113163836316	  354  120     51   -155    505
20210113163836416	  354  120     51   -155    506
20210113163836516	  353  121     50   -154    506
20210113163836650	  353  120     50   -155    506
20210113163836750	  353  122     50   -152    506
20210113163836850	  353  122     50   -152    506
20210113163836950	  355  122     53   -152    506
20210113163837083	  354  120     51   -155    506
20210113163837183	  353  122     50   -152    506
20210113163837316	  353  123     50   -151    506
20210113163837350	  353  123     50   -151    506
20210113163837350	  353  123     50   -151    506
20210113163837483	  353  123     50   -151    506
20210113163837683	  354  121     51   -153    505
20210113163837883	  354  121     51   -154    506
20210113163837983	  354  123     51   -151    506
20210113163838083	  352  123     49   -151    506
20210113163838183	  354  123     51   -151    506
20210113163838317	  353  124     50   -150    506
20210113163838417	  353  124     50   -150    507
20210113163838517	  353  123     50   -151    506
20210113163838650	  352  123     49   -151    506
20210113163838750	  353  123     50   -151    506
20210113163838850	  353  123     50   -151    506
20210113163838950	  353  123     50   -151    506
20210113163839084	  353  125     50   -148    506
20210113163839184	  353  123     50   -151    507
20210113163839284	  351  124     47   -150    506
20210113163839417	  352  123     49   -151    507
20210113163839550	  353  125     50   -149    506
20210113163839650	  352  126     49   -147    506
20210113163839750	  352  126     49   -147    506
20210113163839884	  353  124     50   -150    506
20210113163839984	  353  126     50   -147    507
20210113163840117	  353  126     50   -147    506
20210113163840251	  352  127     49   -146    506
20210113163840351	  353  127     50   -146    506
20210113163840451	  353  126     50   -147    507
20210113163840584	  351  128     48   -145    507
20210113163840684	  352  127     49   -146    506
20210113163840817	  351  128     48   -145    507
20210113163840951	  351  128     48   -145    507
20210113163841051	  352  126     49   -147    506
20210113163841184	  351  128     48   -145    506
20210113163841284	  352  127     49   -146    507
20210113163841418	  353  128     50   -145    507
20210113163841518	  351  129     48   -143    507
20210113163841651	  351  129     48   -143    507
20210113163841751	  352  127     49   -146    507
20210113163841851	  351  129     48   -143    507
20210113163841984	  352  129     49   -143    507
20210113163842084	  351  130     48   -142    507
20210113163842218	  352  128     49   -145    507
20210113163842318	  351  130     48   -142    506
20210113163842451	  351  128     48   -145    507
20210113163842584	  351  130     48   -142    507
20210113163842685	  351  130     48   -142    507
20210113163842751	  351  130     48   -142    507
20210113163842951	  351  129     47   -144    507
20210113163843085	  351  130     48   -142    507
20210113163843185	  350  130     46   -142    506
20210113163843318	  351  130     48   -142    506
20210113163843418	  352  131     49   -141    507
20210113163843551	  352  130     49   -142    508
20210113163843651	  350  129     46   -143    507
20210113163843785	  350  132     46   -140    507
20210113163843918	  351  132     47   -139    508
20210113163844018	  351  132     47   -140    507
20210113163844285	  351  131     48   -141    507
20210113163844385	  351  132     48   -139    507
20210113163844518	  349  133     45   -138    507
20210113163844618	  349  133     45   -138    507
20210113163844852	  351  132     47   -140    507
20210113163844985	  350  133     46   -138    507
20210113163845219	  350  133     46   -138    507
20210113163845452	  349  134     45   -137    507
20210113163845719	  350  135     46   -136    508
20210113163845852	  350  134     46   -137    509
20210113163845952	  349  134     45   -137    508
20210113163846085	  349  134     45   -137    508
20210113163846219	  349  135     45   -136    508
20210113163846319	  349  135     45   -136    508
20210113163846452	  349  135     45   -136    508
20210113163846585	  348  134     44   -137    507
20210113163846686	  350  133     46   -139    509
20210113163846819	  350  136     46   -135    508
20210113163846952	  349  135     45   -136    509
20210113163847086	  350  135     46   -136    509
20210113163847186	  349  136     45   -134    508
20210113163847319	  349  137     45   -133    508
20210113163847452	  350  137     46   -133    509
20210113163847586	  349  137     45   -133    509
20210113163847686	  348  137     44   -133    509
20210113163847952	  349  137     45   -133    509
20210113163848086	  349  138     45   -132    509
20210113163848219	  349  137     45   -133    509
20210113163848319	  348  137     44   -133    509
20210113163848453	  348  138     44   -132    509
20210113163848586	  349  137     45   -133    509
20210113163848719	  349  137     45   -133    510
20210113163848853	  349  138     45   -132    508
20210113163848953	  348  139     44   -130    507
20210113163849086	  347  139     42   -130    507
20210113163849219	  348  139     44   -131    509
20210113163849353	  348  140     44   -129    509
20210113163849453	  349  140     45   -129    508
20210113163849720	  347  139     42   -131    509
20210113163849853	  347  140     42   -129    509
20210113163849953	  347  140     42   -129    508
20210113163850086	  347  140     42   -129    509
20210113163850220	  348  141     44   -128    509
20210113163850353	  346  141     41   -128    508
20210113163850486	  348  139     44   -130    508
20210113163850586	  346  141     41   -128    509
20210113163850720	  346  141     41   -128    509
20210113163850820	  347  141     42   -128    508
20210113163850887	  347  142     42   -127    509
20210113163851020	  347  141     42   -128    509
20210113163851187	  348  142     44   -126    508
20210113163851353	  347  141     42   -128    509
20210113163851453	  347  142     42   -127    509
20210113163851520	  347  142     42   -127    509
20210113163851653	  345  142     40   -127    510
20210113163851887	  347  144     42   -124    507
20210113163851987	  346  145     41   -122    508
20210113163852120	  347  143     42   -125    508
20210113163852220	  347  144     42   -124    508
20210113163852354	  347  143     42   -125    509
20210113163852487	  347  144     42   -124    508
20210113163852620	  345  144     40   -124    509
20210113163852720	  347  144     42   -124    509
20210113163852787	  346  145     41   -123    509
20210113163852954	  347  144     42   -124    509
20210113163853120	  347  145     42   -123    509
20210113163853220	  345  144     40   -124    510
20210113163853354	  346  145     41   -123    509
20210113163853487	  346  145     41   -123    509
20210113163853621	  346  145     41   -123    509
20210113163853654	  346  146     41   -121    509
20210113163853854	  347  145     42   -123    509
20210113163853987	  346  146     41   -121    508
20210113163854121	  346  146     41   -121    509
20210113163854254	  345  145     40   -123    509
20210113163854387	  346  147     41   -120    509
20210113163854487	  346  147     41   -120    509
20210113163854621	  345  145     40   -123    509
20210113163854754	  345  147     40   -120    508
20210113163854888	  345  147     40   -120    508
20210113163854988	  345  147     40   -120    508
20210113163855121	  346  148     41   -118    508
20210113163855254	  344  147     38   -120    508
20210113163855354	  344  147     38   -120    509
20210113163855488	  344  147     38   -120    509
20210113163855621	  345  148     40   -118    508
20210113163855754	  345  148     40   -118    508
20210113163855888	  345  148     40   -119    508
20210113163855988	  345  148     40   -118    508
20210113163856121	  345  148     40   -119    509
20210113163856255	  346  148     41   -118    508
20210113163856388	  346  150     41   -116    509
20210113163856488	  345  148     40   -118    508
20210113163856621	  343  149     37   -117    509
20210113163856755	  345  149     40   -117    508
20210113163856888	  344  148     38   -119    509
20210113163856988	  345  150     40   -116    508
20210113163857121	  344  149     38   -117    509
20210113163857255	  344  150     38   -116    508
20210113163857388	  344  151     38   -115    509
20210113163857522	  344  150     38   -116    509
20210113163857622	  343  151     37   -115    509
20210113163857755	  345  150     40   -116    509
20210113163857888	  345  150     40   -116    509
20210113163858022	  345  151     40   -115    509
20210113163858155	  344  151     38   -115    509
20210113163858255	  344  151     38   -115    509
20210113163858388	  344  151     38   -115    509
20210113163858522	  344  151     38   -115    509
20210113163858655	  344  152     38   -113    509
20210113163858755	  344  152     38   -113    509
20210113163858889	  344  151     38   -115    509
20210113163859022	  344  152     38   -113    509
20210113163859155	  344  151     38   -115    509
20210113163859289	  344  152     38   -113    509
20210113163859389	  343  152     37   -113    509
20210113163859522	  344  152     38   -113    509
20210113163859655	  344  151     39   -115    510
20210113163859755	  343  152     37   -113    509
20210113163859889	  343  153     37   -112    509
20210113163900022	  343  153     37   -112    510
20210113163900155	  343  152     37   -114    510
20210113163900256	  343  153     37   -112    510
20210113163900389	  343  154     37   -111    510
20210113163900522	  343  154     37   -111    510
20210113163900656	  343  154     37   -111    510
20210113163900789	  343  154     37   -111    510
20210113163900889	  343  154     37   -111    510
20210113163901022	  343  153     37   -112    510
20210113163901156	  344  155     39   -110    510
20210113163901289	  342  154     36   -111    510
20210113163901389	  342  154     36   -111    510
20210113163901523	  341  155     35   -109    510
20210113163901656	  343  154     37   -111    510
20210113163901789	  343  156     37   -108    510
20210113163901889	  343  154     37   -111    510
20210113163902023	  342  154     36   -111    510
20210113163902156	  343  156     37   -108    511
20210113163902289	  342  157     36   -107    511
20210113163902389	  342  156     36   -108    511
20210113163902523	  343  158     37   -106    511
20210113163902656	  342  157     36   -107    511
20210113163902789	  342  156     36   -108    511
20210113163902923	  341  157     35   -107    511
20210113163903023	  343  157     37   -107    511
20210113163903123	  342  157     36   -107    511
20210113163903290	  342  157     36   -107    511
20210113163903423	  341  156     35   -108    511
20210113163903556	  342  157     36   -107    511
20210113163903690	  341  156     35   -108    511
20210113163903790	  341  157     35   -107    511
20210113163903923	  341  158     35   -106    511
20210113163904056	  342  158     36   -106    512
20210113163904156	  341  158     35   -106    512
20210113163904290	  342  158     36   -106    512
20210113163904423	  341  158     35   -106    512
20210113163904557	  340  158     33   -106    512
20210113163904657	  341  158     35   -106    512
20210113163904790	  341  158     35   -106    512
20210113163904923	  341  158     35   -106    512
20210113163905057	  341  159     35   -104    512
20210113163905190	  340  157     33   -107    511
20210113163905290	  340  157     33   -107    512
20210113163905423	  341  158     35   -106    511
20210113163905557	  341  158     35   -106    512
20210113163905690	  342  159     36   -104    512
20210113163905790	  342  159     36   -105    512
20210113163905924	  342  159     36   -105    512
20210113163906057	  342  159     36   -105    512
20210113163906190	  340  159     33   -105    512
20210113163906290	  341  158     35   -106    512
20210113163906424	  342  158     36   -106    512
20210113163906557	  342  159     36   -104    512
20210113163906690	  342  159     36   -104    511
20210113163906824	  341  158     35   -106    511
20210113163906924	  342  158     36   -106    512
20210113163907057	  342  160     36   -103    512
20210113163907191	  342  158     36   -106    511
20210113163907324	  341  159     35   -104    512
20210113163907424	  340  159     33   -105    512
20210113163907557	  340  158     33   -106    512
20210113163907691	  341  160     35   -103    512
20210113163907824	  340  158     33   -106    513
20210113163907924	  342  159     36   -105    512
20210113163908058	  341  160     35   -103    512
20210113163908191	  340  158     33   -106    513
20210113163908324	  340  158     33   -106    513
20210113163908458	  340  159     33   -105    512
20210113163908558	  341  159     35   -105    512
20210113163908691	  342  159     36   -104    512
20210113163908824	  342  158     36   -106    512
20210113163908958	  342  159     36   -104    511
20210113163909058	  340  158     33   -106    512
20210113163909191	  341  160     35   -103    512
20210113163909324	  341  160     35   -103    512
20210113163909458	  341  160     35   -103    512
20210113163909591	  341  160     35   -103    512
20210113163909691	  342  160     36   -103    512
20210113163909825	  341  159     35   -104    512
20210113163909958	  341  158     35   -106    512
20210113163910091	  341  160     35   -103    512
20210113163910191	  341  159     35   -105    512
20210113163910325	  341  160     35   -103    512
20210113163910458	  340  158     33   -106    512
20210113163910591	  341  160     35   -103    511
20210113163910692	  340  158     33   -106    512
20210113163910825	  340  158     33   -106    512
20210113163910958	  340  158     33   -106    512
20210113163911092	  339  159     32   -105    513
20210113163911225	  340  158     33   -106    512
20210113163911325	  341  159     35   -104    512
20210113163911458	  341  159     35   -105    512
20210113163911592	  342  159     36   -105    512
20210113163911725	  341  160     35   -103    512
20210113163911825	  341  160     35   -103    512
20210113163911959	  341  160     35   -103    512
20210113163912092	  341  159     35   -104    512
20210113163912225	  341  159     35   -104    511
20210113163912325	  341  159     35   -105    512
20210113163912459	  340  158     33   -106    512
20210113163912592	  341  160     35   -103    511
20210113163912725	  341  159     35   -105    512
20210113163912859	  341  160     35   -103    512
20210113163912992	  341  159     35   -105    512
20210113163913092	  341  159     35   -105    512
20210113163913226	  341  159     35   -105    512
20210113163913326	  340  159     33   -105    512
20210113163913359	  342  159     36   -105    512
20210113163913426	  342  160     36   -103    512
20210113163913692	  342  159     36   -105    512
20210113163913859	  341  160     35   -103    511
20210113163913992	  342  159     36   -105    512
20210113163914092	  340  158     33   -106    513
20210113163914226	  341  159     35   -105    512
20210113163914359	  342  159     36   -104    512
20210113163914492	  341  159     35   -105    512
20210113163914593	  341  159     35   -105    512
20210113163914726	  341  159     35   -105    512
20210113163914859	  341  159     35   -105    512
20210113163914993	  342  160     36   -103    511
20210113163915126	  341  159     35   -105    512
20210113163915226	  341  160     35   -103    512
20210113163915359	  341  160     35   -103    512
20210113163915493	  341  160     35   -103    512
20210113163915626	  341  159     35   -104    511
20210113163915759	  340  159     33   -105    512
20210113163915860	  342  161     36   -102    511
20210113163915993	  340  159     33   -105    512
20210113163916126	  342  161     36   -102    511
20210113163916260	  340  160     33   -103    512
20210113163916360	  341  158     35   -106    512
20210113163916493	  342  160     36   -103    512
20210113163916626	  342  160     36   -103    511
20210113163916760	  341  159     35   -105    512
20210113163916860	  340  159     33   -105    512
20210113163916993	  341  161     35   -102    512
20210113163917127	  341  161     35   -102    512
20210113163917260	  342  160     36   -103    512
20210113163917393	  340  159     33   -105    512
20210113163917493	  340  160     33   -103    512
20210113163917627	  341  159     35   -105    513
20210113163917760	  342  160     36   -103    512
20210113163917893	  340  159     33   -105    512
20210113163917993	  342  161     36   -102    512
20210113163918127	  340  159     33   -104    512
20210113163918260	  340  159     33   -105    512
20210113163918393	  340  159     33   -104    512
20210113163918527	  341  160     35   -103    511
20210113163918660	  340  161     33   -102    512
20210113163918794	  341  161     35   -102    511
20210113163918894	  341  161     35   -102    512
20210113163919027	  340  161     33   -102    512
20210113163919160	  341  161     35   -102    512
20210113163919294	  342  159     36   -105    512
20210113163919427	  340  159     33   -105    512
20210113163919560	  341  161     35   -102    512
20210113163919694	  341  160     35   -103    512
20210113163919827	  341  161     35   -102    511
20210113163919961	  340  159     33   -105    512
20210113163920094	  340  159     33   -105    512
20210113163920227	  342  160     36   -103    512
20210113163920361	  341  160     35   -103    512
20210113163920494	  341  160     35   -103    512
20210113163920661	  341  160     35   -103    511
20210113163920794	  341  160     35   -103    512
20210113163920927	  340  159     33   -105    513
20210113163921061	  341  161     35   -102    511
20210113163921194	  341  160     35   -103    511
20210113163921294	  340  159     33   -105    512
20210113163921461	  342  160     36   -103    512
20210113163921561	  341  161     35   -102    512
20210113163921694	  340  159     33   -105    512
20210113163921761	  341  160     35   -103    512
20210113163921828	  340  159     33   -105    512
20210113163921928	  341  160     35   -103    512
20210113163921961	  341  161     35   -102    511
20210113163921961	  341  159     35   -105    512
20210113163921961	  341  159     35   -105    512
20210113163922061	  341  161     35   -102    512
20210113163922128	  341  161     35   -102    512
20210113163922261	  341  160     35   -103    511
20210113163922294	  342  161     36   -102    511
20210113163922394	  342  161     36   -102    512
20210113163922428	  341  161     35   -102    512
20210113163922628	  341  160     35   -103    511
20210113163922728	  342  161     36   -102    512
20210113163922761	  341  160     35   -103    512
20210113163923061	  342  161     36   -102    512
20210113163923428	  341  160     35   -103    512
20210113163923761	  341  161     35   -102    511
20210113163924062	  341  159     35   -105    513
20210113163924428	  341  160     35   -103    512
20210113163924795	  341  160     35   -103    512
20210113163925162	  341  161     35   -102    512
20210113163925462	  341  160     35   -103    512
20210113163925729	  342  161     36   -102    512
20210113163925895	  341  160     35   -103    511
20210113163926029	  341  162     35   -100    512
20210113163926162	  341  161     35   -102    512
20210113163926295	  341  162     35   -100    512
20210113163926429	  340  161     33   -102    512
20210113163926562	  342  160     36   -103    512
20210113163926729	  341  160     35   -103    512
20210113163926862	  341  160     35   -103    512
20210113163926996	  341  160     35   -103    512
20210113163927129	  341  160     35   -103    512
20210113163927262	  341  160     35   -103    512
20210113163927429	  341  159     35   -105    512
20210113163927562	  341  159     35   -105    512
20210113163927696	  341  161     35   -102    512
20210113163927829	  340  160     33   -103    512
20210113163927996	  341  161     35   -102    512
20210113163928129	  340  160     33   -103    513
20210113163928263	  340  160     33   -103    513
20210113163928396	  342  161     36   -102    512
20210113163928563	  342  162     36   -101    512
20210113163928696	  342  162     36   -100    512
20210113163928829	  342  160     36   -103    512
20210113163928963	  342  161     36   -102    512
20210113163929129	  340  162     33   -101    512
20210113163929263	  339  161     32   -102    512
20210113163929396	  339  161     32   -102    513
20210113163929530	  340  160     33   -103    512
20210113163929663	  341  162     35   -100    512
20210113163929830	  342  160     36   -103    512
20210113163929963	  341  160     35   -103    512
20210113163930096	  341  160     35   -103    512
20210113163930263	  341  160     35   -103    511
20210113163930396	  341  160     35   -103    511
20210113163930530	  342  161     36   -102    511
20210113163930663	  341  160     35   -103    512
20210113163930796	  341  160     35   -103    512
20210113163930963	  341  161     35   -102    511
20210113163931097	  341  160     35   -103    511
20210113163931230	  341  160     35   -103    512
20210113163931363	  341  160     35   -103    511
20210113163931530	  341  161     35   -102    511
20210113163931663	  341  161     35   -102    511
20210113163931797	  341  161     35   -102    511
20210113163931930	  341  160     35   -103    511
20210113163932097	  342  161     36   -102    511
20210113163932230	  342  161     36   -102    511
20210113163932364	  340  159     33   -104    512
20210113163932497	  340  159     33   -104    512
20210113163932630	  342  161     36   -102    511
20210113163932797	  342  161     36   -102    511
20210113163932930	  342  161     36   -102    511
20210113163933064	  340  159     33   -105    512
20210113163933197	  342  160     36   -103    511
20210113163933331	  342  160     36   -103    511
20210113163933497	  341  160     35   -103    511
20210113163933631	  342  159     36   -104    511
20210113163933764	  341  159     35   -104    511
20210113163933864	  342  159     36   -104    511
20210113163934064	  340  160     33   -103    511
20210113163934197	  341  160     35   -103    511
20210113163934331	  341  159     35   -104    511
20210113163934464	  342  160     36   -103    511
20210113163934631	  342  159     36   -104    511
20210113163934764	  342  159     36   -104    511
20210113163934898	  342  159     36   -104    511
20210113163935064	  341  160     35   -103    511
20210113163935198	  342  159     36   -104    511
20210113163935331	  341  158     35   -106    511
20210113163935464	  341  159     35   -104    511
20210113163935598	  342  159     36   -104    511
20210113163935765	  343  159     37   -104    511
20210113163935898	  341  158     35   -106    510
20210113163936031	  343  160     37   -103    510
20210113163936198	  342  159     36   -104    511
20210113163936331	  341  158     35   -106    511
20210113163936465	  342  160     36   -103    511
20210113163936565	  343  159     37   -104    511
20210113163936765	  340  159     33   -104    511
20210113163936898	  340  158     33   -106    511
20210113163937031	  343  159     37   -104    510
20210113163937165	  343  159     37   -104    510
20210113163937332	  342  159     36   -104    510
20210113163937465	  343  158     37   -105    509
20210113163937598	  342  158     36   -105    510
20210113163937732	  342  158     36   -105    510
20210113163937898	  343  158     37   -105    510
20210113163938032	  342  158     36   -105    510
20210113163938165	  342  159     36   -104    510
20210113163938298	  342  159     36   -104    510
20210113163938465	  342  159     36   -104    509
20210113163938599	  341  157     35   -107    511
20210113163938732	  342  158     36   -105    509
20210113163938865	  341  157     35   -107    510
20210113163938999	  341  157     35   -107    510
20210113163939165	  343  159     37   -104    509
20210113163939299	  342  158     36   -105    509
20210113163939432	  341  158     35   -105    510
20210113163939565	  341  158     35   -105    510
20210113163939699	  341  158     35   -106    511
20210113163939865	  341  158     35   -106    510
20210113163939999	  341  158     35   -105    510
20210113163940132	  343  157     37   -107    510
20210113163940266	  341  158     34   -105    509
20210113163940432	  342  157     36   -107    509
20210113163940566	  342  158     36   -105    509
20210113163940699	  343  157     37   -107    509
20210113163940832	  341  157     34   -107    509
20210113163940999	  342  157     36   -107    509
20210113163941132	  342  156     36   -108    510
20210113163941266	  342  159     36   -104    510
20210113163941399	  342  156     36   -108    509
20210113163941566	  343  158     37   -105    510
20210113163941699	  343  157     37   -107    509
20210113163941833	  343  157     37   -107    509
20210113163941999	  341  157     34   -107    509
20210113163942133	  342  157     36   -107    509
20210113163942266	  341  157     34   -107    509
20210113163942399	  343  155     37   -109    509
20210113163942566	  343  155     37   -109    509
20210113163942700	  343  156     37   -108    509
20210113163942833	  343  155     37   -109    509
20210113163942966	  343  156     37   -108    509
20210113163943100	  343  156     37   -108    509
20210113163943266	  343  156     37   -108    509
20210113163943400	  343  156     37   -108    509
20210113163943533	  344  155     38   -109    509
20210113163943666	  343  157     37   -107    509
20210113163943833	  343  155     37   -109    508
20210113163943967	  342  155     36   -109    509
20210113163944100	  343  155     37   -109    507
20210113163944233	  343  155     37   -109    507
20210113163944400	  343  155     37   -109    507
20210113163944533	  343  155     37   -109    509
20210113163944667	  343  155     37   -109    509
20210113163944800	  343  154     37   -111    509
20210113163944933	  344  154     38   -111    509
20210113163945100	  344  156     38   -108    509
20210113163945234	  344  156     38   -108    509
20210113163945367	  344  155     38   -109    509
20210113163945500	  345  156     40   -108    509
20210113163945634	  343  155     37   -109    510
20210113163945800	  342  155     36   -109    509
20210113163945934	  344  153     38   -112    509
20210113163946067	  343  154     37   -110    507
20210113163946200	  343  155     37   -109    509
20210113163946334	  344  154     38   -111    508
20210113163946501	  342  154     36   -111    509
20210113163946634	  344  154     38   -111    509
20210113163946767	  344  153     38   -112    509
20210113163946901	  344  154     38   -111    509
20210113163947067	  345  153     40   -112    509
20210113163947201	  344  155     38   -109    507
20210113163947334	  344  153     38   -112    507
20210113163947467	  345  154     40   -110    508
20210113163947634	  344  154     38   -110    507
20210113163947767	  343  153     37   -111    507
20210113163947901	  344  153     38   -111    507
20210113163948034	  344  153     38   -112    507
20210113163948201	  344  153     38   -111    507
20210113163948468	  344  153     38   -111    507
20210113163948601	  344  153     38   -111    507
20210113163948768	  343  153     37   -112    507
20210113163948901	  344  153     38   -111    507
20210113163949034	  344  152     38   -113    507
20210113163949168	  343  152     37   -113    507
20210113163949335	  343  153     37   -111    507
20210113163949501	  345  152     40   -113    507
20210113163949635	  344  153     38   -111    507
20210113163949768	  343  152     37   -113    506
20210113163949901	  343  151     37   -114    507
20210113163950068	  343  151     37   -114    507
20210113163950201	  344  150     38   -116    507
20210113163950335	  345  152     40   -113    507
20210113163950468	  345  152     40   -113    507
20210113163950635	  345  152     39   -113    507
20210113163950768	  345  151     40   -114    506
20210113163950902	  345  152     40   -113    506
20210113163951035	  345  150     39   -115    507
20210113163951168	  345  151     40   -114    506
20210113163951335	  343  150     37   -115    506
20210113163951468	  343  150     37   -115    506
20210113163951602	  345  151     40   -114    506
20210113163951735	  345  150     40   -115    506
20210113163951902	  346  151     41   -114    506
20210113163952035	  344  151     38   -114    506
20210113163952169	  344  151     38   -114    506
20210113163952302	  346  150     41   -115    506
20210113163952469	  346  150     41   -115    506
20210113163952602	  345  150     40   -115    506
20210113163952735	  345  150     40   -115    506
20210113163952869	  345  149     40   -117    506
20210113163953002	  346  149     41   -117    506
20210113163953169	  345  149     40   -117    506
20210113163953302	  345  149     40   -117    506
20210113163953436	  346  149     41   -117    506
20210113163953569	  346  150     41   -115    506
20210113163953736	  346  149     41   -117    506
20210113163953869	  346  150     41   -115    506
20210113163954002	  346  149     41   -117    506
20210113163954136	  346  149     41   -117    506
20210113163954303	  346  150     41   -115    506
20210113163954436	  344  149     38   -117    506
20210113163954603	  344  149     38   -116    505
20210113163954736	  346  148     41   -118    506
20210113163954869	  346  148     41   -118    505
20210113163955036	  346  146     41   -121    506
20210113163955169	  346  148     41   -118    506
20210113163955303	  346  148     41   -118    506
20210113163955436	  347  149     42   -117    506
20210113163955570	  345  148     40   -118    506
20210113163955736	  346  148     41   -118    506
20210113163955903	  347  147     42   -119    506
20210113163956036	  346  147     41   -119    505
20210113163956170	  347  147     42   -119    506
20210113163956336	  346  148     41   -118    505
20210113163956470	  345  146     40   -120    505
20210113163956603	  346  146     41   -120    505
20210113163956770	  347  146     42   -120    506
20210113163956903	  346  146     41   -120    506
20210113163957037	  347  146     42   -120    506
20210113163957170	  347  147     42   -119    506
20210113163957337	  347  148     42   -118    506
20210113163957437	  347  146     42   -121    506
20210113163957637	  347  147     42   -119    506
20210113163957770	  347  146     42   -120    506
20210113163957903	  347  146     42   -121    506
20210113163958037	  347  146     42   -120    506
20210113163958170	  347  145     42   -122    505
20210113163958337	  347  145     42   -122    505
20210113163958470	  346  145     41   -122    506
20210113163958604	  346  143     41   -125    506
20210113163958737	  347  145     42   -122    506
20210113163958904	  346  145     41   -122    506
20210113163959037	  347  145     42   -122    506
20210113163959170	  346  145     41   -122    505
20210113163959337	  348  143     44   -125    506
20210113163959471	  348  143     44   -125    507
20210113163959604	  348  143     44   -125    506
20210113163959737	  348  145     43   -122    505
20210113163959871	  347  144     42   -123    505
20210113164000037	  346  144     41   -123    506
20210113164000204	  348  143     44   -125    506
20210113164000337	  348  143     43   -124    505
20210113164000471	  348  143     43   -124    505
20210113164000637	  348  143     43   -124    505
20210113164000771	  348  143     43   -124    505
20210113164000904	  349  144     45   -123    505
20210113164001071	  348  143     43   -124    505
20210113164001204	  348  143     43   -124    505
20210113164001371	  347  144     42   -123    505
20210113164001504	  348  144     43   -123    505
20210113164001671	  348  143     43   -124    505
20210113164001804	  348  142     43   -126    505
20210113164001938	  346  143     41   -124    504
20210113164002104	  348  142     43   -125    504
20210113164002271	  348  142     43   -126    505
20210113164002405	  347  142     42   -126    505
20210113164002571	  348  141     43   -127    505
20210113164002705	  347  142     42   -125    504
20210113164002871	  347  142     42   -125    504
20210113164003005	  349  140     45   -128    505
20210113164003171	  349  140     45   -128    505
20210113164003305	  348  141     43   -127    505
20210113164003471	  347  140     42   -128    505
20210113164003605	  347  142     42   -126    505
20210113164003738	  348  141     43   -127    505
20210113164003905	  348  141     43   -127    504
20210113164004038	  348  140     43   -128    505
20210113164004138	  348  140     43   -128    504
20210113164004238	  348  139     43   -129    504
20210113164004305	  348  140     43   -128    504
20210113164004372	  350  141     46   -127    505
20210113164004472	  349  141     45   -127    504
20210113164004605	  349  141     45   -127    504
20210113164004705	  349  141     45   -127    504
20210113164004805	  349  141     45   -127    504
20210113164004939	  349  140     45   -128    504
20210113164005039	  350  140     46   -128    504
20210113164005405	  349  140     45   -128    504
20210113164005805	  350  139     46   -129    504
20210113164005972	  350  138     46   -131    504
20210113164006139	  349  138     45   -131    505
20210113164006272	  350  139     46   -129    504
20210113164006439	  349  139     45   -130    505
20210113164006572	  349  139     45   -130    505
20210113164006739	  348  140     43   -128    505
20210113164006906	  350  138     46   -131    505
20210113164007039	  350  138     46   -131    505
20210113164007206	  350  138     46   -131    504
20210113164007339	  349  139     45   -129    504
20210113164007506	  350  137     46   -132    504
20210113164007639	  350  137     46   -132    504
20210113164007806	  351  137     47   -132    504
20210113164007973	  349  137     45   -132    504
20210113164008106	  351  138     47   -131    505
20210113164008273	  351  138     47   -131    505
20210113164008439	  351  138     47   -131    505
20210113164008606	  350  137     46   -132    505
20210113164008739	  349  137     45   -132    505
20210113164008906	  349  137     45   -132    505
20210113164009040	  350  135     46   -135    505
20210113164009206	  351  137     47   -132    504
20210113164009373	  349  135     45   -135    504
20210113164009506	  349  135     45   -135    504
20210113164009673	  350  137     46   -132    504
20210113164009840	  350  137     46   -132    504
20210113164009973	  349  134     45   -136    505
20210113164010140	  350  137     46   -132    504
20210113164010306	  349  135     45   -135    505
20210113164010473	  351  134     47   -136    505
20210113164010607	  351  134     47   -136    504
20210113164010773	  350  136     46   -133    504
20210113164010940	  351  135     47   -135    504
20210113164011073	  351  135     47   -134    503
20210113164011240	  350  135     46   -135    504
20210113164011407	  350  135     46   -135    504
20210113164011540	  350  135     46   -135    504
20210113164011707	  350  135     46   -135    504
20210113164011874	  351  133     47   -137    504
20210113164012007	  352  133     49   -137    504
20210113164012174	  350  134     46   -136    504
20210113164012340	  350  133     46   -137    503
20210113164012474	  352  133     49   -137    503
20210113164012640	  351  132     47   -138    503
20210113164012807	  352  132     49   -138    503
20210113164012974	  351  133     47   -137    504
20210113164013107	  350  134     46   -136    504
20210113164013274	  351  131     47   -139    503
20210113164013441	  352  133     48   -137    502
20210113164013574	  352  133     49   -137    503
20210113164013707	  351  133     47   -137    503
20210113164013807	  352  132     49   -138    503
20210113164014074	  351  133     47   -137    504
20210113164014208	  351  133     47   -137    503
20210113164014374	  351  133     47   -137    503
20210113164014474	  351  131     47   -139    503
20210113164014674	  353  131     50   -140    503
20210113164014841	  351  132     47   -138    503
20210113164015008	  351  131     47   -140    503
20210113164015141	  352  131     48   -139    503
20210113164015308	  352  131     48   -140    503
20210113164015475	  352  131     49   -140    503
20210113164015608	  351  131     47   -139    502
20210113164015775	  353  131     50   -140    503
20210113164015941	  353  131     50   -139    502
20210113164016075	  353  129     50   -142    503
20210113164016241	  352  131     49   -140    503
20210113164016408	  351  130     47   -141    503
20210113164016541	  351  130     47   -141    502
20210113164016708	  352  129     48   -142    501
20210113164016875	  353  128     50   -143    502
20210113164017008	  353  128     50   -143    502
20210113164017175	  353  129     50   -142    502
20210113164017342	  352  130     48   -141    502
20210113164017475	  353  128     50   -143    502
20210113164017642	  352  130     48   -141    503
20210113164017808	  352  127     48   -145    502
20210113164017942	  353  128     50   -143    502
20210113164018108	  353  127     50   -145    502
20210113164018275	  353  128     50   -143    502
20210113164018409	  352  129     48   -142    502
20210113164018575	  354  128     51   -143    502
20210113164018709	  352  128     48   -143    502
20210113164018875	  352  128     48   -143    502
20210113164019042	  354  128     51   -143    502
20210113164019175	  354  128     51   -143    502
20210113164019342	  354  126     51   -146    503
20210113164019509	  353  128     50   -143    502
20210113164019676	  353  128     50   -143    502
20210113164019809	  354  127     51   -145    503
20210113164019876	  354  127     51   -145    502
20210113164019976	  354  127     51   -145    502
20210113164020076	  353  127     50   -144    502
20210113164020142	  354  125     51   -147    502
20210113164020276	  354  125     51   -147    503
20210113164020376	  354  126     51   -146    502
20210113164020509	  354  125     51   -147    502
20210113164020642	  354  126     51   -146    501
20210113164020843	  354  125     51   -147    502
20210113164021043	  355  126     52   -146    502
20210113164021176	  353  126     50   -146    502
20210113164021576	  354  125     51   -147    501
20210113164021743	  353  124     50   -148    501
20210113164021876	  353  125     50   -147    501
20210113164021976	  353  125     50   -147    501
20210113164022143	  353  125     50   -147    501
20210113164022243	  354  124     51   -148    501
20210113164022343	  355  123     52   -149    501
20210113164022510	  355  123     52   -149    501
20210113164022710	  355  123     52   -149    501
20210113164023076	  355  124     52   -148    501
20210113164023210	  355  122     52   -151    501
20210113164023410	  355  122     52   -151    501
20210113164023577	  353  122     50   -151    501
20210113164023743	  355  122     52   -151    501
20210113164023877	  356  124     54   -148    501
20210113164024043	  355  121     52   -152    501
20210113164024210	  355  124     52   -148    500
20210113164024343	  355  123     52   -149    500
20210113164024510	  355  122     52   -151    501
20210113164024677	  355  122     52   -151    500
20210113164024777	  356  122     54   -151    501
20210113164024910	  356  122     53   -150    500
20210113164025044	  355  120     52   -153    500
20210113164025210	  355  122     52   -151    500
20210113164025444	  355  121     52   -152    500
20210113164025610	  354  121     51   -152    500
20210113164025744	  354  120     51   -153    500
20210113164025910	  356  119     53   -154    500
20210113164026077	  356  119     53   -154    500
20210113164026211	  355  120     52   -153    500
20210113164026377	  356  121     53   -152    500
20210113164026544	  355  120     52   -153    500
20210113164026677	  355  121     52   -152    500
20210113164026844	  356  119     53   -154    500
20210113164027011	  356  118     53   -156    500
20210113164027144	  355  119     52   -154    500
20210113164027311	  356  118     53   -156    500
20210113164027478	  357  120     55   -153    500
20210113164027611	  357  119     55   -154    500
20210113164027778	  356  117     53   -157    499
20210113164027944	  356  119     53   -154    499
20210113164028078	  356  117     53   -157    499
20210113164028244	  356  118     53   -156    499
20210113164028411	  357  117     55   -157    500
20210113164028544	  356  119     53   -154    499
20210113164028711	  357  118     55   -155    499
20210113164028878	  355  117     52   -157    500
20210113164029011	  356  117     53   -157    499
20210113164029178	  357  116     55   -158    499
20210113164029345	  357  117     54   -156    498
20210113164029478	  356  116     53   -158    499
20210113164029645	  357  116     55   -158    499
20210113164029812	  357  116     55   -158    499
20210113164029945	  357  116     55   -158    499
20210113164030112	  358  115     56   -159    499
20210113164030245	  356  116     53   -158    499
20210113164030412	  358  116     56   -158    499
20210113164030578	  357  115     55   -159    499
20210113164030712	  357  114     55   -161    499
20210113164030878	  357  114     55   -161    499
20210113164031045	  357  115     55   -159    499
20210113164031179	  358  114     56   -160    499
20210113164031345	  357  115     55   -159    499
20210113164031512	  356  114     53   -161    499
20210113164031645	  356  114     53   -160    498
20210113164031812	  357  114     55   -161    499
20210113164031979	  357  114     55   -161    499
20210113164032112	  358  113     56   -161    498
20210113164032279	  358  114     56   -160    499
20210113164032445	  358  112     56   -163    498
20210113164032579	  357  113     55   -162    499
20210113164032745	  357  113     55   -162    499
20210113164032912	  359  113     57   -162    499
20210113164033046	  357  113     55   -162    499
20210113164033212	  359  113     57   -162    499
20210113164033379	  358  111     56   -165    499
20210113164033512	  358  112     56   -163    499
20210113164033679	  357  113     55   -162    499
20210113164033846	  359  112     57   -163    499
20210113164034012	  358  110     56   -166    499
20210113164034179	  358  110     56   -166    499
20210113164034313	  358  110     56   -166    499
20210113164034479	  358  111     56   -164    499
20210113164034646	  357  109     55   -167    499
20210113164034813	  357  110     55   -166    499
20210113164034946	  359  111     57   -164    499
20210113164035113	  359  109     57   -167    499
20210113164035279	  358  111     56   -164    499
20210113164035446	  358  111     56   -164    499
20210113164035580	  357  109     55   -167    499
20210113164035746	  359  110     57   -166    499
20210113164035913	  359  108     57   -168    498
20210113164036080	  358  110     56   -165    498
20210113164036246	  360  109     58   -167    498
20210113164036380	  358  108     56   -168    498
20210113164036546	  359  109     57   -167    498
20210113164036713	  360  109     58   -167    498
20210113164036880	  360  109     58   -167    498
20210113164037013	  359  107     57   -169    498
20210113164037180	  359  108     57   -168    497
20210113164037347	  360  108     58   -168    498
20210113164037513	  360  108     58   -168    498
20210113164037647	  359  108     57   -168    498
20210113164037813	  359  106     57   -171    498
20210113164037980	  360  107     58   -169    498
20210113164038147	  360  107     58   -169    498
20210113164038314	  360  105     58   -172    498
20210113164038480	  360  105     58   -172    498
20210113164038614	  361  106     60   -171    498
20210113164038780	  361  105     60   -172    499
20210113164038947	  361  106     60   -171    498
20210113164039080	  360  105     58   -172    498
20210113164039247	  361  106     60   -171    498
20210113164039414	  361  105     60   -172    498
20210113164039581	  361  105     60   -172    498
20210113164039714	  361  105     60   -172    498
20210113164039881	  359  104     57   -173    498
20210113164040214	  360  103     58   -175    498
20210113164040414	  361  103     60   -174    498
20210113164040581	  359  105     57   -172    498
20210113164040647	  362  102     61   -176    498
20210113164040647	  360  102     58   -176    498
20210113164040948	  361  102     60   -176    498
20210113164041014	  361  104     60   -173    497
20210113164041081	  361  102     60   -176    499
20210113164041148	  360  101     58   -177    497
20210113164041281	  361  102     60   -176    498
20210113164041281	  362  103     61   -175    498
20210113164041748	  362  101     61   -177    497
20210113164042181	  361  101     60   -177    497
20210113164042448	  362  102     61   -176    498
20210113164042615	  361  100     60   -178    498
20210113164042748	  361  100     60   -178    498
20210113164042948	  362   99     61   -180    498
20210113164043115	  362  101     61   -177    498
20210113164043281	  362  100     61   -178    498
20210113164043482	  360  100     58   -178    498
20210113164043615	  362   98     61   -181    498
20210113164043782	  362   98     61   -181    498
20210113164043948	  362   99     61   -180    498
20210113164044115	  362  100     61   -178    498
20210113164044282	  361   99     60   -180    498
20210113164044448	  362   98     61   -181    498
20210113164044615	  362   97     61   -182    498
20210113164044782	  362   99     61   -180    498
20210113164044949	  362   99     61   -180    497
20210113164045115	  362   97     61   -182    497
20210113164045282	  362   97     61   -182    498
20210113164045449	  362   97     61   -182    498
20210113164045615	  362   98     61   -181    498
20210113164045782	  363   95     62   -185    498
20210113164045949	  363   97     62   -182    498
20210113164046116	  363   97     62   -182    498
20210113164046282	  362   97     61   -182    498
20210113164046449	  362   97     61   -182    497
20210113164046616	  362   95     61   -185    497
20210113164046816	  362   95     61   -184    497
20210113164046982	  363   96     62   -183    498
20210113164047149	  363   94     62   -186    497
20210113164047316	  363   96     62   -183    497
20210113164047483	  364   95     63   -185    497
20210113164047649	  362   94     61   -186    498
20210113164047816	  362   94     61   -186    498
20210113164047983	  362   94     61   -186    498
20210113164048149	  362   95     61   -185    497
20210113164048349	  363   94     62   -186    497
20210113164048516	  362   93     61   -187    498
20210113164048683	  362   93     61   -187    498
20210113164048816	  363   93     62   -187    498
20210113164048916	  363   93     62   -187    498
20210113164049183	  362   93     61   -187    498
20210113164049350	  363   93     62   -187    498
20210113164049516	  364   93     63   -187    498
20210113164049750	  364   93     63   -187    498
20210113164049917	  363   92     62   -189    498
20210113164050083	  364   91     63   -190    498
20210113164050250	  364   92     63   -189    498
20210113164050417	  364   92     63   -189    498
20210113164050583	  364   91     63   -190    498
20210113164050750	  364   92     63   -189    498
20210113164050917	  364   91     63   -190    498
20210113164051083	  364   92     63   -189    497
20210113164051250	  364   92     63   -189    498
20210113164051417	  363   91     62   -190    498
20210113164051584	  364   89     64   -193    499
20210113164051750	  364   91     64   -190    498
20210113164051950	  364   89     64   -193    498
20210113164052117	  363   90     62   -191    498
20210113164052284	  364   89     64   -193    498
20210113164052451	  364   89     64   -193    499
20210113164052617	  365   88     65   -194    498
20210113164052784	  365   88     65   -194    498
20210113164052951	  365   88     65   -194    498
20210113164053117	  365   87     65   -195    498
20210113164053317	  366   89     66   -192    497
20210113164053484	  364   87     63   -195    497
20210113164053651	  365   88     65   -194    497
20210113164053818	  366   88     66   -194    497
20210113164053984	  365   87     65   -195    497
20210113164054151	  366   86     66   -196    497
20210113164054318	  366   89     66   -192    497
20210113164054484	  365   88     65   -193    497
20210113164054651	  365   86     65   -196    497
20210113164054818	  365   88     65   -194    497
20210113164055018	  365   86     65   -196    497
20210113164055184	  365   85     65   -197    497
20210113164055318	  365   88     65   -194    498
20210113164055518	  364   88     64   -194    498
20210113164055685	  365   85     65   -198    498
20210113164055851	  365   87     65   -195    498
20210113164056018	  365   87     65   -195    497
20210113164056218	  365   85     65   -198    497
20210113164056385	  364   86     64   -197    498
20210113164056551	  365   85     65   -198    498
20210113164056718	  366   87     66   -195    498
20210113164056885	  365   85     65   -198    498
20210113164057052	  365   86     65   -197    498
20210113164057252	  365   84     65   -199    498
20210113164057418	  365   86     65   -197    498
20210113164057585	  365   86     65   -197    499
20210113164057718	  365   86     65   -197    499
20210113164057919	  365   84     65   -200    499
20210113164058119	  366   86     66   -197    499
20210113164058219	  365   86     65   -197    499
20210113164058452	  365   84     65   -200    500
20210113164058619	  365   84     65   -200    499
20210113164058785	  365   86     65   -197    499
20210113164058952	  365   86     65   -197    499
20210113164059119	  364   85     64   -198    499
20210113164059286	  365   85     65   -198    499
20210113164059452	  366   85     66   -198    500
20210113164059619	  364   85     64   -199    500
20210113164059786	  364   85     64   -199    500
20210113164059986	  364   85     64   -199    500
20210113164100152	  364   83     64   -201    500
20210113164100319	  365   83     65   -201    500
20210113164100553	  365   83     65   -201    500
20210113164100719	  366   85     66   -198    500
20210113164100886	  365   83     65   -201    500
20210113164101053	  364   84     64   -200    501
20210113164101186	  364   84     64   -200    501
20210113164101286	  364   84     64   -200    501
20210113164101353	  365   85     65   -199    501
20210113164101553	  364   82     64   -203    501
20210113164101619	  364   84     64   -200    501
20210113164101686	  364   83     64   -202    501
20210113164101753	  365   84     65   -200    501
20210113164101853	  365   82     65   -203    501
20210113164101920	  366   84     67   -201    501
20210113164102020	  364   84     64   -200    501
20210113164102120	  364   83     64   -202    501
20210113164102186	  364   84     64   -201    502
20210113164102286	  364   83     64   -202    502
20210113164102386	  365   82     65   -203    502
20210113164102553	  363   84     63   -201    502
20210113164102620	  364   83     64   -202    502
20210113164102686	  364   84     64   -201    502
20210113164102753	  364   84     64   -201    502
20210113164102853	  364   84     64   -201    502
20210113164102853	  365   82     65   -203    502
20210113164102953	  364   83     64   -202    502
20210113164103020	  364   84     64   -201    502
20210113164103020	  364   83     64   -202    502
20210113164103086	  364   83     64   -202    502
20210113164103120	  365   82     65   -203    502
20210113164103253	  365   83     65   -202    502
20210113164103420	  364   83     64   -202    503
20210113164103520	  365   83     65   -202    502
20210113164103620	  364   84     64   -201    502
20210113164103787	  366   83     67   -202    502
20210113164103887	  364   82     64   -203    502
20210113164103953	  365   84     65   -201    502
20210113164103987	  363   83     63   -202    503
20210113164103987	  364   84     64   -201    503
20210113164104087	  364   82     64   -204    503
20210113164104120	  365   84     65   -201    503
20210113164104153	  364   82     64   -204    503
20210113164104153	  364   82     64   -204    503
20210113164104220	  364   84     64   -201    502
20210113164104220	  364   82     64   -204    503
20210113164104320	  365   84     65   -201    503
20210113164104387	  364   83     64   -202    503
20210113164104487	  364   82     64   -204    503
20210113164104554	  363   83     63   -202    503
20210113164104620	  363   83     63   -202    503
20210113164104687	  364   82     64   -204    503
20210113164104854	  363   83     63   -202    503
20210113164104920	  364   83     64   -202    503
20210113164104987	  365   84     65   -201    503
20210113164105120	  363   80     63   -206    503
20210113164105187	  364   84     64   -201    503
20210113164105254	  364   82     64   -204    503
20210113164105354	  365   83     65   -202    503
20210113164105420	  364   83     64   -202    503
20210113164105487	  363   83     63   -202    503
20210113164105654	  364   82     64   -204    503
20210113164105754	  364   83     64   -203    503
20210113164105887	  363   83     63   -202    503
20210113164105954	  364   82     64   -204    503
20210113164105954	  364   82     64   -204    503
20210113164106054	  364   82     64   -204    503
20210113164106087	  363   81     63   -205    504
20210113164106221	  364   83     64   -203    504
20210113164106321	  364   81     64   -205    504
20210113164106554	  364   81     64   -205    503
20210113164106654	  364   81     64   -205    503
20210113164106754	  363   82     63   -204    503
20210113164106754	  365   82     65   -204    503
20210113164106754	  364   81     64   -205    503
20210113164106921	  364   81     64   -205    503
20210113164106987	  364   83     64   -203    504
20210113164107054	  364   83     64   -203    504
20210113164107054	  363   82     63   -204    504
20210113164107121	  364   81     64   -205    504
20210113164107121	  364   81     64   -205    504
20210113164107121	  382   46    133   -379    761
20210113164107221	  358   74     57   -215    507
20210113164107321	  364   83     64   -203    504
20210113164107354	  364   82     64   -204    504
20210113164107387	  363   83     63   -203    504
20210113164107454	  364   83     64   -203    503
20210113164107588	  364   83     64   -203    504
20210113164107654	  362   81     62   -205    504
20210113164107688	  364   82     64   -204    504
20210113164107754	  363   81     63   -206    504
20210113164107754	  365   82     66   -204    504
20210113164107754	  365   82     66   -204    504
20210113164108021	  364   80     64   -207    504
20210113164108221	  364   80     64   -207    504
20210113164108354	  362   81     62   -206    505
20210113164108421	  363   82     63   -204    504
20210113164108588	  364   80     64   -207    505
20210113164108921	  364   80     64   -207    505
20210113164109088	  365   80     66   -207    504
20210113164109255	  364   82     64   -205    505
20210113164109488	  363   81     63   -206    505
20210113164109588	  364   82     64   -205    505
20210113164109755	  363   81     63   -206    505
20210113164109888	  364   79     64   -208    505
20210113164110055	  365   80     66   -207    504
20210113164110222	  362   80     62   -207    505
20210113164110622	  365   79     66   -208    505
20210113164110688	  364   79     64   -208    505
20210113164110788	  363   79     63   -208    504
20210113164110888	  365   80     66   -207    505
20210113164110988	  365   80     66   -207    504
20210113164110988	  363   80     63   -207    504
20210113164111088	  363   80     63   -207    504
20210113164111155	  363   80     63   -207    505
20210113164111422	  363   80     63   -207    504
20210113164111555	  364   79     64   -208    504
20210113164111622	  364   79     64   -208    505
20210113164111622	  364   78     64   -210    505
20210113164111722	  364   78     64   -209    504
20210113164111855	  363   78     63   -210    505
20210113164111955	  365   79     66   -208    505
20210113164111955	  364   79     64   -208    505
20210113164111955	  364   79     64   -208    505
20210113164111955	  365   79     66   -208    505
20210113164112089	  363   79     63   -208    505
20210113164112155	  364   79     64   -208    505
20210113164112222	  364   78     64   -210    505
20210113164112355	  363   79     63   -208    505
20210113164112422	  365   79     66   -208    505
20210113164112556	  365   79     66   -208    505
20210113164112656	  364   78     64   -210    505
20210113164112922	  364   78     64   -210    505
20210113164112989	  364   78     64   -210    505
20210113164113189	  364   77     64   -211    505
20210113164113422	  365   78     66   -210    506
20210113164113489	  366   76     67   -213    505
20210113164113656	  364   76     64   -213    506
20210113164113989	  365   76     66   -213    506
20210113164114356	  365   75     66   -214    506
20210113164114589	  365   76     66   -213    506
20210113164114990	  365   75     66   -214    506
20210113164115356	  366   76     67   -213    506
20210113164115490	  365   75     66   -214    506
20210113164115890	  364   74     64   -215    505
20210113164116056	  364   74     64   -215    505
20210113164116190	  366   75     67   -214    505
20210113164116290	  366   75     67   -214    506
20210113164116457	  365   74     66   -215    505
20210113164116757	  366   74     67   -215    505
20210113164117090	  366   72     67   -218    505
20210113164117490	  366   72     67   -218    505
20210113164117624	  366   71     67   -219    505
20210113164117890	  366   73     67   -216    505
20210113164118324	  365   72     66   -218    506
20210113164118690	  366   70     67   -221    506
20210113164118957	  368   70     70   -221    506
20210113164119357	  366   71     67   -219    506
20210113164119757	  366   69     67   -222    506
20210113164120158	  367   70     68   -221    506
20210113164120491	  367   70     68   -221    506
20210113164120858	  366   67     67   -225    506
20210113164121191	  366   67     67   -224    506
20210113164121625	  366   67     67   -225    506
20210113164121925	  367   66     68   -226    505
20210113164122325	  367   65     68   -227    506
20210113164122758	  369   66     71   -226    506
20210113164123158	  369   66     71   -226    506
20210113164123525	  368   63     70   -230    506
20210113164123858	  367   64     68   -229    507
20210113164124225	  367   64     69   -229    507
20210113164124559	  367   64     69   -229    507
20210113164124959	  368   64     70   -229    507
20210113164125359	  370   61     72   -233    506
20210113164125759	  369   60     71   -234    506
20210113164126159	  368   60     70   -234    506
20210113164126559	  369   60     71   -234    506
20210113164126726	  370   59     72   -235    506
20210113164126892	  370   60     72   -234    506
20210113164127293	  369   59     71   -235    506
20210113164127726	  369   58     71   -236    506
20210113164128126	  370   58     72   -236    506
20210113164128526	  369   58     71   -237    506
20210113164128860	  370   59     72   -235    506
20210113164129193	  370   55     72   -240    506
20210113164129526	  371   56     74   -239    506
20210113164129960	  369   55     71   -240    506
20210113164130227	  369   55     71   -240    506
20210113164130660	  370   54     72   -242    506
20210113164131060	  371   52     74   -244    506
20210113164131460	  371   52     74   -244    506
20210113164131860	  369   52     71   -244    506
20210113164132127	  371   51     73   -245    505
20210113164132194	  370   52     72   -244    506
20210113164132327	  371   52     74   -244    506
20210113164132461	  372   52     75   -244    506
20210113164132527	  371   53     74   -243    506
20210113164132827	  370   52     72   -244    506
20210113164133061	  373   50     76   -247    506
20210113164133427	  370   51     72   -246    506
20210113164133661	  373   49     76   -248    505
20210113164134028	  370   49     72   -248    506
20210113164134394	  372   50     75   -247    506
20210113164134728	  372   47     75   -251    506
20210113164135028	  372   48     75   -250    506
20210113164135428	  371   48     74   -250    506
20210113164135595	  372   46     75   -252    506
20210113164135861	  373   45     76   -253    506
20210113164136128	  373   47     76   -251    506
20210113164136562	  371   46     74   -252    507
20210113164136828	  371   46     74   -253    507
20210113164137262	  374   45     78   -254    506
20210113164137662	  372   45     75   -253    506
20210113164138062	  373   42     76   -258    507
20210113164138462	  374   42     78   -257    506
20210113164138762	  372   43     75   -256    507
20210113164139162	  372   42     75   -258    507
20210113164139562	  375   42     79   -258    507
20210113164139896	  372   41     75   -259    507
20210113164140296	  373   38     76   -263    507
20210113164140696	  373   38     76   -263    507
20210113164141029	  374   38     78   -263    507
20210113164141296	  375   38     79   -263    507
20210113164141496	  375   39     79   -261    506
20210113164141696	  373   38     76   -263    507
20210113164141863	  375   37     79   -264    506
20210113164142030	  375   38     79   -263    507
20210113164142230	  373   37     76   -264    507
20210113164142430	  374   36     78   -266    506
20210113164142630	  375   37     79   -264    507
20210113164142796	  375   37     79   -264    506
20210113164142996	  375   36     79   -266    507
20210113164143163	  375   35     79   -267    506
20210113164143363	  374   35     78   -267    507
20210113164143530	  375   34     79   -268    507
20210113164143730	  374   36     78   -266    507
20210113164143930	  375   33     79   -270    507
20210113164144097	  374   35     78   -267    507
20210113164144263	  376   34     80   -268    507
20210113164144464	  375   35     79   -267    507
20210113164144664	  375   33     79   -270    507
20210113164144830	  374   34     78   -269    507
20210113164145030	  374   33     78   -270    507
20210113164145197	  375   32     79   -271    507
20210113164145397	  376   33     80   -270    507
20210113164145564	  374   33     78   -270    507
20210113164145764	  375   34     79   -269    508
20210113164145964	  376   31     80   -272    507
20210113164146131	  375   33     79   -271    509
20210113164146331	  374   31     78   -273    509
20210113164146497	  375   30     79   -274    508
20210113164146697	  375   31     79   -272    507
20210113164146898	  376   31     80   -273    508
20210113164147064	  376   31     80   -273    508
20210113164147264	  377   30     82   -274    507
20210113164147431	  376   29     80   -276    508
20210113164147631	  375   29     79   -275    508
20210113164147798	  375   29     79   -275    507
20210113164147998	  375   28     79   -277    508
20210113164148198	  374   28     78   -277    509
20210113164148365	  376   27     81   -278    509
20210113164148565	  376   28     80   -277    508
20210113164148731	  376   28     81   -277    509
20210113164148931	  377   29     82   -276    509
20210113164149098	  377   27     82   -278    509
20210113164149298	  376   28     81   -278    510
20210113164149498	  375   26     79   -280    509
20210113164149665	  375   26     79   -280    509
20210113164149865	  376   26     81   -280    509
20210113164150032	  375   24     79   -283    509
20210113164150232	  376   27     81   -279    510
20210113164150432	  377   26     82   -280    509
20210113164150599	  376   25     81   -282    509
20210113164150799	  377   26     82   -281    511
20210113164150965	  377   26     82   -281    511
20210113164151165	  377   25     82   -282    511
20210113164151365	  376   25     81   -282    510
20210113164151532	  376   25     81   -282    511
20210113164151599	  376   25     81   -283    511
20210113164151732	  378   24     84   -284    511
20210113164151832	  376   25     81   -282    511
20210113164151932	  376   23     81   -284    510
20210113164152032	  377   24     82   -284    511
20210113164152099	  377   24     82   -284    511
20210113164152299	  378   23     83   -285    511
20210113164152432	  376   24     81   -284    512
20210113164152499	  376   24     81   -284    512
20210113164152666	  376   24     81   -285    512
20210113164152766	  376   24     81   -284    512
20210113164152866	  377   21     82   -287    509
20210113164152966	  377   24     82   -285    512
20210113164153166	  377   24     82   -284    511
20210113164153399	  377   22     82   -286    511
20210113164153799	  378   21     83   -287    509
20210113164154199	  378   20     83   -288    510
20210113164154566	  377   20     82   -288    510
20210113164154866	  378   20     83   -289    510
20210113164155066	  377   18     82   -291    509
20210113164155233	  377   18     82   -291    511
20210113164155400	  377   21     82   -288    511
20210113164155733	  375   19     79   -290    511
20210113164156067	  376   19     81   -291    511
20210113164156267	  377   17     82   -293    511
20210113164156433	  376   18     81   -292    511
20210113164156633	  376   16     81   -294    511
20210113164156800	  377   18     82   -292    511
20210113164157000	  376   18     81   -292    512
20210113164157167	  377   18     82   -292    511
20210113164157367	  376   17     81   -293    511
20210113164157567	  376   17     81   -294    512
20210113164157734	  377   17     82   -293    512
20210113164157934	  377   17     82   -294    512
20210113164158100	  377   17     82   -294    512
20210113164158300	  378   15     84   -296    511
20210113164158467	  377   16     82   -295    512
20210113164158667	  376   14     81   -297    511
20210113164158834	  377   17     82   -294    513
20210113164159034	  377   14     82   -298    512
20210113164159234	  377   13     82   -299    512
20210113164159401	  377   14     82   -297    512
20210113164159601	  375   14     80   -298    512
20210113164159767	  378   14     84   -298    512
20210113164159968	  377   14     82   -298    512
20210113164200168	  377   13     82   -299    512
20210113164200334	  377   13     82   -299    512
20210113164200534	  377   13     82   -299    513
20210113164200701	  379   13     85   -299    512
20210113164200901	  376   12     81   -300    511
20210113164201068	  377   13     82   -299    512
20210113164201268	  376   14     81   -299    514
20210113164201468	  379   13     85   -300    513
20210113164201635	  376   12     81   -301    514
20210113164201835	  377   13     83   -301    515
20210113164202001	  376   12     81   -302    515
20210113164202201	  378   12     84   -301    514
20210113164202368	  378   12     84   -301    514
20210113164202568	  378   12     84   -301    514
20210113164202768	  377   10     83   -304    513
20210113164202935	  377    6     82   -309    513
20210113164203135	  383   15     91   -299    517
20210113164203302	  378   13     84   -302    517
20210113164203502	  378   12     84   -302    515
20210113164203702	  378   15     84   -299    517
20210113164203868	  381   12     88   -302    515
20210113164204068	  376   10     81   -304    515
20210113164204235	  376   13     82   -301    516
20210113164204435	  376    8     81   -306    514
20210113164204635	  374   13     79   -302    517
20210113164204802	  373   12     77   -302    515
20210113164205002	  378    7     84   -307    513
20210113164205169	  377    9     83   -305    514
20210113164205536	  375   13     80   -301    516
20210113164205736	  373   11     78   -304    515
20210113164205936	  377    7     83   -308    514
20210113164206102	  377   12     83   -302    516
20210113164206302	  370   10     74   -306    518
20210113164206669	  377   14     83   -301    517
20210113164206869	  378    9     84   -306    515
20210113164207403	  377   13     83   -302    518
20210113164208170	  384   12     92   -305    518
20210113164208536	  380    5     87   -312    516
20210113164208703	  380   11     87   -306    519
20210113164208903	  380   12     88   -305    519
20210113164209103	  376   12     82   -305    520
20210113164209270	  379   12     86   -305    520
20210113164209437	  384    8     93   -309    518
20210113164209637	  379   12     87   -306    521
20210113164209837	  383   11     92   -308    521
20210113164210037	  381    9     89   -309    521
20210113164210203	  379   11     86   -307    521
20210113164210403	  380    3     87   -316    518
20210113164210770	  378   11     86   -309    523
20210113164210970	  379    2     86   -317    518
20210113164211170	  378   11     85   -309    523
20210113164211337	  379    3     86   -316    518
20210113164211704	  380   10     88   -310    523
20210113164211904	  372    8     78   -313    523
20210113164212104	  373    9     79   -312    523
20210113164212271	  376   10     83   -311    524
20210113164212471	  375    9     82   -311    523
20210113164212637	  379    9     87   -311    523
20210113164212837	  378    9     86   -311    524
20210113164213004	  377    9     84   -311    523
20210113164213204	  377    9     84   -311    524
20210113164213404	  375    9     82   -311    523
20210113164213571	  376    9     83   -311    523
20210113164213771	  377    9     84   -311    524
20210113164213938	  378    9     85   -311    523
20210113164214138	  376   10     83   -310    523
20210113164214304	  378    9     85   -311    523
20210113164214504	  375    8     81   -312    522
20210113164214705	  377    8     84   -312    522
20210113164214871	  378    7     85   -313    522
20210113164215071	  378    9     85   -311    523
20210113164215238	  377    9     84   -311    523
20210113164215438	  375    8     81   -312    523
20210113164215605	  377    9     84   -310    522
20210113164215805	  377    8     84   -312    522
20210113164216005	  376    9     83   -311    522
20210113164216172	  372    7     77   -312    521
20210113164216372	  379    9     91   -325    546
20210113164216538	  377    8     84   -311    521
20210113164216738	  376    7     83   -313    522
20210113164216938	  375    8     82   -312    523
20210113164217138	  375    8     81   -312    522
20210113164217239	  377    9     84   -311    523
20210113164217505	  378    8     85   -312    523
20210113164217705	  375    8     81   -312    523
20210113164217872	  372    7     77   -313    521
20210113164218072	  371    6     76   -313    521
20210113164218272	  372    6     78   -315    522
20210113164218439	  377    8     84   -312    522
20210113164218639	  376    7     82   -313    521
20210113164218806	  375    7     81   -312    521
20210113164219006	  379    7     87   -313    522
20210113164219372	  376    8     83   -311    522
20210113164219539	  376    7     82   -312    521
20210113164219739	  374    8     80   -312    522
20210113164219939	  378    8     85   -311    521
20210113164220306	  373    7     79   -313    522
20210113164220473	  376    6     83   -314    522
20210113164220673	  374    7     80   -313    522
20210113164220873	  374    7     80   -312    521
20210113164221039	  376    7     82   -312    520
20210113164221239	  374    7     80   -313    522
20210113164221406	  377    7     84   -313    522
20210113164221806	  374    7     80   -313    523
20210113164222006	  377    6     84   -314    521
20210113164222173	  376    7     83   -313    522
20210113164222540	  376    8     83   -311    521
20210113164222740	  374    7     80   -313    522
20210113164222907	  378    8     85   -313    523
20210113164223107	  376    7     83   -313    522
20210113164223307	  379    7     87   -313    523
20210113164223507	  374    6     80   -314    522
20210113164223640	  377    6     84   -315    523
20210113164223873	  375    7     82   -314    523
20210113164224040	  379    8     87   -313    523
20210113164224640	  374    6     80   -314    522
20210113164224807	  377    7     84   -313    523
20210113164225007	  377    7     84   -313    523
20210113164225374	  378    8     85   -313    523
20210113164225741	  377    7     84   -313    522
20210113164225941	  378    6     85   -314    522
20210113164226107	  377    6     84   -314    522
20210113164226307	  375    6     81   -314    522
