20210113163656974	  400    5    134   -367    608
20210113163659408	  396    4    130   -372    614
20210113163703022	  396    4    130   -372    612
20210113163703391	  394    4    128   -377    621
20210113163705293	  397    4    130   -370    610
20210113163706127	  396    4    130   -372    612
20210113163707860	  396    4    129   -373    615
20210113163712695	  398    4    131   -370    610
20210113163713529	  399    5    133   -367    607
20210113163713729	  399    5    132   -367    607
20210113163713829	  399    5    133   -368    609
20210113163713929	  399    5    133   -367    608
20210113163713962	  399    5    132   -366    606
20210113163713995	  399    5    132   -367    607
20210113163714629	  396    5    129   -369    610
20210113163714696	  396    5    129   -370    611
20210113163715429	  402    6    136   -364    605
20210113163715696	  399    6    132   -365    607
20210113163715796	  399    6    132   -364    606
20210113163715896	  399    6    132   -364    605
20210113163715996	  399    6    132   -365    606
20210113163716063	  399    6    132   -365    606
20210113163716163	  395    6    127   -367    610
20210113163716463	  395    6    127   -368    610
20210113163716996	  395    7    127   -365    607
20210113163717096	  395    7    127   -366    609
20210113163717196	  396    6    127   -365    606
20210113163717296	  396    6    128   -365    606
20210113163717396	  396    6    128   -365    606
20210113163717463	  396    6    128   -365    606
20210113163717563	  396    6    128   -365    607
20210113163717663	  396    6    127   -364    605
20210113163717763	  396    6    128   -366    608
20210113163717863	  395    7    127   -364    607
20210113163718030	  395    7    127   -364    607
20210113163718097	  395    7    127   -364    607
20210113163718197	  395    7    127   -365    608
20210113163718230	  395    7    126   -363    606
20210113163718263	  395    7    127   -364    606
20210113163718297	  395    7    127   -364    607
20210113163718430	  395    7    127   -364    606
20210113163718763	  397    8    129   -362    606
20210113163718863	  397    8    129   -363    607
20210113163719063	  397    8    129   -363    606
20210113163719163	  397    8    129   -362    606
20210113163719263	  397    8    129   -363    607
20210113163719330	  397    8    129   -362    605
20210113163719430	  396    7    127   -363    606
20210113163719530	  395    8    127   -363    606
20210113163719597	  396    8    128   -362    606
20210113163719664	  395    8    127   -362    606
20210113163719697	  395    8    127   -363    606
20210113163719764	  395    8    127   -362    606
20210113163719797	  395    8    127   -363    606
20210113163719964	  399    9    132   -361    606
20210113163719997	  399    9    132   -361    607
20210113163720064	  399    9    132   -360    605
20210113163720097	  399    9    132   -361    606
20210113163720197	  395    8    126   -362    605
20210113163720230	  399    9    132   -360    605
20210113163720264	  399    9    132   -361    608
20210113163720330	  397    9    130   -361    606
20210113163720464	  397    9    129   -360    605
20210113163720630	  397    9    129   -361    606
20210113163720797	  398    7    130   -361    603
20210113163720964	  399    5    130   -361    598
20210113163721131	  397    6    128   -362    601
20210113163721297	  398    6    129   -360    598
20210113163721597	  401    5    133   -360    597
20210113163721697	  400    7    133   -360    600
20210113163721864	  398    7    130   -360    601
20210113163722098	  398    5    128   -359    594
20210113163722198	  396    4    127   -363    600
20210113163722264	  398    6    129   -361    599
20210113163722364	  400    5    131   -359    596
20210113163722398	  396    8    126   -358    599
20210113163722431	  398    6    129   -358    595
20210113163722598	  395    8    126   -359    600
20210113163722764	  398    8    129   -358    600
20210113163723031	  398    8    129   -358    601
20210113163723131	  400    7    132   -359    599
20210113163723198	  398    8    129   -358    600
20210113163723298	  398    8    129   -359    599
20210113163723598	  398    8    129   -357    599
20210113163723665	  398    8    129   -356    596
20210113163723765	  398    8    129   -356    596
20210113163723865	  398    8    129   -356    596
20210113163725632	  399    9    130   -354    595
20210113163725799	  400    8    130   -352    592
20210113163725932	  400    9    131   -351    592
20210113163734367	  403   14    135   -342    587
20210113163734801	  403   14    134   -341    586
20210113163735201	  403   14    134   -340    586
20210113163735401	  403   15    134   -339    586
20210113163735568	  403   15    134   -339    586
20210113163735768	  403   16    134   -338    586
20210113163735901	  403   15    134   -339    585
20210113163736034	  403   16    134   -337    585
20210113163736134	  403   16    134   -337    585
20210113163736234	  403   16    134   -337    586
20210113163736335	  403   16    134   -338    586
20210113163736401	  402   16    132   -337    585
20210113163736535	  402   16    132   -337    586
20210113163736668	  403   16    134   -337    585
20210113163736768	  403   17    134   -336    585
20210113163736868	  402   17    132   -336    585
20210113163736968	  403   17    134   -335    585
20210113163737101	  402   17    132   -335    585
20210113163737201	  402   17    132   -335    584
20210113163737301	  403   18    134   -333    584
20210113163737435	  403   18    134   -334    585
20210113163737535	  403   17    134   -335    584
20210113163737635	  403   19    134   -332    584
20210113163737735	  402   19    132   -332    584
20210113163737868	  402   19    132   -331    583
20210113163737968	  402   18    132   -334    585
20210113163738068	  403   19    134   -332    584
20210113163738168	  402   19    132   -332    584
20210113163738302	  402   19    132   -332    584
20210113163738402	  402   20    132   -330    584
20210113163738502	  401   19    130   -332    584
20210113163738602	  403   19    134   -332    584
20210113163738735	  402   20    132   -330    583
20210113163738835	  402   21    132   -329    584
20210113163738935	  402   21    132   -329    584
20210113163739035	  402   19    132   -332    584
20210113163739168	  402   21    132   -329    584
20210113163739269	  402   20    132   -330    584
20210113163739369	  402   21    132   -328    583
20210113163739502	  402   22    132   -327    583
20210113163739602	  402   20    132   -330    584
20210113163739702	  402   20    132   -330    583
20210113163739802	  402   22    132   -327    583
20210113163739902	  402   22    132   -327    583
20210113163740035	  402   22    132   -327    583
20210113163740135	  402   22    132   -327    584
20210113163740235	  402   24    132   -324    584
20210113163740335	  402   21    132   -328    583
20210113163740469	  402   21    132   -328    583
20210113163740569	  402   24    132   -323    582
20210113163740669	  402   23    132   -325    583
20210113163740802	  402   23    132   -325    583
20210113163740902	  402   24    132   -323    583
20210113163741002	  402   24    132   -323    583
20210113163741102	  401   24    130   -324    583
20210113163741236	  402   24    132   -324    583
20210113163741336	  401   25    130   -322    583
20210113163741436	  401   26    131   -321    584
20210113163741502	  403   25    133   -322    583
20210113163741636	  403   24    133   -323    582
20210113163741702	  402   26    132   -320    582
20210113163741802	  402   25    132   -322    582
20210113163741969	  403   24    133   -323    582
20210113163742103	  402   26    132   -320    582
20210113163742203	  403   25    133   -321    581
20210113163742303	  403   25    133   -321    581
20210113163742436	  403   25    133   -321    582
20210113163742536	  401   27    130   -318    581
20210113163742603	  402   27    131   -318    582
20210113163742703	  403   26    133   -320    582
20210113163742869	  401   27    130   -318    581
20210113163742969	  402   27    131   -318    582
20210113163743069	  402   27    131   -318    581
20210113163743203	  402   27    131   -318    580
20210113163743303	  402   27    131   -318    581
20210113163743403	  402   27    131   -318    580
20210113163743503	  401   30    130   -313    580
20210113163743636	  402   29    131   -314    580
20210113163743736	  402   27    131   -318    581
20210113163743836	  402   29    131   -314    580
20210113163743970	  402   29    131   -315    581
20210113163744070	  402   29    131   -314    579
20210113163744170	  401   31    129   -311    579
20210113163744270	  402   30    131   -314    581
20210113163744403	  402   29    131   -315    581
20210113163744503	  402   31    131   -312    580
20210113163744603	  403   30    133   -313    581
20210113163744703	  402   30    131   -313    581
20210113163744837	  402   30    132   -314    582
20210113163744937	  400   32    129   -311    582
20210113163745037	  401   31    130   -312    581
20210113163745137	  402   32    131   -310    581
20210113163745270	  403   30    133   -313    581
20210113163745370	  402   31    131   -312    581
20210113163745470	  400   33    128   -309    580
20210113163745570	  401   32    130   -310    581
20210113163745703	  402   32    131   -310    580
20210113163745803	  402   32    131   -310    580
20210113163745904	  401   32    129   -309    579
20210113163746004	  402   32    131   -310    579
20210113163746137	  402   33    131   -308    579
20210113163746237	  401   32    130   -310    580
20210113163746337	  401   33    129   -308    579
20210113163746437	  402   32    131   -310    579
20210113163746570	  401   33    129   -308    579
20210113163746670	  400   34    128   -306    579
20210113163746770	  400   34    128   -307    579
20210113163746904	  401   33    129   -308    579
20210113163746970	  401   34    129   -306    578
20210113163747104	  401   34    129   -306    579
20210113163747237	  401   34    129   -306    578
20210113163747337	  401   34    129   -306    578
20210113163747437	  401   34    129   -306    577
20210113163747537	  401   34    129   -306    577
20210113163747671	  401   35    129   -304    577
20210113163747771	  401   35    129   -304    577
20210113163747871	  399   37    126   -301    577
20210113163747971	  401   35    129   -304    578
20210113163748104	  401   35    129   -304    577
20210113163748204	  401   35    129   -305    578
20210113163748304	  400   36    128   -303    578
20210113163748404	  402   33    131   -307    577
20210113163748538	  401   36    129   -302    577
20210113163748638	  401   36    129   -303    578
20210113163748738	  401   36    129   -302    577
20210113163748838	  401   36    129   -302    576
20210113163748971	  400   37    128   -301    577
20210113163749071	  401   37    129   -300    576
20210113163749171	  401   37    129   -301    577
20210113163749271	  401   37    129   -301    577
20210113163749404	  400   37    127   -301    577
20210113163749504	  401   37    129   -301    578
20210113163749604	  400   38    127   -299    577
20210113163749704	  399   39    126   -298    578
20210113163749838	  401   38    129   -299    577
20210113163749938	  399   39    126   -299    578
20210113163750038	  400   38    127   -299    577
20210113163750138	  401   37    129   -301    577
20210113163750271	  401   38    129   -299    577
20210113163750371	  401   39    129   -297    576
20210113163750471	  402   38    130   -299    575
20210113163750571	  400   40    128   -297    577
20210113163750705	  402   40    130   -296    576
20210113163750805	  402   40    130   -296    576
20210113163750905	  401   39    129   -298    577
20210113163751038	  402   38    130   -299    576
20210113163751138	  401   40    129   -296    576
20210113163751238	  402   39    130   -297    575
20210113163751338	  401   39    129   -298    576
20210113163751472	  401   40    129   -296    575
20210113163751572	  401   40    129   -296    576
20210113163751672	  401   41    129   -294    575
20210113163751772	  401   40    129   -296    577
20210113163751805	  401   40    129   -296    576
20210113163752005	  401   40    129   -296    576
20210113163752105	  400   41    127   -294    576
20210113163752238	  401   41    129   -294    575
20210113163752338	  400   40    127   -296    576
20210113163752438	  402   41    130   -294    574
20210113163752538	  400   42    127   -293    576
20210113163752639	  401   41    129   -294    575
20210113163752705	  402   42    130   -292    574
20210113163752805	  401   41    129   -294    575
20210113163753005	  400   42    127   -292    575
20210113163753105	  400   42    127   -292    574
20210113163753205	  402   43    130   -291    574
20210113163753305	  401   42    129   -292    575
20210113163753439	  401   42    128   -292    574
20210113163753539	  400   42    127   -293    575
20210113163753639	  402   43    130   -290    574
20210113163753739	  400   43    127   -291    575
20210113163753839	  400   43    127   -291    575
20210113163753972	  401   43    128   -290    574
20210113163754072	  401   43    128   -290    574
20210113163754206	  401   44    129   -289    575
20210113163754306	  402   44    130   -289    574
20210113163754406	  400   44    127   -289    575
20210113163754506	  400   44    127   -289    574
20210113163754639	  401   44    128   -289    574
20210113163754739	  401   44    128   -289    573
20210113163754839	  400   45    127   -287    574
20210113163754972	  400   45    127   -288    574
20210113163755073	  400   45    127   -288    574
20210113163755173	  401   46    128   -285    572
20210113163755306	  399   47    125   -285    574
20210113163755406	  401   45    128   -287    574
20210113163755506	  400   46    127   -286    573
20210113163755639	  401   47    128   -284    573
20210113163755739	  399   48    125   -283    573
20210113163755839	  400   47    127   -284    573
20210113163755973	  400   47    127   -284    572
20210113163756073	  401   46    128   -285    573
20210113163756206	  400   47    127   -284    573
20210113163756306	  399   49    125   -281    574
20210113163756406	  400   48    127   -283    573
20210113163756540	  400   48    127   -282    573
20210113163756673	  400   48    127   -282    573
20210113163756773	  399   50    125   -280    574
20210113163756873	  399   50    125   -279    572
20210113163756973	  399   50    125   -279    573
20210113163757073	  401   50    128   -279    572
20210113163757206	  400   50    126   -279    572
20210113163757306	  400   50    126   -279    572
20210113163757440	  401   49    128   -280    571
20210113163757540	  399   51    125   -278    573
20210113163757640	  401   51    128   -277    571
20210113163757773	  400   51    126   -277    572
20210113163757907	  400   51    126   -277    572
20210113163758007	  400   51    126   -277    572
20210113163758107	  399   52    125   -276    572
20210113163758207	  401   51    128   -277    572
20210113163758340	  400   52    126   -276    571
20210113163758440	  400   52    126   -276    571
20210113163758540	  399   53    125   -274    571
20210113163758673	  399   52    125   -276    572
20210113163758773	  399   52    125   -276    572
20210113163758807	  400   52    126   -276    572
20210113163758873	  400   53    127   -275    573
20210113163758973	  401   53    128   -274    571
20210113163759207	  400   53    127   -275    572
20210113163759340	  399   53    125   -274    572
20210113163759374	  399   54    125   -273    573
20210113163759474	  399   54    125   -274    573
20210113163759540	  400   54    126   -273    571
20210113163759607	  400   54    126   -273    571
20210113163759640	  399   54    125   -273    573
20210113163759840	  400   54    127   -273    572
20210113163800040	  399   54    125   -273    572
20210113163800240	  399   55    125   -271    571
20210113163800374	  399   55    125   -272    572
20210113163800474	  399   55    125   -272    572
20210113163800574	  399   55    125   -271    571
20210113163800707	  399   56    125   -270    571
20210113163800807	  398   56    123   -270    571
20210113163800941	  399   56    125   -270    571
20210113163801074	  399   57    125   -268    571
20210113163801174	  399   56    125   -270    571
20210113163801274	  399   57    125   -268    571
20210113163801407	  399   57    125   -268    570
20210113163801474	  399   57    125   -268    571
20210113163801641	  399   57    125   -268    571
20210113163801741	  399   57    125   -268    570
20210113163801874	  399   58    125   -266    570
20210113163801974	  398   58    123   -266    570
20210113163802041	  399   58    125   -267    571
20210113163802241	  399   58    125   -266    570
20210113163802341	  400   59    126   -265    571
20210113163802474	  399   58    125   -266    570
20210113163802574	  399   59    124   -264    569
20210113163802708	  399   59    125   -265    570
20210113163802808	  399   59    124   -264    569
20210113163802941	  399   60    125   -263    570
20210113163803075	  399   59    125   -265    570
20210113163803175	  399   60    124   -263    569
20210113163803275	  399   60    125   -263    570
20210113163803341	  399   60    124   -263    569
20210113163803408	  399   60    124   -263    569
20210113163803475	  400   60    126   -263    569
20210113163803575	  399   60    124   -263    569
20210113163803608	  399   60    125   -263    570
20210113163803808	  399   61    124   -261    569
20210113163804008	  399   61    125   -262    570
20210113163804241	  399   61    124   -261    569
20210113163804408	  398   61    123   -262    570
20210113163804542	  399   62    124   -260    569
20210113163804675	  399   62    125   -260    569
20210113163804775	  397   63    122   -259    570
20210113163804908	  397   63    121   -258    569
20210113163805008	  398   62    123   -260    569
20210113163805142	  398   63    123   -258    569
20210113163805275	  399   63    124   -258    568
20210113163805375	  398   63    123   -258    568
20210113163805508	  398   63    123   -258    569
20210113163805642	  398   63    123   -258    569
20210113163805775	  398   63    123   -259    569
20210113163805875	  398   64    123   -257    569
20210113163806009	  398   64    123   -257    568
20210113163806142	  397   65    122   -256    569
20210113163806275	  398   64    123   -257    569
20210113163806375	  398   65    123   -255    569
20210113163806509	  398   65    123   -255    568
20210113163806642	  398   65    123   -255    568
20210113163806742	  398   65    123   -255    568
20210113163806875	  397   66    121   -254    568
20210113163807009	  398   65    123   -255    568
20210113163807142	  399   65    124   -255    568
20210113163807242	  399   65    124   -255    569
20210113163807376	  399   66    124   -253    567
20210113163807509	  398   66    123   -254    569
20210113163807609	  398   66    123   -254    569
20210113163807742	  398   66    123   -253    568
20210113163807876	  398   66    123   -253    567
20210113163808009	  399   67    124   -252    568
20210113163808109	  399   67    124   -252    567
20210113163808209	  399   67    124   -251    567
20210113163808342	  399   67    124   -251    567
20210113163808476	  399   67    124   -252    568
20210113163808609	  398   68    123   -251    568
20210113163808743	  399   67    124   -252    567
20210113163808876	  399   68    124   -250    566
20210113163808976	  399   68    124   -250    567
20210113163809109	  398   68    122   -250    567
20210113163809243	  399   70    124   -247    567
20210113163809343	  396   69    120   -249    568
20210113163809476	  398   69    122   -248    567
20210113163809609	  398   69    123   -249    568
20210113163809676	  399   69    124   -249    567
20210113163809776	  399   69    124   -249    567
20210113163809843	  396   70    120   -248    569
20210113163809910	  399   69    124   -249    567
20210113163809943	  396   70    120   -247    567
20210113163810010	  399   70    124   -247    568
20210113163810143	  396   70    120   -248    568
20210113163810343	  398   70    123   -247    567
20210113163810576	  396   71    120   -246    567
20210113163810810	  397   71    121   -245    566
20210113163810976	  399   71    124   -246    567
20210113163811110	  398   71    122   -245    566
20210113163811243	  397   71    121   -245    566
20210113163811343	  397   72    121   -244    566
20210113163811477	  396   72    120   -244    567
20210113163811610	  399   72    124   -244    567
20210113163811743	  398   71    123   -246    568
20210113163811843	  397   72    121   -244    566
20210113163811977	  398   72    122   -244    566
20210113163812110	  397   73    121   -243    566
20210113163812244	  397   73    121   -243    566
20210113163812344	  397   73    121   -242    566
20210113163812477	  398   73    122   -242    566
20210113163812610	  397   73    121   -242    565
20210113163812744	  398   74    122   -241    565
20210113163812844	  398   74    122   -241    565
20210113163812977	  397   74    121   -241    566
20210113163813110	  397   74    121   -241    566
20210113163813244	  396   75    119   -239    566
20210113163813377	  396   77    119   -236    566
20210113163813477	  395   77    118   -236    565
20210113163813611	  396   79    119   -233    564
20210113163813744	  395   78    118   -235    566
20210113163813877	  395   78    118   -234    565
20210113163813977	  396   79    119   -233    564
20210113163814111	  394   79    116   -233    565
20210113163814244	  394   79    116   -233    565
20210113163814344	  394   78    116   -234    564
20210113163814477	  393   79    115   -233    564
20210113163814611	  396   80    119   -232    565
20210113163814711	  394   80    117   -232    566
20210113163814844	  394   78    116   -235    565
20210113163814978	  395   80    118   -232    565
20210113163815111	  396   81    119   -231    566
20210113163815211	  396   79    119   -233    565
20210113163815344	  394   80    117   -232    566
20210113163815478	  395   80    118   -232    566
20210113163815611	  393   80    115   -232    566
20210113163815711	  394   80    116   -232    566
20210113163815844	  393   82    115   -230    568
20210113163815978	  393   82    115   -229    567
20210113163816078	  394   82    117   -230    568
20210113163816211	  395   82    118   -229    566
20210113163816345	  393   82    115   -229    566
20210113163816478	  393   82    115   -230    567
20210113163816611	  393   82    116   -230    568
20210113163816711	  393   82    115   -230    568
20210113163816845	  394   82    117   -230    567
20210113163816945	  394   82    117   -230    567
20210113163817078	  394   82    116   -229    565
20210113163817211	  393   82    115   -229    567
20210113163817345	  394   83    117   -228    566
20210113163817445	  395   84    118   -226    566
20210113163817578	  394   84    117   -226    566
20210113163817645	  395   83    118   -227    565
20210113163817678	  395   83    118   -227    565
20210113163817845	  394   85    117   -225    566
20210113163818045	  393   83    115   -227    565
20210113163818212	  395   83    118   -228    566
20210113163818312	  394   84    117   -226    567
20210113163818445	  394   84    117   -226    566
20210113163818578	  395   85    118   -224    565
20210113163818712	  393   85    115   -225    566
20210113163818779	  393   85    115   -225    566
20210113163818845	  393   85    115   -225    565
20210113163818879	  394   85    117   -225    566
20210113163818945	  394   85    116   -225    566
20210113163819112	  394   85    116   -224    565
20210113163819279	  392   86    114   -223    566
20210113163819412	  393   86    115   -223    566
20210113163819579	  394   86    116   -223    566
20210113163819745	  394   86    116   -223    566
20210113163819979	  394   86    116   -223    566
20210113163820079	  394   86    116   -222    564
20210113163820212	  394   86    116   -223    565
20210113163820312	  395   85    118   -224    565
20210113163820446	  395   88    118   -220    566
20210113163820546	  394   87    116   -222    566
20210113163820679	  395   86    118   -223    565
20210113163820812	  394   88    116   -220    565
20210113163820946	  395   88    118   -220    566
20210113163821079	  393   88    115   -220    566
20210113163821179	  394   88    116   -220    565
20210113163821312	  394   87    116   -221    565
20210113163821446	  394   87    116   -221    564
20210113163821546	  392   88    114   -221    566
20210113163821679	  395   88    118   -220    565
20210113163821813	  393   87    115   -222    565
20210113163821946	  393   87    115   -222    565
20210113163822046	  394   89    116   -219    565
20210113163822179	  392   89    113   -219    565
20210113163822213	  394   89    116   -218    564
20210113163822279	  393   89    115   -218    564
20210113163822346	  394   88    116   -220    565
20210113163822579	  393   89    115   -218    565
20210113163822713	  392   90    113   -217    564
20210113163822779	  394   91    116   -215    565
20210113163822779	  393   90    115   -217    565
20210113163822846	  394   89    116   -218    564
20210113163822946	  393   90    115   -217    565
20210113163823013	  392   91    114   -216    566
20210113163823113	  394   90    116   -217    565
20210113163823280	  393   91    115   -215    564
20210113163823346	  392   91    113   -215    564
20210113163823446	  392   91    113   -215    563
20210113163823646	  392   91    113   -215    565
20210113163823846	  392   91    113   -215    564
20210113163824080	  393   92    115   -213    563
20210113163824313	  393   92    115   -214    564
20210113163824413	  393   92    114   -213    563
20210113163824647	  392   93    113   -212    563
20210113163824847	  393   93    115   -212    564
20210113163824980	  393   93    114   -212    563
20210113163825113	  393   93    114   -212    563
20210113163825213	  393   93    115   -212    563
20210113163825347	  393   93    114   -212    563
20210113163825480	  394   94    116   -211    563
20210113163825580	  393   94    114   -210    563
20210113163825713	  392   94    113   -210    563
20210113163825847	  393   94    115   -211    564
20210113163825947	  392   94    113   -210    563
20210113163826080	  392   95    113   -209    563
20210113163826214	  392   94    113   -210    562
20210113163826314	  393   95    114   -209    562
20210113163826447	  391   95    112   -209    563
20210113163826580	  392   95    113   -209    563
20210113163826714	  393   95    114   -209    563
20210113163826814	  391   95    112   -209    563
20210113163826947	  392   96    113   -207    563
20210113163827080	  392   96    113   -207    562
20210113163827214	  391   96    112   -207    563
20210113163827314	  392   96    113   -208    563
20210113163827447	  393   96    114   -207    562
20210113163827581	  391   96    112   -207    563
20210113163827681	  392   97    113   -206    562
20210113163827814	  392   97    113   -206    563
20210113163827947	  392   97    113   -206    563
20210113163828047	  393   97    114   -206    563
20210113163828181	  392   97    113   -206    563
20210113163828314	  391   97    112   -206    562
20210113163828447	  390   97    110   -206    562
20210113163828547	  392   98    113   -204    562
20210113163828714	  391   98    111   -204    562
20210113163828814	  394   97    116   -205    562
20210113163828948	  392   97    113   -205    561
20210113163829081	  392   98    113   -204    562
20210113163829214	  391   99    112   -203    563
20210113163829281	  392   98    113   -205    563
20210113163829381	  393   99    115   -203    563
20210113163829581	  392   99    113   -203    562
20210113163829714	  393  100    114   -201    562
20210113163829814	  391  100    111   -201    562
20210113163829948	  393  100    114   -201    562
20210113163830081	  393  100    114   -201    561
20210113163830181	  392  100    113   -201    562
20210113163830315	  392   99    113   -203    562
20210113163830448	  391  100    111   -201    562
20210113163830581	  391   99    111   -203    562
20210113163830648	  390   99    110   -203    562
20210113163830748	  391  100    111   -201    561
20210113163830948	  392  101    113   -200    562
20210113163831081	  392  100    113   -201    561
20210113163831182	  390  101    110   -200    562
20210113163831315	  391  101    111   -200    562
20210113163831448	  391  101    111   -200    561
20210113163831582	  392  102    113   -198    561
20210113163831715	  392  102    113   -198    561
20210113163831815	  392  102    113   -198    561
20210113163831948	  391  102    111   -198    562
20210113163832082	  391  102    111   -198    561
20210113163832182	  390  101    110   -200    561
20210113163832315	  392  103    113   -197    561
20210113163832449	  392  103    113   -197    561
20210113163832549	  391  103    111   -196    560
20210113163832582	  392  103    113   -197    561
20210113163832682	  392  103    113   -197    562
20210113163832715	  392  103    113   -197    562
20210113163832949	  391  103    111   -196    561
20210113163833049	  390  102    110   -198    561
20210113163833149	  391  103    111   -196    561
20210113163833382	  390  103    110   -197    561
20210113163833582	  390  103    110   -197    561
20210113163833716	  391  105    111   -194    561
20210113163833816	  392  104    113   -195    561
20210113163833949	  390  103    110   -197    561
20210113163834082	  390  103    110   -197    561
20210113163834216	  389  104    108   -195    561
20210113163834316	  391  105    111   -193    561
20210113163834449	  390  104    110   -195    561
20210113163834582	  389  105    108   -194    562
20210113163834716	  390  104    110   -195    561
20210113163834849	  391  106    111   -192    561
20210113163834949	  391  106    111   -192    561
20210113163835083	  391  107    111   -191    561
20210113163835216	  390  106    110   -192    561
20210113163835316	  390  106    110   -192    560
20210113163835416	  390  106    110   -192    561
20210113163835583	  388  106    107   -192    562
20210113163835716	  391  107    111   -190    560
20210113163835849	  390  107    110   -191    562
20210113163835983	  391  107    111   -190    560
20210113163836116	  391  107    111   -191    561
20210113163836250	  391  107    111   -190    560
20210113163836383	  389  106    109   -193    562
20210113163836483	  388  107    107   -191    562
20210113163836650	  388  108    107   -190    562
20210113163836783	  389  107    108   -191    561
20210113163836916	  388  108    107   -189    562
20210113163837016	  388  108    107   -189    561
20210113163837150	  388  109    107   -188    562
20210113163837283	  390  109    110   -188    561
20210113163837417	  388  109    107   -188    561
20210113163837550	  389  109    108   -188    561
20210113163837683	  389  108    108   -189    561
20210113163837817	  390  110    110   -186    561
20210113163837950	  390  110    110   -186    561
20210113163838117	  389  108    108   -189    561
20210113163838250	  390  110    110   -186    561
20210113163838383	  390  111    110   -185    562
20210113163838517	  390  111    110   -185    562
20210113163838650	  390  109    110   -188    561
20210113163838684	  389  110    109   -187    562
20210113163838917	  389  111    108   -185    561
20210113163839050	  389  109    108   -188    561
20210113163839184	  388  111    107   -185    562
20210113163839317	  388  111    107   -185    562
20210113163839450	  389  112    109   -184    562
20210113163839550	  390  111    110   -185    561
20210113163839717	  388  111    107   -185    562
20210113163839850	  388  111    107   -185    562
20210113163840017	  387  112    106   -184    563
20210113163840117	  389  113    109   -182    561
20210113163840284	  387  112    106   -184    562
20210113163840417	  387  113    106   -182    562
20210113163840551	  389  112    108   -183    561
20210113163840684	  387  113    106   -182    561
20210113163840817	  388  113    107   -182    561
20210113163840951	  389  114    108   -180    560
20210113163841117	  389  112    108   -183    560
20210113163841217	  388  113    107   -182    560
20210113163841351	  387  114    106   -181    561
20210113163841484	  388  113    107   -182    560
20210113163841618	  388  114    107   -180    560
20210113163841751	  388  114    107   -180    560
20210113163841918	  388  114    107   -180    560
20210113163842051	  387  114    105   -180    561
20210113163842184	  387  115    105   -179    561
20210113163842318	  388  116    107   -177    560
20210113163842484	  387  115    105   -179    560
20210113163842618	  388  114    107   -180    560
20210113163842751	  387  115    105   -179    560
20210113163842885	  387  116    105   -177    560
20210113163843018	  387  115    105   -179    561
20210113163843151	  387  115    105   -179    560
20210113163843285	  386  115    104   -179    561
20210113163843418	  386  116    104   -178    561
20210113163843518	  387  116    105   -177    560
20210113163843718	  387  116    105   -177    559
20210113163843851	  386  116    104   -177    561
20210113163843985	  388  117    107   -176    560
20210113163844085	  387  117    105   -175    559
20210113163844252	  387  117    105   -176    560
20210113163844385	  386  117    104   -176    560
20210113163844418	  387  117    105   -175    559
20210113163844418	  387  118    105   -174    559
20210113163844418	  386  118    104   -174    560
20210113163844552	  387  118    105   -174    560
20210113163844618	  388  119    107   -173    560
20210113163844718	  388  117    107   -175    559
20210113163844752	  388  117    107   -175    559
20210113163844852	  387  118    105   -174    559
20210113163844885	  387  118    105   -174    559
20210113163844885	  387  118    105   -174    559
20210113163844885	  387  118    105   -174    559
20210113163844885	  387  118    105   -174    559
20210113163845018	  387  118    105   -174    559
20210113163845018	  387  118    105   -174    559
20210113163845085	  387  119    105   -173    560
20210113163845152	  387  119    105   -173    560
20210113163845185	  387  119    105   -173    560
20210113163845252	  387  118    105   -174    559
20210113163845285	  387  119    105   -173    559
20210113163845319	  387  119    105   -172    559
20210113163845385	  387  119    105   -173    560
20210113163845385	  387  119    105   -173    559
20210113163845385	  388  118    107   -174    559
20210113163845585	  388  119    107   -173    560
20210113163845585	  387  120    105   -171    560
20210113163845685	  387  120    105   -171    560
20210113163845719	  387  120    105   -171    559
20210113163845752	  387  120    105   -171    559
20210113163845919	  387  120    105   -171    560
20210113163845952	  387  120    105   -171    559
20210113163845985	  387  120    105   -171    559
20210113163846019	  385  119    103   -173    561
20210113163846085	  387  120    105   -171    559
20210113163846152	  385  119    103   -173    561
20210113163846185	  387  120    105   -171    559
20210113163846252	  387  120    105   -171    559
20210113163846485	  388  122    107   -169    560
20210113163846719	  387  120    105   -171    559
20210113163847186	  386  121    104   -170    560
20210113163847486	  387  121    105   -170    559
20210113163847686	  387  121    105   -170    559
20210113163847819	  386  122    104   -168    560
20210113163848086	  386  123    104   -167    560
20210113163848319	  387  123    105   -167    560
20210113163848553	  386  122    104   -168    560
20210113163848819	  386  123    104   -167    561
20210113163849053	  386  124    104   -166    561
20210113163849286	  386  124    104   -166    560
20210113163849520	  386  124    104   -166    560
20210113163849786	  386  125    104   -164    560
20210113163850020	  386  125    104   -164    559
20210113163850253	  386  125    104   -164    560
20210113163850520	  386  125    104   -164    560
20210113163850753	  385  125    102   -164    560
20210113163850987	  385  126    102   -162    559
20210113163851220	  386  126    104   -162    559
20210113163851453	  386  126    104   -162    559
20210113163851720	  386  126    104   -162    559
20210113163851853	  386  127    104   -161    559
20210113163852087	  386  127    104   -161    558
20210113163852320	  386  127    104   -161    559
20210113163852587	  386  127    104   -161    559
20210113163852820	  385  127    102   -161    560
20210113163852987	  386  127    104   -161    558
20210113163853154	  385  128    102   -160    559
20210113163853387	  385  128    102   -159    559
20210113163853587	  385  128    102   -159    559
20210113163853654	  386  129    104   -158    558
20210113163853721	  385  129    102   -158    558
20210113163853754	  385  129    102   -158    558
20210113163853887	  385  129    102   -158    558
20210113163853954	  385  129    102   -158    559
20210113163854021	  385  129    102   -158    559
20210113163854054	  385  129    102   -158    559
20210113163854287	  386  129    104   -158    558
20210113163854621	  384  129    101   -158    559
20210113163854888	  386  129    104   -158    558
20210113163855121	  386  131    104   -155    558
20210113163855354	  385  131    102   -155    559
20210113163855588	  385  131    102   -155    558
20210113163855854	  385  130    102   -156    558
20210113163856088	  385  131    102   -154    557
20210113163856288	  385  131    102   -155    558
20210113163856555	  385  132    102   -153    559
20210113163856821	  386  132    104   -153    559
20210113163857055	  384  132    101   -154    559
20210113163857288	  385  132    102   -153    558
20210113163857522	  385  132    102   -153    558
20210113163857788	  385  133    102   -152    558
20210113163857955	  384  133    101   -152    560
20210113163857988	  385  133    102   -152    559
20210113163858055	  385  132    102   -154    559
20210113163858288	  384  134    101   -151    560
20210113163858522	  384  134    101   -151    559
20210113163858788	  385  135    102   -149    559
20210113163859022	  384  134    101   -151    560
20210113163859189	  385  135    102   -149    559
20210113163859322	  384  135    101   -149    560
20210113163859422	  383  135    100   -149    560
20210113163859589	  384  135    101   -149    559
20210113163859755	  384  135    101   -149    559
20210113163859922	  384  135    101   -149    559
20210113163859955	  384  135    101   -149    559
20210113163900055	  384  136    101   -148    559
20210113163900289	  383  136    100   -148    561
20210113163900522	  383  136    100   -148    561
20210113163900656	  384  136    101   -148    560
20210113163900789	  384  137    101   -146    560
20210113163900889	  383  136    100   -148    560
20210113163901089	  384  137    101   -146    560
20210113163901222	  384  137    101   -146    560
20210113163901322	  384  136    101   -148    560
20210113163901422	  383  137    100   -147    561
20210113163901456	  383  137    100   -146    560
20210113163901556	  384  138    101   -145    559
20210113163901623	  383  137    100   -147    561
20210113163901689	  384  137    101   -146    559
20210113163901756	  383  137    100   -147    561
20210113163901889	  384  138    101   -145    561
20210113163901989	  384  138    101   -145    559
20210113163901989	  384  139    101   -143    559
20210113163902089	  383  138    100   -145    560
20210113163902356	  382  138     98   -145    561
20210113163902756	  384  139    101   -143    559
20210113163903056	  383  138    100   -145    560
20210113163903256	  382  139     98   -144    560
20210113163903490	  383  139     99   -143    559
20210113163903623	  382  139     98   -143    559
20210113163903756	  383  139     99   -143    559
20210113163903890	  384  140    101   -142    558
20210113163904056	  383  139     99   -143    558
20210113163904190	  382  140     98   -142    559
20210113163904323	  383  139     99   -143    558
20210113163904457	  382  140     98   -142    558
20210113163904623	  382  140     98   -142    559
20210113163904757	  383  140     99   -142    558
20210113163904890	  383  140     99   -142    558
20210113163905023	  383  140     99   -142    558
20210113163905157	  382  140     98   -142    559
20210113163905290	  383  140     99   -142    558
20210113163905457	  383  139     99   -143    559
20210113163905590	  382  140     98   -142    559
20210113163905724	  382  140     98   -142    558
20210113163905857	  383  140     99   -142    558
20210113163906024	  383  140     99   -142    558
20210113163906157	  382  140     98   -142    559
20210113163906290	  382  140     98   -142    558
20210113163906424	  382  140     98   -142    558
20210113163906590	  383  140     99   -142    558
20210113163906724	  383  140     99   -142    558
20210113163906857	  382  140     98   -142    559
20210113163906991	  383  140     99   -142    558
20210113163907157	  383  140     99   -142    558
20210113163907291	  383  140     99   -141    557
20210113163907424	  383  140     99   -142    558
20210113163907557	  382  140     98   -142    558
20210113163907691	  384  141    101   -140    557
20210113163907857	  383  140     99   -142    558
20210113163907991	  383  140     99   -142    558
20210113163908124	  383  140     99   -142    558
20210113163908258	  383  141     99   -140    557
20210113163908391	  384  141    101   -140    558
20210113163908524	  382  140     98   -142    558
20210113163908624	  382  140     98   -142    559
20210113163908691	  383  140     99   -142    558
20210113163908824	  383  140     99   -142    557
20210113163908958	  383  140     99   -142    558
20210113163909024	  383  140     99   -142    558
20210113163909124	  384  141    101   -140    557
20210113163909358	  383  140     99   -141    557
20210113163909491	  382  140     98   -142    559
20210113163909825	  383  140     99   -142    558
20210113163909958	  383  140     99   -142    558
20210113163910091	  383  141     99   -140    558
20210113163910225	  383  140     99   -142    558
20210113163910291	  383  140     99   -142    557
20210113163910491	  383  140     99   -142    558
20210113163910658	  383  140     99   -142    558
20210113163910658	  383  140     99   -142    558
20210113163910858	  382  140     98   -142    558
20210113163911125	  383  140     99   -141    557
20210113163911258	  383  140     99   -141    557
20210113163911358	  383  140     99   -142    558
20210113163911458	  383  141     99   -140    557
20210113163911658	  382  141     98   -140    558
20210113163911825	  382  141     98   -140    558
20210113163911959	  383  141     99   -140    558
20210113163912092	  383  140     99   -141    557
20210113163912259	  383  140     99   -141    557
20210113163912392	  383  141     99   -140    558
20210113163912525	  383  140     99   -142    558
20210113163912659	  383  140     99   -142    558
20210113163912792	  382  141     98   -140    557
20210113163912959	  383  141     99   -140    557
20210113163913092	  383  140     99   -142    558
20210113163913226	  383  141     99   -140    557
20210113163913359	  382  141     98   -140    558
20210113163913526	  383  141     99   -140    557
20210113163913659	  383  141     99   -140    558
20210113163913792	  383  141     99   -140    558
20210113163913926	  383  140     99   -142    558
20210113163914059	  383  140     99   -142    558
20210113163914226	  383  141     99   -140    557
20210113163914359	  383  140     99   -141    557
20210113163914492	  383  141     99   -140    557
20210113163914626	  383  140     99   -142    558
20210113163914793	  382  141     98   -140    557
20210113163914926	  382  141     98   -140    557
20210113163915059	  383  141     99   -140    557
20210113163915193	  383  141     99   -140    557
20210113163915293	  383  141     99   -140    557
20210113163915393	  383  141     99   -140    557
20210113163915526	  383  141     99   -140    557
20210113163915559	  383  141     99   -140    557
20210113163915693	  383  141     99   -140    557
20210113163915793	  382  141     98   -140    557
20210113163915926	  383  141     99   -140    557
20210113163916026	  382  141     98   -140    557
20210113163916160	  383  141     99   -140    557
20210113163916226	  382  141     98   -140    557
20210113163916326	  382  141     98   -140    557
20210113163916526	  383  141     99   -140    556
20210113163916893	  383  141     99   -140    558
20210113163917193	  383  141     99   -140    556
20210113163917327	  384  142    100   -138    557
20210113163917493	  383  141     99   -140    558
20210113163917627	  383  141     99   -140    557
20210113163917760	  383  141     99   -140    557
20210113163917927	  383  141     99   -140    556
20210113163918060	  382  141     98   -140    557
20210113163918193	  383  141     99   -140    557
20210113163918327	  383  141     99   -140    557
20210113163918494	  383  141     99   -140    557
20210113163918627	  383  141     99   -140    557
20210113163918760	  383  141     99   -140    557
20210113163918894	  383  141     99   -140    558
20210113163919060	  383  140     99   -142    558
20210113163919194	  383  141     99   -140    557
20210113163919360	  383  141     99   -140    557
20210113163919494	  383  141     99   -140    557
20210113163919660	  383  141     99   -140    558
20210113163919794	  383  141     99   -140    558
20210113163919927	  383  141     99   -140    557
20210113163920094	  383  141     99   -140    557
20210113163920261	  382  141     98   -140    558
20210113163920394	  383  141     99   -140    557
20210113163920527	  383  141     99   -140    557
20210113163920694	  383  141     99   -140    557
20210113163920827	  383  141     99   -140    557
20210113163920961	  383  140     99   -142    558
20210113163921094	  383  141     99   -140    557
20210113163921261	  383  141     99   -140    557
20210113163921394	  382  141     98   -140    558
20210113163921528	  383  141     99   -140    557
20210113163921694	  383  141     99   -140    557
20210113163921828	  383  141     99   -140    557
20210113163921994	  383  141     99   -140    557
20210113163922128	  383  141     99   -140    558
20210113163922294	  383  142     99   -138    556
20210113163922428	  383  142     99   -138    556
20210113163922561	  383  141     99   -140    557
20210113163922695	  383  141     99   -140    557
20210113163922828	  383  141     99   -140    557
20210113163922961	  383  142     99   -138    557
20210113163923095	  383  141     99   -140    557
20210113163923228	  382  142     98   -139    558
20210113163923361	  383  141     99   -140    557
20210113163923428	  382  142     98   -139    558
20210113163923561	  383  141     99   -140    557
20210113163923761	  383  141     99   -140    557
20210113163923761	  382  142     98   -139    557
20210113163924195	  382  142     98   -139    557
20210113163924362	  383  142     99   -138    557
20210113163924528	  383  142     99   -139    558
20210113163924662	  382  142     98   -139    558
20210113163924828	  383  141     99   -140    557
20210113163924995	  383  141     99   -140    557
20210113163925128	  383  141     99   -140    557
20210113163925295	  383  141     99   -140    557
20210113163925429	  383  141     99   -140    557
20210113163925595	  383  141     99   -140    557
20210113163925729	  383  141     99   -140    557
20210113163925895	  383  142     99   -138    557
20210113163926029	  382  143     98   -137    557
20210113163926195	  382  142     98   -139    557
20210113163926329	  383  142     99   -139    557
20210113163926495	  382  142     98   -139    558
20210113163926662	  383  142     99   -139    557
20210113163926796	  382  142     98   -139    558
20210113163926962	  383  141     99   -140    557
20210113163927096	  382  142     97   -138    556
20210113163927262	  383  141     99   -140    557
20210113163927396	  383  142     99   -139    557
20210113163927562	  382  142     98   -139    557
20210113163927729	  383  141     99   -140    558
20210113163927862	  383  143     99   -137    557
20210113163928029	  383  143     99   -137    557
20210113163928163	  382  142     98   -139    558
20210113163928329	  383  142     99   -139    557
20210113163928463	  382  142     98   -138    556
20210113163928629	  383  142     99   -138    557
20210113163928796	  383  143     99   -137    556
20210113163928929	  382  142     98   -139    557
20210113163929096	  381  142     96   -139    558
20210113163929263	  382  141     98   -140    557
20210113163929396	  383  142     99   -138    557
20210113163929563	  383  143     99   -137    557
20210113163929730	  383  141     99   -140    557
20210113163929863	  383  143     99   -137    557
20210113163930030	  382  142     98   -138    557
20210113163930196	  383  141     99   -140    557
20210113163930330	  383  141     99   -140    557
20210113163930496	  383  141     99   -140    557
20210113163930663	  383  141     99   -140    557
20210113163930830	  383  141     99   -140    557
20210113163930963	  383  141     99   -140    556
20210113163931130	  382  142     97   -138    556
20210113163931297	  382  140     98   -142    558
20210113163931430	  383  141     99   -140    557
20210113163931597	  383  141     99   -140    557
20210113163931763	  383  141     99   -140    557
20210113163931897	  383  141     99   -140    557
20210113163932064	  383  141     99   -140    557
20210113163932230	  383  141     99   -140    556
20210113163932397	  383  141     99   -140    557
20210113163932530	  382  141     97   -139    555
20210113163932697	  383  141     99   -140    557
20210113163932864	  383  141     99   -140    556
20210113163932997	  384  143    100   -137    556
20210113163933164	  383  140     99   -141    557
20210113163933331	  383  141     99   -140    556
20210113163933464	  383  141     99   -140    557
20210113163933631	  382  141     98   -140    558
20210113163933797	  383  141     99   -140    556
20210113163933964	  382  141     98   -140    557
20210113163934097	  383  140     99   -141    557
20210113163934264	  383  140     99   -142    558
20210113163934431	  383  140     99   -141    556
20210113163934598	  383  140     99   -141    557
20210113163934731	  383  140     99   -141    557
20210113163934864	  382  141     98   -140    557
20210113163935064	  383  140     99   -141    557
20210113163935198	  383  141     99   -140    556
20210113163935364	  383  141     99   -140    557
20210113163935531	  383  141     99   -140    557
20210113163935698	  383  139     99   -143    556
20210113163935831	  383  140     99   -141    557
20210113163935998	  383  140     99   -141    557
20210113163936165	  383  140     99   -142    558
20210113163936298	  383  139     99   -143    557
20210113163936465	  383  140     99   -141    557
20210113163936631	  383  140     99   -141    557
20210113163936798	  382  140     98   -141    557
20210113163936931	  382  140     98   -142    558
20210113163937098	  383  140     99   -142    558
20210113163937265	  383  140     99   -141    557
20210113163937398	  384  140    101   -141    557
20210113163937565	  383  141     99   -140    557
20210113163937732	  383  140     99   -142    558
20210113163937865	  383  140     99   -141    557
20210113163938032	  383  140     99   -141    557
20210113163938165	  383  139     99   -143    557
20210113163938332	  383  139     99   -143    557
20210113163938499	  383  139     99   -143    557
20210113163938665	  383  139     99   -143    558
20210113163938799	  383  139     99   -143    557
20210113163938965	  384  139    101   -143    557
20210113163939132	  382  139     98   -143    558
20210113163939299	  382  139     98   -143    558
20210113163939432	  384  139    100   -143    557
20210113163939599	  384  139    101   -143    557
20210113163939765	  382  139     98   -143    559
20210113163939899	  384  139    100   -143    557
20210113163940066	  384  139    100   -143    556
20210113163940232	  382  139     98   -143    558
20210113163940366	  383  139     99   -143    558
20210113163940532	  383  139     99   -143    557
20210113163940699	  383  139     99   -143    557
20210113163940832	  384  140    101   -141    557
20210113163940999	  384  139    101   -143    557
20210113163941166	  383  139     99   -143    558
20210113163941332	  385  139    102   -143    556
20210113163941466	  384  139    101   -143    558
20210113163941633	  384  139    101   -143    557
20210113163941799	  384  139    101   -143    558
20210113163941933	  384  139    101   -143    557
20210113163942099	  383  138     99   -144    558
20210113163942266	  384  138    101   -144    558
20210113163942399	  384  138    100   -144    557
20210113163942566	  383  138     99   -145    558
20210113163942733	  383  138     99   -145    559
20210113163942866	  383  138     99   -145    558
20210113163943033	  383  138     99   -145    558
20210113163943200	  385  138    102   -144    557
20210113163943333	  385  139    102   -143    558
20210113163943500	  385  138    102   -144    557
20210113163943666	  385  139    102   -143    557
20210113163943833	  384  138    101   -144    558
20210113163943967	  383  138     99   -145    558
20210113163944133	  384  137    100   -146    557
20210113163944300	  385  138    102   -144    556
20210113163944433	  384  137    100   -146    556
20210113163944600	  384  137    101   -146    557
20210113163944767	  383  138     99   -145    558
20210113163944933	  384  137    101   -146    558
20210113163945067	  383  138     99   -145    558
20210113163945234	  383  138     99   -145    559
20210113163945400	  383  138     99   -145    559
20210113163945567	  384  137    101   -146    559
20210113163945700	  385  138    102   -144    557
20210113163945867	  384  137    100   -146    557
20210113163946034	  383  137     99   -146    559
20210113163946167	  383  137     99   -146    558
20210113163946334	  385  137    102   -146    557
20210113163946501	  384  136    101   -147    558
20210113163946667	  385  137    102   -146    558
20210113163946801	  384  136    101   -147    558
20210113163946967	  385  136    102   -147    557
20210113163947134	  385  135    102   -149    557
20210113163947267	  384  136    101   -148    559
20210113163947434	  384  136    101   -148    559
20210113163947601	  385  136    102   -147    557
20210113163947734	  384  135    100   -149    557
20210113163947901	  385  136    102   -147    557
20210113163948068	  384  135    101   -149    558
20210113163948201	  384  135    101   -149    558
20210113163948368	  384  135    101   -149    558
20210113163948534	  384  135    101   -149    559
20210113163948701	  384  135    101   -149    559
20210113163948834	  384  135    101   -149    558
20210113163949001	  384  135    101   -149    558
20210113163949168	  386  135    103   -149    557
20210113163949335	  385  134    102   -150    557
20210113163949501	  385  135    102   -149    558
20210113163949668	  385  134    102   -150    557
20210113163949801	  385  134    102   -150    557
20210113163949968	  386  135    103   -149    557
20210113163950135	  386  135    103   -149    557
20210113163950301	  386  135    103   -148    556
20210113163950435	  385  134    102   -150    557
20210113163950602	  385  134    102   -150    558
20210113163950735	  386  133    103   -151    556
20210113163950902	  386  135    104   -149    558
20210113163951068	  385  134    102   -150    557
20210113163951235	  386  134    103   -150    557
20210113163951368	  385  133    102   -151    556
20210113163951535	  385  133    102   -151    557
20210113163951702	  385  133    102   -152    557
20210113163951869	  384  134    101   -150    558
20210113163952002	  386  133    103   -152    557
20210113163952169	  386  133    103   -152    557
20210113163952335	  385  133    102   -152    557
20210113163952469	  386  132    103   -153    556
20210113163952635	  386  133    103   -151    557
20210113163952802	  386  133    103   -152    557
20210113163952969	  385  132    102   -153    557
20210113163953102	  385  132    102   -153    557
20210113163953269	  385  132    102   -153    557
20210113163953436	  385  132    102   -153    557
20210113163953569	  386  132    103   -153    557
20210113163953736	  385  132    102   -153    557
20210113163953902	  385  132    102   -153    557
20210113163954036	  385  132    102   -153    558
20210113163954202	  386  132    103   -153    557
20210113163954369	  386  131    103   -154    556
20210113163954536	  386  131    103   -154    556
20210113163954669	  385  131    102   -154    556
20210113163954836	  385  131    102   -154    555
20210113163955003	  385  131    101   -154    554
20210113163955136	  385  131    102   -154    555
20210113163955303	  387  130    104   -155    555
20210113163955470	  386  131    103   -154    555
20210113163955603	  386  131    103   -155    557
20210113163955770	  386  131    103   -154    555
20210113163955936	  386  131    103   -154    557
20210113163956070	  386  130    103   -156    556
20210113163956203	  386  130    103   -156    556
20210113163956203	  385  130    102   -156    556
20210113163956303	  386  130    103   -156    557
20210113163956336	  386  129    103   -157    556
20210113163956736	  386  129    103   -157    554
20210113163957170	  386  130    103   -155    554
20210113163957337	  387  129    104   -157    555
20210113163957470	  386  129    103   -157    556
20210113163957637	  387  129    104   -157    555
20210113163957803	  386  129    103   -157    555
20210113163957937	  386  129    103   -157    556
20210113163958103	  386  129    103   -157    555
20210113163958237	  386  129    103   -157    556
20210113163958404	  386  129    103   -157    555
20210113163958570	  385  128    102   -158    556
20210113163958737	  386  128    103   -158    555
20210113163958904	  387  128    104   -158    555
20210113163959037	  387  128    105   -158    556
20210113163959204	  386  128    103   -159    556
20210113163959370	  386  128    103   -159    556
20210113163959504	  387  128    105   -159    556
20210113163959671	  387  128    104   -158    555
20210113163959837	  387  127    105   -160    556
20210113164000004	  386  128    103   -158    556
20210113164000137	  386  127    103   -160    556
20210113164000304	  386  127    103   -160    555
20210113164000471	  387  127    104   -160    555
20210113164000637	  387  127    105   -160    556
20210113164000771	  386  127    103   -160    556
20210113164000938	  386  127    103   -160    555
20210113164001104	  386  127    103   -160    556
20210113164001238	  386  127    103   -160    558
20210113164001404	  386  127    103   -160    556
20210113164001538	  386  127    103   -160    556
20210113164001704	  386  126    103   -161    555
20210113164001871	  387  126    104   -161    555
20210113164002038	  386  126    103   -161    555
20210113164002204	  386  126    103   -162    556
20210113164002338	  387  126    104   -161    554
20210113164002505	  387  126    104   -161    554
20210113164002671	  387  126    104   -161    555
20210113164002838	  387  127    105   -160    556
20210113164002971	  387  126    105   -162    557
20210113164003138	  387  126    105   -161    555
20210113164003305	  387  125    105   -163    556
20210113164003471	  387  126    105   -161    556
20210113164003605	  387  125    104   -163    555
20210113164003772	  387  125    104   -163    555
20210113164003938	  387  125    105   -163    556
20210113164004105	  387  125    105   -163    556
20210113164004272	  387  125    105   -163    556
20210113164004405	  387  125    105   -163    556
20210113164004572	  387  125    105   -163    556
20210113164004738	  387  125    105   -163    556
20210113164004905	  387  124    105   -164    556
20210113164005039	  387  125    105   -163    556
20210113164005205	  387  124    105   -164    556
20210113164005372	  388  124    106   -164    555
20210113164005539	  388  123    106   -165    555
20210113164005705	  387  124    105   -164    556
20210113164005839	  388  124    106   -164    554
20210113164006005	  387  124    104   -164    555
20210113164006172	  388  124    106   -164    554
20210113164006339	  388  124    106   -164    554
20210113164006506	  387  123    104   -165    554
20210113164006672	  388  123    106   -166    555
20210113164006839	  388  123    106   -165    554
20210113164007006	  388  123    106   -165    555
20210113164007172	  387  123    105   -166    555
20210113164007339	  387  122    104   -167    555
20210113164007506	  388  123    106   -165    554
20210113164007673	  389  122    107   -166    553
20210113164007806	  387  122    105   -167    556
20210113164008006	  388  122    106   -167    556
20210113164008139	  388  122    106   -167    556
20210113164008339	  389  122    107   -167    555
20210113164008506	  389  122    107   -167    554
20210113164008673	  388  122    106   -167    555
20210113164008839	  388  121    106   -168    555
20210113164009006	  388  122    106   -167    556
20210113164009140	  386  122    103   -167    557
20210113164009306	  389  121    107   -168    554
20210113164009506	  388  121    106   -168    554
20210113164009673	  388  121    106   -169    555
20210113164009840	  388  121    106   -169    555
20210113164010006	  388  121    106   -168    555
20210113164010173	  388  121    106   -168    555
20210113164010340	  389  121    107   -168    554
20210113164010507	  388  121    106   -168    555
20210113164010673	  388  121    106   -168    554
20210113164010840	  388  120    106   -170    555
20210113164011007	  387  121    105   -169    556
20210113164011173	  388  120    106   -170    555
20210113164011340	  389  120    107   -169    554
20210113164011507	  388  120    106   -169    554
20210113164011707	  389  120    107   -170    555
20210113164011874	  389  119    107   -172    556
20210113164012040	  389  119    107   -171    556
20210113164012207	  389  119    107   -171    555
20210113164012374	  389  119    107   -171    555
20210113164012540	  389  119    107   -171    555
20210113164012707	  389  118    107   -173    554
20210113164012841	  389  119    107   -172    556
20210113164012974	  389  118    107   -172    553
20210113164013141	  389  118    107   -173    555
20210113164013407	  390  118    109   -173    555
20210113164013574	  390  118    109   -173    555
20210113164013741	  390  119    109   -171    555
20210113164013907	  389  118    107   -173    556
20210113164014074	  388  118    106   -173    555
20210113164014241	  389  117    107   -174    555
20210113164014408	  388  118    106   -173    556
20210113164014574	  388  117    106   -174    556
20210113164014741	  390  117    109   -174    554
20210113164014908	  389  117    107   -174    555
20210113164015108	  388  117    106   -174    555
20210113164015275	  388  117    106   -174    555
20210113164015441	  388  117    106   -174    555
20210113164015608	  388  117    106   -174    555
20210113164015775	  388  117    106   -174    555
20210113164015941	  389  116    107   -176    555
20210113164016141	  389  116    107   -175    554
20210113164016308	  390  117    109   -174    555
20210113164016475	  389  116    107   -176    555
20210113164016641	  391  117    110   -174    554
20210113164016808	  388  116    106   -176    555
20210113164016975	  388  116    106   -176    555
20210113164017142	  390  114    109   -178    555
20210113164017342	  389  115    107   -177    555
20210113164017508	  389  115    107   -177    555
20210113164017675	  390  114    109   -178    555
20210113164017842	  388  115    106   -178    557
20210113164018008	  390  114    109   -178    554
20210113164018209	  389  113    107   -180    556
20210113164018375	  389  114    107   -179    555
20210113164018509	  390  115    109   -177    555
20210113164018675	  390  112    109   -181    555
20210113164018809	  390  112    109   -182    556
20210113164018942	  390  113    109   -180    556
20210113164019075	  390  113    109   -181    557
20210113164019442	  390  113    109   -181    557
20210113164019642	  390  113    109   -181    557
20210113164019809	  391  112    110   -182    556
20210113164019976	  391  113    110   -180    556
20210113164020142	  390  112    109   -182    556
20210113164020309	  389  111    108   -184    557
20210113164020509	  390  112    109   -182    556
20210113164020676	  390  112    109   -182    557
20210113164020843	  390  112    109   -182    558
20210113164021009	  390  112    109   -182    557
20210113164021176	  390  112    109   -182    557
20210113164021376	  389  111    108   -183    557
20210113164021543	  390  111    109   -183    557
20210113164021709	  390  111    109   -183    557
20210113164021876	  390  111    109   -183    557
20210113164022043	  389  110    108   -185    557
20210113164022210	  391  111    111   -184    557
20210113164022410	  390  110    109   -185    556
20210113164022576	  390  110    109   -185    556
20210113164022743	  391  112    111   -182    557
20210113164022910	  390  110    109   -185    557
20210113164023076	  391  110    110   -184    555
20210113164023243	  391  110    110   -185    556
20210113164023410	  391  110    110   -185    556
20210113164023610	  391  109    110   -186    555
20210113164023777	  390  110    109   -185    557
20210113164023943	  391  109    110   -186    556
20210113164024110	  391  109    110   -186    554
20210113164024277	  392  109    112   -186    556
20210113164024443	  391  109    110   -186    555
20210113164024610	  392  107    112   -189    555
20210113164024810	  391  108    110   -187    556
20210113164024910	  391  108    110   -187    555
20210113164024977	  391  108    110   -187    555
20210113164025244	  391  108    110   -187    556
20210113164025477	  390  108    109   -188    557
20210113164025644	  390  108    109   -188    557
20210113164025810	  391  107    110   -189    555
20210113164026010	  392  106    111   -190    554
20210113164026177	  391  107    110   -189    556
20210113164026344	  391  107    111   -189    557
20210113164026511	  391  106    110   -190    555
20210113164026677	  390  107    109   -189    557
20210113164026844	  391  106    110   -190    555
20210113164027044	  392  107    111   -188    555
20210113164027211	  391  106    110   -190    554
20210113164027378	  391  105    111   -192    557
20210113164027544	  391  105    111   -192    558
20210113164027711	  391  106    110   -190    555
20210113164027911	  393  107    123   -205    603
20210113164028078	  393  104    113   -194    557
20210113164028244	  391  106    110   -191    556
20210113164028411	  392  106    112   -190    555
20210113164028578	  390  105    109   -192    557
20210113164028711	  393  106    113   -190    555
20210113164028945	  391  104    110   -193    556
20210113164029111	  392  104    112   -193    555
20210113164029278	  393  105    113   -191    555
20210113164029445	  393  105    113   -191    555
20210113164029611	  393  105    113   -192    556
20210113164029711	  392  104    111   -193    555
20210113164029812	  392  104    111   -193    555
20210113164029845	  392  104    112   -193    556
20210113164029945	  392  104    112   -193    556
20210113164030045	  393  105    123   -208    603
20210113164030112	  392  104    112   -193    556
20210113164030178	  393  102    113   -196    556
20210113164030245	  392  103    112   -195    556
20210113164030478	  393  102    113   -196    555
20210113164030578	  393  104    113   -193    555
20210113164030578	  393  104    113   -193    555
20210113164030645	  393  104    113   -193    556
20210113164030712	  393  104    113   -193    556
20210113164030845	  391  103    110   -195    557
20210113164031012	  393  102    113   -196    555
20210113164031145	  392  103    112   -195    556
20210113164031279	  394  103    114   -194    555
20210113164031379	  392  103    112   -195    556
20210113164031512	  391  103    110   -195    557
20210113164031645	  394  103    114   -194    555
20210113164031712	  394  103    115   -195    556
20210113164031779	  394  103    115   -195    556
20210113164031979	  394  103    115   -195    555
20210113164032279	  394  102    115   -196    556
20210113164032712	  394  102    115   -196    556
20210113164033146	  394  102    115   -197    557
20210113164033512	  394  102    115   -196    557
20210113164033812	  391  101    111   -198    558
20210113164034246	  393   99    113   -201    557
20210113164034679	  394  100    115   -199    556
20210113164035146	  394  100    115   -199    556
20210113164035413	  393   99    113   -201    557
20210113164035613	  392   99    112   -201    557
20210113164035780	  392   99    112   -201    558
20210113164035946	  394   98    115   -202    557
20210113164036113	  395   99    116   -201    557
20210113164036280	  394   99    115   -201    557
20210113164036446	  394   98    115   -202    557
20210113164036647	  394   98    115   -202    557
20210113164036813	  393   99    114   -201    558
20210113164036980	  395   98    116   -202    557
20210113164037147	  394   97    115   -204    557
20210113164037313	  394   97    115   -204    559
20210113164037513	  393   98    114   -203    558
20210113164037680	  393   98    113   -203    558
20210113164037847	  395   98    116   -203    558
20210113164038013	  395   98    117   -203    558
20210113164038180	  395   97    116   -204    558
20210113164038380	  394   96    115   -205    558
20210113164038547	  394   96    115   -206    558
20210113164038714	  394   97    115   -204    557
20210113164038880	  395   97    117   -204    558
20210113164039047	  394   95    115   -207    558
20210113164039214	  395   96    116   -206    558
20210113164039380	  394   95    115   -207    557
20210113164039581	  394   97    115   -204    558
20210113164039747	  395   96    116   -205    558
20210113164039914	  395   96    116   -205    557
20210113164040081	  394   95    115   -207    557
20210113164040247	  394   95    115   -207    558
20210113164040447	  393   94    113   -208    557
20210113164040614	  394   95    115   -207    559
20210113164040781	  394   94    115   -209    558
20210113164040948	  394   95    115   -207    558
20210113164041114	  394   94    115   -208    558
20210113164041281	  395   94    116   -208    557
20210113164041448	  394   94    115   -209    558
20210113164041648	  394   94    115   -208    558
20210113164041814	  394   94    115   -208    557
20210113164041981	  394   94    115   -208    558
20210113164042148	  396   94    118   -208    558
20210113164042315	  395   93    116   -210    557
20210113164042515	  394   93    115   -210    558
20210113164042681	  395   93    116   -209    557
20210113164042848	  394   93    115   -210    558
20210113164043015	  394   92    115   -212    559
20210113164043181	  394   92    115   -211    558
20210113164043348	  395   92    116   -211    558
20210113164043548	  394   93    115   -210    558
20210113164043715	  396   92    118   -211    558
20210113164043882	  393   92    114   -212    559
20210113164044048	  395   91    117   -213    559
20210113164044215	  394   92    115   -211    558
20210113164044382	  395   91    117   -213    559
20210113164044582	  395   91    117   -213    559
20210113164044749	  395   91    117   -213    559
20210113164044915	  395   90    116   -214    558
20210113164045082	  394   91    115   -213    559
20210113164045249	  394   91    115   -213    559
20210113164045449	  395   90    117   -215    559
20210113164045615	  393   90    114   -215    560
20210113164045782	  395   90    117   -215    560
20210113164045949	  394   90    115   -215    559
20210113164046116	  395   89    117   -216    559
20210113164046282	  394   89    115   -217    560
20210113164046482	  394   89    115   -216    560
20210113164046649	  393   89    114   -217    560
20210113164046816	  395   89    117   -216    560
20210113164046982	  394   89    116   -217    561
20210113164047182	  395   89    117   -216    560
20210113164047283	  395   89    117   -216    560
20210113164047516	  395   88    117   -218    560
20210113164047683	  395   88    117   -218    560
20210113164047849	  397   89    120   -217    560
20210113164048016	  393   88    114   -218    561
20210113164048216	  395   88    117   -218    560
20210113164048383	  396   88    118   -218    559
20210113164048549	  395   88    117   -218    560
20210113164048716	  395   86    117   -221    560
20210113164048883	  396   87    118   -219    560
20210113164049083	  397   87    120   -219    559
20210113164049250	  396   87    118   -219    560
20210113164049416	  394   87    115   -219    560
20210113164049583	  396   86    118   -221    560
20210113164049750	  395   85    117   -222    560
20210113164049950	  395   85    117   -222    560
20210113164050117	  396   86    118   -221    560
20210113164050283	  396   86    118   -221    560
20210113164050450	  395   86    117   -221    561
20210113164050650	  396   85    118   -223    561
20210113164050817	  395   84    117   -224    560
20210113164050983	  394   85    115   -223    561
20210113164051150	  395   85    117   -222    560
20210113164051317	  397   85    120   -223    560
20210113164051417	  395   84    117   -224    561
20210113164051550	  397   85    120   -222    560
20210113164051617	  397   83    120   -225    560
20210113164051717	  396   84    118   -224    560
20210113164051784	  396   84    118   -224    561
20210113164051850	  396   84    118   -224    561
20210113164051984	  395   84    117   -224    561
20210113164052117	  396   84    119   -224    561
20210113164052217	  396   84    118   -224    560
20210113164052217	  397   83    120   -226    561
20210113164052484	  396   84    118   -224    561
20210113164052817	  397   84    120   -224    561
20210113164053284	  395   84    117   -225    562
20210113164053718	  397   83    120   -226    561
20210113164053918	  397   84    120   -225    562
20210113164054118	  396   82    119   -227    562
20210113164054284	  396   81    118   -228    560
20210113164054451	  398   82    121   -227    561
20210113164054651	  395   82    117   -228    562
20210113164054818	  396   82    119   -227    562
20210113164054984	  396   81    118   -229    561
20210113164055184	  396   82    119   -228    562
20210113164055351	  396   82    119   -227    562
20210113164055518	  396   82    118   -227    561
20210113164055685	  396   81    118   -229    561
20210113164055885	  395   81    117   -229    562
20210113164056051	  396   81    118   -229    561
20210113164056118	  396   81    119   -229    561
20210113164056218	  395   81    117   -229    562
20210113164056318	  396   80    118   -230    560
20210113164056418	  396   80    118   -230    560
20210113164056551	  396   80    118   -230    560
20210113164056652	  397   81    120   -229    561
20210113164056752	  396   81    118   -229    561
20210113164056885	  397   81    120   -229    561
20210113164056952	  396   81    118   -229    561
20210113164057085	  395   80    117   -230    561
20210113164057218	  396   81    118   -229    561
20210113164057318	  397   81    120   -229    561
20210113164057452	  397   81    120   -229    561
20210113164057618	  395   80    117   -230    561
20210113164057919	  397   81    120   -228    560
20210113164058352	  397   80    120   -230    560
20210113164058819	  397   80    120   -230    561
20210113164059152	  394   79    116   -232    561
20210113164059286	  395   79    117   -231    561
20210113164059386	  396   79    118   -231    561
20210113164059552	  396   79    118   -231    560
20210113164059919	  396   79    118   -231    561
20210113164100119	  395   79    117   -231    561
20210113164100286	  397   79    120   -232    561
20210113164100453	  396   79    119   -232    562
20210113164100619	  397   79    120   -232    562
20210113164100819	  395   77    117   -235    562
20210113164100986	  394   79    116   -232    563
20210113164101153	  395   78    117   -234    563
20210113164101353	  394   79    116   -232    563
20210113164101519	  395   78    117   -233    562
20210113164101719	  394   79    116   -232    563
20210113164101920	  396   79    119   -232    562
20210113164102086	  397   78    120   -234    563
20210113164102253	  394   78    116   -234    563
20210113164102453	  394   77    116   -235    563
20210113164102620	  395   78    117   -234    563
20210113164102820	  393   78    114   -234    563
20210113164103020	  395   77    117   -235    563
20210113164103187	  395   78    117   -234    563
20210113164103387	  396   78    119   -234    563
20210113164103553	  396   79    119   -232    563
20210113164103720	  395   78    117   -234    563
20210113164103920	  396   79    119   -233    564
20210113164104087	  396   78    119   -234    563
20210113164104287	  395   78    117   -234    563
20210113164104453	  395   78    117   -234    564
20210113164104654	  395   77    117   -235    563
20210113164104854	  395   77    118   -236    564
20210113164105020	  395   77    117   -235    564
20210113164105220	  395   77    118   -236    564
20210113164105387	  395   77    118   -236    564
20210113164105587	  395   77    117   -235    564
20210113164105754	  395   77    118   -236    564
20210113164105954	  395   78    118   -234    565
20210113164106121	  394   78    116   -234    564
20210113164106321	  394   77    116   -236    565
20210113164106487	  394   76    116   -237    565
20210113164106687	  394   77    116   -236    565
20210113164106887	  394   76    116   -238    565
20210113164107054	  396   77    119   -236    566
20210113164107254	  396   77    119   -236    565
20210113164107454	  395   77    118   -236    565
20210113164107621	  395   77    118   -236    565
20210113164107788	  394   76    116   -238    566
20210113164107988	  395   75    118   -239    566
20210113164108188	  395   77    118   -236    566
20210113164108354	  394   76    117   -238    566
20210113164108554	  395   77    118   -236    566
20210113164108755	  393   76    115   -238    567
20210113164108921	  394   75    116   -239    566
20210113164109121	  393   76    115   -238    566
20210113164109288	  395   76    118   -238    566
20210113164109488	  393   76    115   -238    567
20210113164109688	  395   76    118   -239    568
20210113164109855	  393   76    115   -239    568
20210113164110055	  394   75    117   -240    567
20210113164110255	  394   75    117   -240    568
20210113164110422	  394   75    117   -240    567
20210113164110622	  394   75    117   -240    568
20210113164110822	  394   75    117   -240    568
20210113164110988	  393   75    115   -240    568
20210113164111188	  393   75    116   -241    569
20210113164111389	  393   74    116   -242    568
20210113164111555	  394   74    117   -242    568
20210113164111755	  395   75    119   -241    569
20210113164111955	  394   74    117   -241    567
20210113164112122	  394   74    117   -241    567
20210113164112322	  393   74    116   -242    570
20210113164112489	  394   73    117   -243    568
20210113164112689	  394   73    117   -243    568
20210113164112822	  394   73    117   -243    568
20210113164112889	  394   73    117   -243    568
20210113164112956	  396   73    120   -244    569
20210113164113122	  395   73    118   -243    568
20210113164113156	  396   73    120   -243    568
20210113164113422	  395   73    118   -243    568
20210113164113856	  395   73    118   -243    569
20210113164114189	  395   72    118   -245    569
20210113164114389	  395   72    118   -245    569
20210113164114589	  395   72    119   -245    569
20210113164114756	  395   72    118   -245    568
20210113164114956	  395   71    118   -246    569
20210113164115156	  394   71    117   -246    569
20210113164115323	  396   71    120   -246    569
20210113164115523	  395   71    118   -246    569
20210113164115723	  395   71    119   -247    569
20210113164115890	  395   70    118   -248    569
20210113164116090	  396   70    120   -248    568
20210113164116257	  395   70    119   -248    569
20210113164116457	  394   69    117   -250    570
20210113164116657	  395   71    119   -247    570
20210113164116823	  396   69    120   -250    569
20210113164117023	  395   70    119   -248    569
20210113164117223	  395   69    119   -250    570
20210113164117390	  395   69    119   -250    569
20210113164117590	  396   69    120   -250    569
20210113164117790	  395   68    118   -251    569
20210113164117957	  395   68    119   -251    570
20210113164118157	  396   68    120   -251    569
20210113164118357	  395   68    119   -251    570
20210113164118524	  395   68    119   -251    569
20210113164118724	  394   68    117   -251    570
20210113164118924	  396   66    120   -255    570
20210113164119091	  396   66    120   -254    569
20210113164119291	  395   67    119   -253    571
20210113164119491	  395   67    119   -252    569
20210113164119657	  395   66    119   -254    569
20210113164119857	  396   65    120   -256    570
20210113164120024	  396   65    120   -256    570
20210113164120224	  396   66    120   -255    570
20210113164120424	  395   66    119   -255    570
20210113164120624	  394   66    118   -255    571
20210113164120791	  395   65    119   -256    571
20210113164120858	  394   66    118   -255    572
20210113164121058	  395   65    119   -256    571
20210113164121358	  395   65    119   -256    571
20210113164121558	  394   65    118   -257    572
20210113164121725	  395   65    119   -257    571
20210113164121925	  394   65    118   -257    573
20210113164122091	  394   65    118   -257    573
20210113164122291	  395   64    119   -258    571
20210113164122491	  395   64    119   -258    572
20210113164122658	  394   64    118   -258    572
20210113164122858	  395   64    119   -258    571
20210113164123058	  394   64    118   -259    572
20210113164123225	  396   64    120   -258    571
20210113164123425	  396   64    120   -257    570
20210113164123558	  395   63    119   -260    571
20210113164123725	  395   63    119   -260    571
20210113164124025	  397   62    122   -261    572
20210113164124192	  395   62    119   -261    571
20210113164124392	  397   62    122   -261    571
20210113164124559	  395   62    119   -261    571
20210113164124759	  396   61    121   -263    572
20210113164124959	  395   61    119   -263    572
20210113164125125	  395   61    119   -263    572
20210113164125325	  397   61    122   -262    571
20210113164125525	  397   61    122   -263    572
20210113164125692	  397   60    122   -264    571
20210113164125892	  397   60    122   -264    572
20210113164126059	  396   60    121   -265    573
20210113164126259	  397   60    122   -264    572
20210113164126459	  397   60    122   -264    572
20210113164126626	  396   60    121   -265    573
20210113164126826	  396   60    121   -264    572
20210113164126992	  396   60    121   -265    573
20210113164127193	  396   59    121   -266    573
20210113164127393	  397   59    122   -266    572
20210113164127559	  397   59    122   -266    572
20210113164127759	  396   59    121   -266    573
20210113164127926	  395   59    119   -266    573
20210113164128126	  396   58    121   -267    573
20210113164128326	  396   58    121   -267    572
20210113164128493	  396   57    121   -269    573
20210113164128693	  396   58    121   -267    572
20210113164128860	  397   58    122   -268    573
20210113164129060	  397   57    122   -269    573
20210113164129260	  396   57    121   -269    573
20210113164129426	  396   57    121   -269    572
20210113164129626	  396   56    121   -271    573
20210113164129827	  396   56    121   -271    573
20210113164129993	  396   56    121   -271    573
20210113164130193	  396   56    121   -270    572
20210113164130360	  397   55    122   -272    573
20210113164130493	  397   56    122   -271    573
20210113164130760	  396   55    121   -272    573
20210113164130960	  397   55    122   -272    573
20210113164131160	  397   55    122   -272    573
20210113164131294	  398   56    124   -270    572
20210113164131527	  397   55    122   -272    573
20210113164131694	  397   54    122   -273    572
20210113164131894	  396   54    121   -274    573
20210113164132094	  396   54    121   -274    574
20210113164132261	  397   54    122   -274    573
20210113164132461	  397   54    122   -274    573
20210113164132627	  397   53    122   -276    574
20210113164132827	  398   54    124   -274    573
20210113164133027	  398   53    124   -275    573
20210113164133194	  398   53    124   -275    574
20210113164133327	  397   53    122   -275    573
20210113164133427	  396   53    121   -276    574
20210113164133494	  398   53    124   -275    573
20210113164133627	  398   52    124   -277    573
20210113164133828	  397   52    122   -277    573
20210113164133961	  397   51    122   -278    574
20210113164134161	  397   52    123   -277    575
20210113164134261	  396   52    121   -278    575
20210113164134361	  396   52    121   -278    575
20210113164134528	  396   52    121   -277    575
20210113164134561	  397   51    123   -279    574
20210113164134561	  397   50    123   -280    574
20210113164134661	  397   50    123   -281    575
20210113164134761	  398   51    124   -278    573
20210113164134894	  397   50    123   -280    575
20210113164135095	  398   50    124   -280    573
20210113164135295	  397   50    123   -281    575
20210113164135428	  398   49    124   -281    574
20210113164135728	  399   49    125   -281    574
20210113164135895	  397   49    123   -282    575
20210113164135995	  398   48    124   -283    575
20210113164136261	  396   48    121   -283    575
20210113164136562	  398   48    124   -283    575
20210113164136695	  399   48    126   -283    575
20210113164137062	  398   48    124   -284    576
20210113164137162	  398   47    124   -285    575
20210113164137462	  399   48    126   -283    575
20210113164137895	  398   46    124   -287    575
20210113164138229	  397   48    123   -284    576
20210113164138595	  399   47    126   -285    576
20210113164138895	  398   44    124   -290    576
20210113164139296	  398   45    124   -288    576
20210113164139396	  399   46    126   -287    577
20210113164139496	  399   46    126   -287    576
20210113164139562	  399   44    126   -290    576
20210113164139862	  398   44    124   -290    577
20210113164140196	  398   44    124   -290    576
20210113164140596	  399   44    126   -290    576
20210113164140896	  398   43    124   -292    577
20210113164141329	  399   42    126   -294    577
20210113164141563	  399   42    126   -294    578
20210113164141763	  398   42    125   -293    577
20210113164141930	  397   44    123   -290    577
20210113164142063	  399   41    126   -295    577
20210113164142330	  399   41    126   -295    577
20210113164142496	  398   41    125   -295    577
20210113164142696	  398   42    124   -293    577
20210113164142896	  397   41    123   -295    577
20210113164143063	  398   41    125   -295    577
20210113164143263	  398   41    124   -295    577
20210113164143430	  399   40    126   -296    577
20210113164143630	  398   41    125   -295    577
20210113164143830	  398   40    124   -296    577
20210113164143997	  399   39    126   -298    577
20210113164144197	  399   39    126   -298    577
20210113164144397	  399   39    126   -298    577
20210113164144597	  399   39    126   -298    577
20210113164144764	  397   41    123   -296    578
20210113164144964	  401   38    129   -300    577
20210113164145164	  399   38    126   -300    578
20210113164145330	  398   39    125   -299    578
20210113164145530	  399   38    126   -300    579
20210113164145731	  397   40    123   -297    579
20210113164145897	  397   40    123   -297    579
20210113164145997	  399   38    126   -300    579
20210113164146231	  399   37    126   -302    579
20210113164146364	  399   37    126   -302    579
20210113164146664	  397   39    123   -299    579
20210113164146864	  399   37    126   -301    578
20210113164147031	  399   37    126   -302    578
20210113164147231	  399   37    126   -302    579
20210113164147398	  399   37    126   -302    579
20210113164147598	  399   36    126   -303    578
20210113164147798	  399   36    126   -303    579
20210113164147998	  399   36    126   -303    579
20210113164148165	  399   36    126   -303    578
20210113164148365	  400   35    128   -304    577
20210113164148565	  397   37    123   -301    578
20210113164148765	  399   35    126   -305    578
20210113164148931	  398   35    125   -305    579
20210113164149131	  398   37    124   -301    577
20210113164149332	  399   35    126   -305    579
20210113164149498	  399   35    126   -304    578
20210113164149698	  399   34    126   -306    578
20210113164149898	  399   34    126   -306    578
20210113164150065	  400   34    128   -306    578
20210113164150265	  400   34    128   -306    578
20210113164150465	  399   34    126   -306    579
20210113164150632	  399   33    126   -308    578
20210113164150832	  399   34    126   -306    578
20210113164151032	  399   32    126   -309    579
20210113164151232	  399   33    127   -308    579
20210113164151399	  399   33    127   -309    580
20210113164151599	  399   33    126   -308    579
20210113164151799	  400   32    128   -310    580
20210113164151999	  400   32    128   -310    580
20210113164152166	  400   31    128   -312    580
20210113164152366	  399   32    126   -310    579
20210113164152566	  399   32    126   -310    579
20210113164152732	  400   31    128   -312    580
20210113164152932	  399   31    126   -311    579
20210113164153132	  398   32    125   -310    580
20210113164153333	  400   30    128   -313    580
20210113164153499	  400   30    128   -313    580
20210113164153699	  398   31    125   -311    580
20210113164153899	  399   31    126   -311    579
20210113164154099	  399   30    127   -313    581
20210113164154266	  399   30    126   -313    579
20210113164154466	  398   30    125   -313    581
20210113164154700	  400   29    128   -315    581
20210113164154900	  400   28    128   -317    581
20210113164155066	  400   28    129   -317    582
20210113164155266	  399   29    127   -316    582
20210113164155466	  400   26    128   -320    581
20210113164155633	  399   29    127   -315    581
20210113164155833	  400   27    129   -318    582
20210113164156033	  400   27    129   -319    583
20210113164156200	  399   28    127   -317    581
20210113164156400	  399   28    127   -317    582
20210113164156600	  400   26    129   -320    583
20210113164156800	  399   27    127   -319    582
20210113164156967	  400   26    129   -320    582
20210113164157167	  400   26    129   -320    582
20210113164157367	  399   26    127   -320    582
20210113164157567	  399   26    127   -320    582
20210113164157767	  399   26    127   -320    582
20210113164157967	  400   24    129   -324    583
20210113164158167	  400   24    129   -324    583
20210113164158367	  400   24    129   -323    583
20210113164158567	  399   25    127   -322    584
20210113164158734	  400   25    129   -322    582
20210113164158934	  400   24    129   -324    583
20210113164159134	  400   24    129   -324    583
20210113164159301	  401   22    131   -328    585
20210113164159467	  400   23    129   -325    583
20210113164159734	  400   24    129   -324    583
20210113164159934	  400   23    129   -326    584
20210113164200134	  400   22    129   -327    584
20210113164200334	  400   23    129   -325    583
20210113164200534	  401   22    131   -327    584
20210113164200668	  399   22    128   -328    584
20210113164200901	  399   22    128   -328    585
20210113164201101	  401   21    131   -329    585
20210113164201301	  400   20    129   -331    585
20210113164201501	  401   21    130   -328    584
20210113164201701	  400   21    129   -328    583
20210113164201901	  400   20    129   -331    585
20210113164202101	  401   20    131   -331    584
20210113164202301	  401   20    131   -331    585
20210113164202501	  400   21    129   -329    584
20210113164202701	  399   20    128   -331    585
20210113164202902	  400   20    129   -331    584
20210113164203102	  400   20    129   -331    586
20210113164203302	  400   19    129   -333    586
20210113164203502	  401   20    131   -331    585
20210113164203702	  400   19    129   -332    585
20210113164203902	  401   19    131   -332    585
20210113164204102	  401   19    131   -332    585
20210113164204302	  401   18    131   -334    586
20210113164204502	  400   18    129   -333    584
20210113164204702	  401   18    131   -334    585
20210113164204902	  401   18    131   -334    585
20210113164205102	  400   17    129   -335    585
20210113164205302	  401   17    131   -336    585
20210113164205502	  401   17    131   -335    585
20210113164205702	  401   17    131   -335    585
20210113164205902	  400   18    129   -334    585
20210113164206102	  400   18    129   -334    584
20210113164206302	  401   16    131   -337    585
20210113164206502	  400   17    129   -336    585
20210113164206703	  401   16    131   -337    585
20210113164206903	  401   16    131   -337    585
20210113164207303	  401   15    131   -339    586
20210113164207503	  401   15    131   -339    586
20210113164207703	  401   15    131   -339    586
20210113164207903	  400   16    130   -339    587
20210113164208103	  401   15    131   -339    585
20210113164208303	  401   14    131   -340    585
20210113164208503	  401   14    131   -340    586
20210113164208703	  401   14    131   -341    586
20210113164208903	  401   14    131   -340    585
20210113164209103	  401   14    131   -341    586
20210113164209303	  401   14    131   -341    587
20210113164209503	  401   14    131   -342    587
20210113164209903	  401   14    132   -342    588
20210113164214771	  402   12    133   -345    589
