20210112160508604	  279  260    -60     39    638
20210112160508673	  279  260    -60     39    639
20210112160508708	  279  261    -60     40    638
20210112160508742	  279  260    -60     39    639
20210112160508776	  279  261    -60     40    637
20210112160508810	  279  261    -60     40    638
20210112160508877	  279  261    -60     40    638
20210112160508944	  280  260    -58     39    639
20210112160509011	  279  259    -60     37    640
20210112160509110	  278  259    -62     37    640
20210112160509143	  277  261    -63     40    638
20210112160509176	  278  260    -62     39    638
20210112160509209	  278  259    -62     37    640
20210112160509242	  278  261    -61     40    637
20210112160509308	  279  260    -60     39    639
20210112160509341	  278  261    -61     40    638
20210112160509407	  279  261    -60     40    638
20210112160509439	  278  261    -61     40    638
20210112160509472	  279  262    -60     42    637
20210112160509505	  279  261    -60     40    638
20210112160509571	  278  260    -62     39    639
20210112160509603	  279  260    -60     39    639
20210112160509636	  278  262    -61     42    637
20210112160509669	  278  261    -61     40    638
20210112160509669	  278  261    -61     40    638
20210112160509669	  279  260    -60     39    639
20210112160509767	  278  261    -61     40    638
20210112160509800	  279  260    -60     39    639
20210112160509800	  279  260    -60     39    639
20210112160509865	  278  261    -61     40    638
20210112160509898	  278  261    -62     40    639
20210112160509931	  278  261    -61     40    638
20210112160509963	  278  261    -61     40    638
20210112160510028	  279  262    -60     42    637
20210112160510093	  278  261    -61     40    638
20210112160510126	  278  261    -61     40    638
20210112160510158	  278  261    -62     40    638
20210112160510255	  279  262    -60     42    637
20210112160510288	  278  261    -62     40    638
20210112160510320	  279  262    -60     42    637
20210112160510385	  277  262    -63     42    637
20210112160510481	  279  261    -60     40    638
20210112160510513	  279  261    -60     40    638
20210112160510577	  280  262    -58     42    638
20210112160510609	  280  262    -58     42    638
20210112160510641	  280  262    -58     42    638
20210112160510705	  280  261    -58     40    638
20210112160510735	  279  261    -60     40    638
20210112160510802	  280  260    -58     39    639
20210112160510868	  278  260    -62     39    639
20210112160510868	  278  262    -61     42    637
20210112160510868	  280  262    -58     42    637
20210112160510868	  277  262    -63     42    637
20210112160511002	  278  262    -61     42    637
20210112160511101	  279  261    -60     40    638
20210112160511135	  278  260    -62     39    640
20210112160511168	  278  262    -61     42    638
20210112160511201	  278  262    -61     42    637
20210112160511268	  278  260    -62     39    639
20210112160511301	  278  262    -61     42    637
20210112160511368	  278  260    -62     39    639
20210112160511401	  278  260    -62     39    639
20210112160511435	  279  261    -60     40    638
20210112160511501	  278  260    -62     39    639
20210112160511535	  278  262    -61     42    637
20210112160511568	  279  261    -60     40    638
20210112160511602	  278  260    -62     39    639
20210112160511635	  278  263    -61     44    637
20210112160511668	  278  260    -62     39    639
20210112160511735	  279  262    -60     42    638
20210112160511802	  278  260    -62     39    639
20210112160511835	  278  260    -62     39    639
20210112160511901	  278  260    -62     39    639
20210112160511935	  278  260    -62     39    639
20210112160511935	  278  260    -62     39    639
20210112160512001	  278  261    -62     40    638
20210112160512068	  278  260    -62     39    639
20210112160512101	  278  260    -62     39    640
20210112160512167	  278  260    -62     39    639
20210112160512234	  278  262    -61     42    638
20210112160512267	  278  260    -62     39    639
20210112160512300	  278  261    -61     40    638
20210112160512334	  277  261    -63     40    639
20210112160512433	  278  262    -61     42    638
20210112160512467	  277  262    -63     42    638
20210112160512533	  278  260    -62     39    639
20210112160512567	  278  260    -62     39    639
20210112160512600	  278  262    -61     42    638
20210112160512633	  278  260    -62     39    639
20210112160512700	  277  260    -63     39    639
20210112160512733	  278  260    -62     39    639
20210112160512799	  278  260    -62     39    640
20210112160512899	  279  261    -60     40    638
20210112160512933	  278  260    -62     39    639
20210112160512966	  277  260    -63     39    639
20210112160513066	  278  262    -61     42    638
20210112160513100	  277  260    -63     39    639
20210112160513133	  277  261    -63     40    639
20210112160513166	  278  261    -62     40    639
20210112160513200	  277  261    -63     40    638
20210112160513233	  278  260    -62     39    639
20210112160513267	  278  260    -62     39    639
20210112160513333	  278  262    -61     42    638
20210112160513367	  278  260    -62     39    639
20210112160513400	  278  262    -61     42    637
20210112160513434	  278  260    -62     39    639
20210112160513467	  278  260    -62     39    639
20210112160513500	  278  260    -62     39    639
20210112160513534	  278  260    -62     39    639
20210112160513601	  278  260    -62     39    639
20210112160513634	  278  260    -62     39    639
20210112160513668	  277  261    -63     40    639
20210112160513734	  278  260    -62     39    640
20210112160513768	  278  260    -62     39    640
20210112160513801	  279  262    -60     42    637
20210112160513835	  277  262    -63     42    638
20210112160513936	  277  260    -63     39    639
20210112160513969	  278  260    -62     39    639
20210112160514003	  277  262    -63     42    638
20210112160514036	  277  262    -63     42    638
20210112160514070	  278  262    -61     42    638
20210112160514104	  278  262    -61     42    638
20210112160514104	  278  262    -61     42    638
20210112160514171	  277  262    -63     42    638
20210112160514171	  278  260    -62     39    639
20210112160514238	  277  262    -63     42    638
20210112160514272	  278  260    -62     39    639
20210112160514373	  277  261    -63     40    639
20210112160514407	  277  260    -63     39    639
20210112160514440	  278  260    -62     39    640
20210112160514474	  278  260    -62     39    639
20210112160514508	  277  260    -63     39    639
20210112160514575	  278  260    -62     39    639
20210112160514643	  278  260    -62     39    639
20210112160514643	  278  260    -62     39    639
20210112160514778	  277  262    -63     42    638
20210112160514811	  278  260    -62     39    639
20210112160514878	  278  260    -62     39    639
20210112160514912	  277  260    -63     39    639
20210112160514945	  278  260    -62     39    639
20210112160514978	  278  260    -62     39    640
20210112160515012	  278  262    -61     42    638
20210112160515045	  278  260    -62     39    640
20210112160515078	  278  262    -61     42    637
20210112160515112	  278  260    -62     39    639
20210112160515145	  278  260    -62     39    639
20210112160515178	  278  261    -62     40    638
20210112160515245	  278  260    -62     39    639
20210112160515278	  278  260    -62     39    639
20210112160515312	  278  260    -62     39    639
20210112160515345	  278  260    -62     39    639
20210112160515412	  278  260    -62     39    639
20210112160515412	  278  260    -62     39    639
20210112160515478	  278  260    -62     39    639
20210112160515512	  278  260    -62     39    639
20210112160515545	  278  260    -62     39    639
20210112160515545	  278  262    -62     42    638
20210112160515612	  278  260    -62     39    639
20210112160515645	  278  262    -61     42    638
20210112160515678	  278  262    -61     42    638
20210112160515745	  278  262    -61     42    638
20210112160515778	  278  261    -62     40    639
20210112160515778	  278  260    -62     39    639
20210112160515912	  278  260    -62     39    639
20210112160515945	  277  260    -63     39    640
20210112160515978	  278  261    -62     40    638
20210112160516012	  279  262    -60     42    636
20210112160516045	  281  260    -56     38    634
20210112160516078	  281  260    -56     38    631
20210112160516112	  283  259    -52     36    627
20210112160516145	  285  257    -49     33    625
20210112160516212	  285  256    -48     31    619
20210112160516245	  288  255    -43     29    616
20210112160516279	  288  255    -43     29    614
20210112160516312	  290  254    -40     27    612
20210112160516345	  288  251    -43     22    611
20210112160516412	  293  252    -34     24    603
20210112160516479	  296  250    -29     20    598
20210112160516512	  297  251    -28     22    595
20210112160516545	  296  249    -29     19    593
20210112160516612	  299  247    -24     15    586
20210112160516645	  302  247    -19     15    585
20210112160516679	  303  243    -18      9    582
20210112160516712	  303  243    -18      9    579
20210112160516745	  303  242    -18      7    576
20210112160516812	  304  240    -16      4    572
20210112160516945	  310  232     -7     -7    562
20210112160516979	  313  233     -2     -5    559
20210112160517012	  313  230     -2    -10    558
20210112160517112	  317  226      3    -15    550
20210112160517145	  318  225      4    -17    548
20210112160517179	  318  223      4    -19    546
20210112160517212	  321  222      8    -21    544
20210112160517245	  322  220     10    -24    542
20210112160517279	  320  217      7    -28    540
20210112160517312	  323  216     11    -29    537
20210112160517379	  326  213     15    -33    534
20210112160517412	  328  212     18    -34    533
20210112160517479	  329  206     19    -43    528
20210112160517512	  329  204     19    -45    526
20210112160517546	  333  202     25    -48    526
20210112160517612	  334  199     26    -52    523
20210112160517612	  336  197     28    -54    520
20210112160517679	  337  194     30    -58    517
20210112160517779	  339  189     32    -64    512
20210112160517846	  341  184     34    -70    509
20210112160517879	  341  181     34    -74    508
20210112160517979	  345  179     40    -77    507
20210112160518046	  346  179     41    -77    506
20210112160518079	  345  177     40    -79    506
20210112160518146	  347  175     42    -82    505
20210112160518212	  347  172     42    -86    506
20210112160518246	  347  173     42    -84    505
20210112160518312	  347  174     42    -83    504
20210112160518346	  348  171     43    -87    503
20210112160518446	  348  169     43    -89    502
20210112160518479	  347  168     42    -90    501
20210112160518512	  350  167     46    -92    501
20210112160518546	  349  168     44    -90    501
20210112160518679	  350  165     46    -94    500
20210112160518712	  351  165     47    -94    500
20210112160518779	  349  163     44    -97    500
20210112160518813	  351  164     47    -95    499
20210112160518913	  351  164     47    -95    499
20210112160518979	  352  162     48    -98    499
20210112160519013	  350  160     46   -101    499
20210112160519046	  352  161     48    -99    499
20210112160519079	  352  162     48    -98    499
20210112160519113	  352  161     48    -99    499
20210112160519146	  351  160     47   -101    499
20210112160519213	  352  156     48   -106    498
20210112160519246	  354  157     51   -104    498
20210112160519279	  355  157     52   -104    496
20210112160519313	  355  154     52   -108    496
20210112160519379	  354  156     50   -105    496
20210112160519413	  354  155     50   -106    495
20210112160519579	  356  152     53   -110    495
20210112160519679	  357  152     54   -110    495
20210112160519746	  356  151     53   -111    494
20210112160519813	  357  148     54   -115    494
20210112160519913	  356  148     53   -115    494
20210112160520113	  358  146     55   -117    493
20210112160520280	  357  146     54   -117    493
20210112160520313	  356  145     53   -119    493
20210112160520346	  358  145     55   -119    493
20210112160520380	  357  145     54   -119    492
20210112160520546	  360  144     58   -120    492
20210112160520780	  359  142     56   -122    492
20210112160520980	  360  143     58   -121    492
20210112160521148	  360  140     58   -125    491
20210112160521351	  360  139     58   -126    491
20210112160521587	  360  139     58   -126    490
20210112160521756	  362  140     60   -125    491
20210112160521992	  360  137     58   -128    490
20210112160522158	  362  138     60   -127    489
20210112160522391	  361  135     59   -131    490
20210112160522591	  362  133     60   -133    489
20210112160522791	  363  132     61   -134    489
20210112160522990	  364  134     63   -132    489
20210112160523190	  364  131     63   -136    489
20210112160523390	  362  131     60   -136    489
20210112160523623	  363  129     61   -138    489
20210112160523789	  363  129     61   -138    489
20210112160524022	  364  127     62   -141    489
20210112160524189	  365  130     64   -137    489
20210112160524389	  364  129     62   -138    489
20210112160524588	  363  132     61   -135    490
20210112160524788	  364  132     63   -135    490
20210112160524988	  363  128     61   -140    489
20210112160524988	  363  130     61   -137    490
20210112160525188	  365  128     64   -139    489
20210112160525221	  364  128     62   -139    489
20210112160525421	  365  127     64   -141    489
20210112160525621	  364  128     62   -139    489
20210112160525821	  366  126     65   -142    487
20210112160525887	  363  126     61   -142    487
20210112160525987	  364  127     62   -140    488
20210112160526020	  366  125     65   -143    487
20210112160526020	  366  125     65   -143    487
20210112160526087	  365  125     64   -143    487
20210112160526120	  365  126     64   -142    487
20210112160526154	  366  125     65   -143    487
20210112160526187	  364  126     62   -142    487
20210112160526220	  366  125     65   -143    487
20210112160526254	  366  125     65   -143    487
20210112160526287	  366  125     65   -143    487
20210112160526320	  367  125     66   -143    487
20210112160526387	  365  124     63   -144    487
20210112160526420	  365  123     64   -145    487
20210112160526453	  365  124     64   -144    487
20210112160526487	  365  125     63   -143    487
20210112160526520	  366  125     65   -143    487
20210112160526653	  366  126     65   -142    487
20210112160526853	  365  126     64   -142    487
20210112160526886	  366  125     65   -143    487
20210112160526953	  366  126     65   -142    487
20210112160527020	  366  126     65   -142    487
20210112160527086	  365  126     64   -142    487
20210112160527153	  364  124     62   -144    487
20210112160527220	  365  125     64   -143    487
20210112160527286	  366  124     65   -144    487
20210112160527319	  364  126     62   -142    487
20210112160527353	  365  124     64   -144    487
20210112160527419	  366  125     65   -143    487
20210112160527486	  363  124     61   -144    487
20210112160527486	  365  123     64   -145    487
20210112160527486	  365  122     63   -147    487
20210112160527586	  366  123     65   -145    487
20210112160527586	  346  156     45   -119    559
20210112160527586	  366  123     65   -145    487
20210112160527653	  367  123     66   -145    487
20210112160527686	  364  123     62   -145    487
20210112160527852	  365  123     63   -145    487
20210112160527919	  365  124     63   -144    487
20210112160528119	  365  124     64   -144    487
20210112160528319	  367  122     66   -146    487
20210112160528552	  365  125     64   -143    487
20210112160528718	  358  145     55   -119    494
20210112160528852	  355  151     52   -112    496
20210112160529051	  348  171     44    -87    507
20210112160529151	  346  176     41    -81    509
20210112160529318	  339  188     32    -66    516
20210112160529518	  329  203     19    -47    527
20210112160529751	  320  219      7    -25    544
20210112160529884	  314  229     -1    -11    557
20210112160529917	  312  229     -4    -11    559
20210112160529951	  313  231     -2     -8    561
20210112160529984	  312  232     -4     -7    565
20210112160530051	  306  238    -13      1    571
20210112160530117	  305  242    -15      7    577
20210112160530184	  298  246    -26     14    585
20210112160530251	  298  248    -26     17    593
20210112160530450	  292  250    -36     21    604
20210112160530650	  291  252    -38     24    605
20210112160530850	  290  254    -39     27    607
20210112160531050	  289  254    -41     27    611
20210112160531250	  289  254    -41     27    612
20210112160531450	  290  254    -40     28    616
20210112160531683	  288  254    -43     28    617
20210112160531883	  287  256    -45     31    615
20210112160532082	  289  255    -42     29    618
20210112160532249	  294  250    -33     21    604
20210112160532382	  298  247    -26     15    593
20210112160532416	  297  247    -27     16    593
20210112160532515	  300  243    -22      9    584
20210112160532549	  305  243    -15      9    580
20210112160532649	  307  239    -11      3    572
20210112160532682	  310  235     -7     -2    571
20210112160532749	  310  234     -7     -4    564
20210112160532815	  312  231     -4     -8    559
20210112160532882	  317  228      3    -12    553
20210112160532915	  319  225      5    -17    551
20210112160533015	  322  218     10    -27    544
20210112160533048	  323  218     11    -26    542
20210112160533082	  325  216     14    -29    540
20210112160533148	  326  212     15    -35    536
20210112160533282	  333  205     25    -44    529
20210112160533448	  338  193     31    -60    521
20210112160533648	  345  181     40    -75    511
20210112160533914	  354  163     51    -97    500
20210112160534147	  357  153     54   -109    496
20210112160534347	  360  148     58   -115    495
20210112160534581	  359  145     57   -119    494
20210112160534814	  362  144     60   -120    493
20210112160534914	  363  141     62   -124    493
20210112160535014	  362  141     60   -124    492
20210112160535080	  362  140     60   -125    492
20210112160535113	  362  142     60   -122    492
20210112160535180	  364  140     63   -125    492
20210112160535213	  365  142     64   -122    493
20210112160535247	  362  140     60   -125    492
20210112160535313	  364  139     63   -126    493
20210112160535380	  365  137     64   -129    492
20210112160535480	  365  135     64   -131    492
20210112160535780	  365  135     64   -131    491
20210112160535913	  365  135     64   -131    491
20210112160535979	  364  135     63   -131    491
20210112160536179	  365  131     64   -136    490
20210112160536213	  365  129     64   -139    490
20210112160536412	  366  130     65   -137    489
20210112160536646	  368  126     68   -142    488
20210112160536845	  367  128     66   -139    488
20210112160537078	  367  125     66   -143    488
20210112160537313	  368  125     67   -143    488
20210112160537547	  367  124     66   -144    487
20210112160537715	  369  123     69   -145    487
20210112160537950	  367  123     66   -145    487
20210112160538050	  369  123     69   -145    487
20210112160538184	  367  122     66   -147    487
20210112160538384	  368  124     68   -144    488
20210112160538617	  368  123     68   -146    488
20210112160538851	  368  119     67   -151    487
20210112160539118	  367  121     66   -148    487
20210112160539351	  367  120     66   -149    487
20210112160539551	  369  121     69   -148    488
20210112160539618	  371  120     71   -149    487
20210112160539818	  369  120     69   -149    487
20210112160540051	  369  119     69   -150    487
20210112160540251	  370  117     70   -153    487
20210112160540418	  369  118     69   -152    487
20210112160540451	  370  118     70   -152    487
20210112160540518	  368  117     67   -153    487
20210112160540551	  368  119     67   -150    487
20210112160540651	  371  118     71   -152    487
20210112160540751	  371  117     71   -153    487
20210112160540785	  368  117     67   -153    487
20210112160540985	  369  117     69   -153    487
20210112160541218	  368  116     67   -154    487
20210112160541418	  370  118     70   -152    487
20210112160541652	  370  116     70   -154    487
20210112160541918	  370  117     70   -153    487
20210112160542018	  369  118     69   -152    487
20210112160542218	  371  116     71   -154    487
20210112160542418	  371  116     71   -154    487
20210112160542685	  372  116     73   -154    487
20210112160542885	  371  115     71   -155    487
20210112160543119	  371  114     71   -157    487
20210112160543219	  370  117     70   -153    487
20210112160543419	  371  115     71   -155    487
20210112160543619	  372  116     73   -154    487
20210112160543785	  372  115     72   -155    487
20210112160543819	  371  114     71   -157    487
20210112160543919	  372  114     72   -157    487
20210112160543985	  369  115     69   -156    487
20210112160544052	  371  115     71   -155    487
20210112160544286	  371  115     71   -155    487
20210112160544519	  372  112     72   -159    486
20210112160544752	  367  131     67   -136    491
20210112160545019	  360  150     58   -113    497
20210112160545119	  356  158     54   -104    501
20210112160545319	  348  173     44    -85    507
20210112160545553	  338  189     31    -65    518
20210112160545786	  330  207     21    -42    534
20210112160545986	  320  224      7    -18    550
20210112160546119	  312  232     -4     -7    562
20210112160546253	  306  240    -13      4    575
20210112160546286	  305  241    -15      6    578
20210112160546319	  301  243    -21      9    582
20210112160546386	  302  248    -20     17    589
20210112160546419	  298  247    -26     15    593
20210112160546453	  296  248    -29     17    595
20210112160546486	  296  249    -29     19    596
20210112160546519	  295  249    -31     19    597
20210112160546519	  296  249    -29     19    597
20210112160546586	  297  249    -28     19    597
20210112160546619	  295  248    -31     17    596
20210112160546619	  296  249    -29     19    595
20210112160546753	  296  251    -29     22    597
20210112160546753	  295  252    -31     23    597
20210112160546853	  294  251    -33     22    600
20210112160546920	  294  250    -33     21    604
20210112160546986	  294  250    -33     21    604
20210112160547020	  293  251    -34     22    602
20210112160547086	  292  251    -36     22    603
20210112160547153	  293  253    -34     25    603
20210112160547286	  293  254    -34     27    606
20210112160547320	  292  252    -36     24    608
20210112160547453	  292  252    -36     24    606
20210112160547553	  291  252    -38     24    609
20210112160547620	  291  253    -38     26    609
20210112160547653	  291  253    -38     26    609
20210112160547886	  293  252    -35     24    611
20210112160548120	  290  254    -40     27    612
20210112160548353	  296  250    -30     21    600
20210112160548553	  301  242    -21      8    585
20210112160548587	  303  243    -18      9    581
20210112160548620	  305  242    -15      7    578
20210112160548653	  307  240    -11      4    577
20210112160548753	  311  234     -5     -4    569
20210112160548787	  312  232     -4     -7    567
20210112160548820	  313  232     -2     -7    562
20210112160548887	  315  229      0    -11    557
20210112160548953	  318  227      4    -14    553
20210112160549053	  321  221      8    -22    546
20210112160549120	  323  217     11    -28    542
20210112160549187	  326  213     15    -33    537
20210112160549253	  329  207     19    -41    533
20210112160549420	  335  198     27    -53    525
20210112160549454	  337  195     30    -57    523
20210112160549687	  345  179     40    -77    510
20210112160549754	  347  175     42    -82    507
20210112160549820	  350  168     46    -91    505
20210112160549854	  351  168     47    -91    504
20210112160549954	  355  158     52   -103    499
20210112160550020	  358  155     56   -107    497
20210112160550254	  360  146     58   -118    494
20210112160550487	  364  140     63   -125    492
20210112160550721	  365  137     64   -129    492
20210112160550954	  366  131     65   -136    489
20210112160551054	  367  131     66   -136    489
20210112160551321	  367  127     66   -141    489
20210112160551521	  367  127     66   -141    488
20210112160551754	  367  125     66   -143    488
20210112160552021	  368  124     68   -144    488
20210112160552188	  369  123     69   -145    487
20210112160552421	  367  122     66   -147    488
20210112160552654	  368  122     67   -147    488
20210112160552888	  370  119     70   -150    487
20210112160553121	  367  118     66   -152    487
20210112160553355	  368  117     67   -153    486
20210112160553488	  369  116     69   -154    487
20210112160553588	  367  117     66   -153    487
20210112160553821	  370  116     70   -154    487
20210112160554055	  367  114     66   -156    486
20210112160554288	  367  115     66   -155    486
20210112160554455	  368  115     67   -155    486
20210112160554688	  367  114     66   -156    486
20210112160554922	  369  113     68   -158    486
20210112160555155	  369  115     69   -155    487
20210112160555322	  371  114     71   -156    486
20210112160555522	  371  112     71   -158    485
20210112160555788	  370  113     70   -157    485
20210112160555988	  367  111     66   -160    486
20210112160556088	  369  113     68   -158    486
20210112160556322	  368  112     67   -159    486
20210112160556522	  370  111     70   -160    485
20210112160556755	  367  110     66   -161    486
20210112160556989	  368  108     67   -164    486
20210112160557155	  368  110     67   -162    486
20210112160557222	  369  108     68   -164    485
20210112160557456	  369  108     68   -164    486
20210112160557622	  368  112     67   -159    487
20210112160557789	  369  109     68   -163    486
20210112160558056	  369  110     68   -162    486
20210112160558289	  369  111     68   -160    486
20210112160558489	  367  110     66   -162    487
20210112160558656	  368  110     67   -161    486
20210112160558856	  370  108     70   -164    485
20210112160558989	  371  107     71   -165    486
20210112160559223	  368  109     67   -163    485
20210112160559456	  371  110     71   -162    486
20210112160559656	  371  107     71   -165    486
20210112160559923	  368  109     67   -163    486
20210112160600056	  370  111     70   -160    486
20210112160600323	  370  109     70   -163    486
20210112160600556	  368  109     67   -163    486
20210112160600790	  367  118     66   -151    486
20210112160600990	  361  136     59   -130    491
20210112160601056	  360  140     58   -125    493
20210112160601223	  355  154     52   -108    499
20210112160601690	  337  192     30    -61    519
20210112160601923	  326  211     15    -36    536
20210112160602157	  316  228      1    -12    556
20210112160602390	  303  242    -18      7    578
20210112160602623	  298  248    -26     17    595
20210112160602823	  295  248    -31     17    595
20210112160603090	  295  249    -31     19    599
20210112160603324	  295  252    -31     24    602
20210112160603357	  293  252    -34     24    603
20210112160603590	  291  252    -38     24    605
20210112160603824	  292  251    -36     22    605
20210112160604024	  291  252    -38     24    606
20210112160604191	  290  252    -39     24    608
20210112160604391	  293  251    -34     22    602
20210112160604624	  303  243    -18      9    580
20210112160604791	  309  235     -8     -2    569
20210112160604991	  315  226      0    -15    553
20210112160605124	  324  219     13    -25    543
20210112160605224	  328  211     18    -36    537
20210112160605291	  331  207     22    -41    533
20210112160605391	  333  201     25    -50    529
20210112160605624	  341  185     35    -70    514
20210112160605858	  349  170     45    -89    506
20210112160606091	  359  152     57   -110    495
20210112160606324	  363  142     62   -122    493
20210112160606491	  362  139     60   -126    492
20210112160606725	  364  138     63   -127    491
20210112160606958	  364  132     63   -135    490
20210112160607191	  366  129     65   -138    489
20210112160607425	  368  125     67   -143    487
20210112160607658	  368  124     67   -144    487
20210112160607892	  369  124     69   -144    488
20210112160608125	  369  122     69   -147    488
20210112160608358	  369  121     69   -148    487
20210112160608592	  370  119     70   -150    487
20210112160608825	  369  118     69   -152    487
20210112160609058	  370  118     70   -151    487
20210112160609292	  371  117     71   -153    487
20210112160609559	  371  112     71   -159    486
20210112160609759	  372  114     72   -156    486
20210112160609992	  372  112     72   -159    486
20210112160610225	  371  114     71   -156    486
20210112160610459	  370  114     70   -157    487
20210112160610692	  371  112     71   -159    485
20210112160610926	  372  113     72   -158    487
20210112160611126	  371  113     71   -158    487
20210112160611392	  370  113     70   -158    487
20210112160611559	  371  112     71   -159    487
20210112160611726	  373  113     74   -158    487
20210112160611892	  372  111     72   -160    486
20210112160612093	  372  109     72   -163    487
20210112160612226	  373  109     73   -163    486
20210112160612293	  370  109     70   -163    487
20210112160612393	  373  111     74   -160    486
20210112160612426	  373  111     74   -160    486
20210112160612526	  372  110     72   -162    487
20210112160612693	  373  110     74   -162    487
20210112160612759	  373  110     74   -162    487
20210112160612926	  374  109     75   -163    486
20210112160613059	  373  108     74   -164    486
20210112160613326	  373  107     74   -166    487
20210112160613560	  372  109     72   -163    486
20210112160613760	  372  107     72   -165    486
20210112160613960	  372  109     72   -163    486
20210112160614160	  374  108     75   -164    486
20210112160614393	  372  108     72   -164    486
20210112160614560	  371  108     71   -164    486
20210112160614693	  372  107     72   -166    487
20210112160614793	  372  108     72   -164    486
20210112160614927	  373  106     74   -167    487
20210112160614960	  374  108     75   -164    487
20210112160615093	  371  108     71   -164    487
20210112160615227	  372  108     72   -164    487
20210112160615360	  372  109     72   -163    487
20210112160615493	  373  106     74   -167    487
20210112160615627	  372  108     72   -164    486
20210112160615727	  372  109     72   -163    487
20210112160615860	  374  106     75   -167    487
20210112160615960	  372  108     72   -164    486
20210112160616094	  374  107     75   -165    487
20210112160616160	  372  108     72   -164    487
20210112160616294	  372  108     72   -164    486
20210112160616427	  374  107     75   -165    486
20210112160616560	  374  105     75   -168    486
20210112160616660	  372  104     72   -169    486
20210112160616794	  373  109     74   -163    487
20210112160616894	  370  117     70   -153    487
20210112160617027	  367  130     67   -138    491
20210112160617161	  363  141     62   -124    494
20210112160617261	  359  148     57   -116    497
20210112160617361	  355  158     52   -104    501
20210112160617394	  355  160     53   -101    503
20210112160617494	  350  167     46    -93    506
20210112160617694	  343  182     38    -74    513
20210112160617861	  337  196     30    -56    524
20210112160618027	  328  209     18    -39    535
20210112160618127	  323  217     11    -28    542
20210112160618261	  317  226      3    -15    553
20210112160618327	  312  232     -4     -7    560
20210112160618394	  309  234     -8     -4    566
20210112160618461	  306  238    -13      1    572
20210112160618527	  304  242    -16      7    579
20210112160618561	  302  244    -19     11    582
20210112160618561	  301  245    -21     12    582
20210112160618628	  299  246    -24     14    588
20210112160618628	  297  247    -27     15    591
20210112160618894	  297  249    -27     19    594
20210112160619061	  295  250    -31     20    595
20210112160619228	  295  249    -31     19    597
20210112160619528	  295  250    -31     20    601
20210112160619794	  292  250    -36     21    603
20210112160619994	  293  252    -34     24    603
20210112160620095	  293  252    -34     24    606
20210112160620195	  291  251    -38     22    605
20210112160620328	  293  252    -34     24    606
20210112160620395	  293  251    -34     22    606
20210112160620395	  294  251    -33     22    606
20210112160620561	  299  248    -24     17    593
20210112160620795	  305  239    -14      3    575
20210112160620895	  311  233     -5     -5    566
20210112160621128	  319  221      5    -22    549
20210112160621228	  326  216     15    -29    542
20210112160621362	  329  208     19    -40    534
20210112160621495	  338  199     32    -52    528
20210112160621628	  340  189     34    -65    516
20210112160621728	  343  180     38    -77    514
20210112160621862	  349  170     45    -89    508
20210112160621995	  354  160     51   -101    501
20210112160622095	  357  156     55   -106    498
20210112160622128	  359  152     57   -111    497
20210112160622228	  360  145     58   -119    494
20210112160622328	  361  142     59   -122    492
20210112160622395	  363  141     62   -124    492
20210112160622462	  363  137     62   -129    492
20210112160622595	  364  132     63   -135    490
20210112160622829	  367  127     66   -141    489
20210112160623129	  368  126     68   -142    489
20210112160623262	  368  125     68   -143    489
20210112160623362	  371  122     71   -147    488
20210112160623495	  369  122     69   -147    487
20210112160623529	  369  121     69   -148    488
20210112160623529	  370  121     70   -148    488
20210112160623629	  369  119     69   -150    487
20210112160623729	  370  120     70   -149    487
20210112160623829	  370  119     70   -150    487
20210112160623962	  370  118     70   -152    487
20210112160624029	  371  119     71   -150    487
20210112160624096	  372  119     73   -151    487
20210112160624196	  368  118     67   -152    487
20210112160624429	  370  117     70   -153    487
20210112160624529	  371  115     71   -155    487
20210112160624696	  371  114     71   -157    486
20210112160624962	  372  113     72   -158    487
20210112160625229	  371  113     71   -158    487
20210112160625396	  370  112     70   -159    486
20210112160625496	  372  113     72   -158    487
20210112160625563	  372  113     72   -158    487
20210112160625629	  371  111     71   -160    486
20210112160625729	  373  111     74   -160    486
20210112160625796	  373  111     74   -160    487
20210112160625863	  373  112     74   -159    487
20210112160625963	  372  110     72   -162    486
20210112160626063	  372  112     72   -159    487
20210112160626196	  373  110     74   -161    486
20210112160626229	  371  111     71   -160    487
20210112160626263	  371  110     71   -162    486
20210112160626329	  372  111     72   -160    487
20210112160626396	  373  111     74   -160    487
20210112160626429	  371  112     71   -159    487
20210112160626596	  371  111     71   -161    487
20210112160626830	  372  111     72   -160    487
20210112160626996	  373  109     74   -163    486
20210112160627296	  372  109     72   -163    486
20210112160627563	  372  110     72   -162    487
20210112160627830	  372  107     72   -165    486
20210112160628030	  372  110     72   -162    487
20210112160628130	  373  108     74   -164    486
20210112160628263	  374  107     75   -165    486
20210112160628397	  372  107     72   -165    485
20210112160628530	  370  107     70   -165    485
20210112160628663	  372  108     72   -164    486
20210112160628763	  369  108     68   -164    486
20210112160628863	  371  108     71   -164    486
20210112160628863	  372  105     72   -168    486
20210112160629163	  369  106     68   -167    486
20210112160629263	  371  107     71   -165    486
20210112160629397	  371  105     71   -167    485
20210112160629530	  372  107     72   -165    486
20210112160629564	  370  107     70   -165    486
20210112160629797	  372  107     72   -165    485
20210112160629864	  370  107     70   -165    486
20210112160629997	  372  107     72   -165    485
20210112160630164	  371  107     71   -165    486
20210112160630264	  370  105     69   -167    485
20210112160630430	  370  107     70   -165    486
20210112160630530	  371  107     71   -165    486
20210112160630664	  371  107     71   -165    485
20210112160630797	  372  108     72   -164    486
20210112160630931	  369  107     68   -165    485
20210112160631064	  368  108     67   -164    487
20210112160631164	  372  108     72   -164    486
20210112160631297	  369  106     68   -166    486
20210112160631431	  370  107     70   -165    485
20210112160631564	  371  105     71   -168    485
20210112160631664	  370  107     70   -165    485
20210112160631797	  369  107     68   -165    485
20210112160631931	  371  104     71   -169    485
20210112160632064	  371  105     71   -167    485
20210112160632198	  371  105     71   -168    485
20210112160632298	  371  104     71   -169    485
20210112160632431	  373  104     73   -169    485
20210112160632564	  370  105     70   -168    486
20210112160632698	  370  104     70   -169    485
20210112160632831	  372  103     72   -170    485
20210112160632931	  370  110     70   -162    486
20210112160633031	  366  121     65   -148    488
20210112160633098	  364  125     62   -143    489
20210112160633131	  364  127     63   -141    490
20210112160633231	  362  134     60   -132    491
20210112160633298	  360  142     58   -123    493
20210112160633331	  358  145     56   -119    495
20210112160633498	  355  157     52   -105    499
20210112160633731	  346  173     41    -85    508
20210112160633965	  335  195     27    -57    523
20210112160634131	  327  208     17    -40    533
20210112160634332	  319  222      5    -21    549
20210112160634465	  312  231     -4     -8    561
20210112160634598	  305  239    -14      3    574
20210112160634698	  301  244    -21     11    583
20210112160634832	  298  246    -26     14    589
20210112160634965	  298  247    -26     15    590
20210112160635065	  298  249    -26     19    593
20210112160635098	  297  246    -27     14    593
20210112160635298	  297  249    -28     19    594
20210112160635465	  295  249    -31     19    596
20210112160635598	  295  249    -31     19    599
20210112160635732	  295  250    -31     20    599
20210112160635832	  293  250    -34     20    598
20210112160635965	  293  251    -34     22    600
20210112160636099	  294  251    -33     22    602
20210112160636232	  294  251    -33     22    602
20210112160636365	  291  251    -37     22    603
20210112160636465	  293  251    -34     22    605
20210112160636599	  294  250    -32     20    597
20210112160636732	  303  242    -18      8    586
20210112160636865	  303  240    -18      4    577
20210112160636965	  311  235     -5     -2    567
20210112160637099	  314  229     -1    -11    557
20210112160637232	  322  221     10    -22    548
20210112160637366	  325  213     14    -33    538
20210112160637499	  330  204     21    -45    530
20210112160637599	  336  198     29    -53    526
20210112160637732	  341  188     35    -66    516
20210112160637866	  344  176     39    -81    510
20210112160637999	  350  169     46    -90    506
20210112160638132	  355  160     52   -101    500
20210112160638232	  358  149     56   -115    497
20210112160638366	  361  141     59   -124    492
20210112160638499	  362  138     60   -127    492
20210112160638633	  365  135     64   -131    491
20210112160638766	  365  129     64   -138    490
20210112160638866	  367  131     67   -136    490
20210112160638999	  368  128     68   -139    489
20210112160639133	  366  125     65   -143    489
20210112160639266	  368  125     68   -143    488
20210112160639399	  369  122     69   -147    487
20210112160639499	  369  123     69   -146    488
20210112160639633	  368  121     67   -148    487
20210112160639766	  369  121     69   -148    488
20210112160639900	  370  120     70   -149    487
20210112160640000	  370  119     70   -151    487
20210112160640133	  371  118     71   -152    487
20210112160640266	  370  117     70   -153    487
20210112160640400	  371  117     71   -153    487
20210112160640533	  370  117     70   -153    487
20210112160640633	  369  118     69   -152    488
20210112160640700	  372  114     72   -157    487
20210112160640766	  373  113     74   -158    487
20210112160640866	  369  114     69   -157    487
20210112160640900	  371  114     71   -157    487
20210112160640966	  371  115     71   -156    487
20210112160641100	  373  113     74   -158    486
20210112160641133	  372  115     72   -156    487
20210112160641267	  372  112     72   -159    486
20210112160641500	  371  111     71   -160    486
20210112160641767	  371  112     71   -159    487
20210112160641967	  371  110     71   -161    486
20210112160642167	  373  109     74   -163    486
20210112160642300	  371  110     71   -162    487
20210112160642400	  373  108     73   -164    485
20210112160642534	  372  108     72   -164    486
20210112160642600	  370  107     70   -165    485
20210112160642800	  372  108     72   -164    486
20210112160642934	  369  106     68   -166    485
20210112160643034	  372  108     72   -164    485
20210112160643167	  369  108     68   -164    486
20210112160643300	  372  107     72   -165    486
20210112160643434	  371  106     71   -166    485
20210112160643567	  370  107     70   -165    486
20210112160643667	  371  107     71   -165    485
20210112160643801	  370  104     70   -169    486
20210112160643934	  371  106     71   -166    486
20210112160644067	  372  104     72   -169    485
20210112160644201	  370  106     70   -166    485
20210112160644301	  371  105     71   -167    485
20210112160644434	  370  103     69   -170    485
20210112160644534	  371  106     71   -166    485
20210112160644601	  371  105     71   -168    485
20210112160644667	  370  105     70   -168    486
20210112160644767	  371  106     71   -166    486
20210112160644834	  370  105     70   -168    486
20210112160644901	  372  105     72   -167    485
20210112160645067	  370  103     69   -170    485
20210112160645101	  371  104     71   -169    485
20210112160645368	  370  105     70   -168    486
20210112160645601	  372  103     72   -170    485
20210112160645801	  371  103     71   -170    485
20210112160645968	  371  104     71   -169    486
20210112160646101	  371  103     71   -170    486
20210112160646201	  371  103     71   -170    485
20210112160646334	  373  102     73   -171    485
20210112160646468	  370  104     70   -169    486
20210112160646601	  371  102     71   -171    485
20210112160646701	  370  102     70   -171    485
20210112160646835	  372  102     72   -171    485
20210112160646968	  371  103     71   -170    486
20210112160647101	  373  103     73   -170    486
20210112160647235	  371  104     71   -169    486
20210112160647335	  371  103     71   -170    486
20210112160647435	  371  101     71   -172    484
20210112160647601	  371  103     71   -170    486
20210112160647735	  371  103     71   -170    485
20210112160647868	  372  100     72   -174    486
20210112160647968	  371  101     71   -172    485
20210112160648102	  372   99     72   -175    485
20210112160648235	  373  101     73   -173    486
20210112160648368	  372  103     72   -171    487
20210112160648502	  370  101     70   -173    485
20210112160648602	  373  102     73   -172    486
20210112160648735	  371  101     71   -173    486
20210112160648868	  373  101     73   -173    486
20210112160649002	  372  102     72   -172    486
20210112160649135	  368  117     67   -153    487
20210112160649235	  364  123     62   -146    489
20210112160649369	  362  135     60   -131    492
20210112160649502	  358  147     56   -117    496
20210112160649635	  353  158     50   -104    502
20210112160649769	  348  166     44    -94    505
20210112160649869	  344  175     39    -83    510
20210112160650035	  338  189     31    -65    518
20210112160650069	  336  193     28    -60    520
20210112160650269	  328  207     18    -41    533
20210112160650369	  324  214     12    -32    540
20210112160650502	  317  225      3    -17    552
20210112160650636	  311  232     -5     -7    565
20210112160650736	  306  240    -13      4    574
20210112160650902	  300  246    -23     14    586
20210112160651036	  300  246    -22     14    586
20210112160651136	  300  247    -23     15    589
20210112160651269	  298  249    -26     19    592
20210112160651402	  297  248    -28     17    594
20210112160651536	  296  248    -29     17    594
20210112160651669	  296  250    -29     20    597
20210112160651803	  294  248    -32     17    599
20210112160651903	  295  249    -31     19    598
20210112160652036	  295  251    -31     22    600
20210112160652169	  295  250    -31     20    599
20210112160652303	  292  249    -36     19    602
20210112160652469	  294  251    -33     22    601
20210112160652569	  294  251    -33     22    602
20210112160652703	  295  248    -31     17    597
20210112160652836	  302  245    -19     12    581
20210112160652969	  307  239    -11      3    575
20210112160653070	  308  236    -10     -1    567
20210112160653236	  316  227      1    -14    552
20210112160653370	  323  220     11    -24    544
20210112160653470	  326  213     15    -33    538
20210112160653603	  330  206     21    -43    530
20210112160653736	  337  197     30    -55    524
20210112160653870	  341  187     35    -67    515
20210112160654003	  346  175     41    -82    509
20210112160654136	  351  168     47    -91    504
20210112160654270	  355  158     52   -103    499
20210112160654370	  358  150     56   -113    495
20210112160654503	  363  141     62   -123    491
20210112160654637	  365  138     64   -127    492
20210112160654803	  365  134     64   -132    490
20210112160654937	  366  130     65   -137    489
20210112160655070	  367  127     66   -141    489
20210112160655203	  368  125     68   -143    489
20210112160655337	  368  124     67   -144    488
20210112160655503	  368  123     68   -146    488
20210112160655637	  370  122     70   -147    488
20210112160655770	  370  120     70   -149    487
20210112160655904	  371  119     71   -150    487
20210112160655970	  369  118     69   -152    487
20210112160656037	  369  118     69   -152    487
20210112160656104	  370  116     70   -154    487
20210112160656237	  372  116     72   -154    487
20210112160656537	  371  115     71   -155    487
20210112160656737	  370  115     70   -155    487
20210112160656871	  369  114     69   -157    487
20210112160657004	  370  113     70   -158    487
20210112160657137	  372  112     72   -159    486
20210112160657271	  373  110     73   -161    486
20210112160657404	  373  110     73   -161    486
20210112160657537	  373  110     73   -161    486
20210112160657704	  373  109     73   -163    486
20210112160657837	  371  112     71   -159    487
20210112160657904	  373  110     73   -161    486
20210112160658104	  371  111     71   -160    486
20210112160658238	  372  109     72   -163    486
20210112160658371	  372  109     72   -163    487
20210112160658504	  373  108     73   -164    486
20210112160658671	  373  109     73   -163    486
20210112160658804	  372  107     72   -165    486
20210112160658938	  372  108     72   -164    486
20210112160659071	  372  107     72   -165    485
20210112160659204	  370  107     70   -165    485
20210112160659338	  372  106     72   -166    485
20210112160659505	  371  106     71   -166    485
20210112160659638	  372  107     72   -165    485
20210112160659771	  372  106     72   -166    485
20210112160659938	  371  106     71   -166    485
20210112160700071	  371  105     71   -167    485
20210112160700205	  371  106     71   -166    485
20210112160700338	  373  105     73   -167    485
20210112160700471	  371  105     71   -167    485
20210112160700638	  373  104     73   -169    485
20210112160700772	  371  105     71   -167    485
20210112160700905	  371  105     71   -168    486
20210112160701072	  370  104     70   -169    485
20210112160701138	  371  103     71   -170    485
20210112160701305	  371  104     71   -169    485
20210112160701472	  371  102     71   -171    485
20210112160701638	  372  103     72   -170    485
20210112160701738	  372  101     72   -172    485
20210112160701905	  371  103     71   -170    486
20210112160702039	  373  101     73   -172    484
20210112160702205	  371  104     71   -169    486
20210112160702339	  372  103     72   -170    486
20210112160702472	  370  103     70   -170    486
20210112160702605	  372  102     72   -171    485
20210112160702772	  372  101     72   -172    485
20210112160702905	  372  101     72   -172    485
20210112160703039	  371  100     71   -174    485
20210112160703172	  373  101     73   -173    485
20210112160703339	  372  103     72   -170    486
20210112160703472	  373  100     73   -174    485
20210112160703606	  370  101     70   -173    485
20210112160703739	  372  101     72   -173    485
20210112160703906	  371  101     71   -172    485
20210112160704039	  372  101     72   -172    485
20210112160704172	  371  103     71   -171    487
20210112160704306	  371  102     71   -171    485
20210112160704472	  373  101     73   -173    485
20210112160704606	  374  101     75   -173    485
20210112160704706	  371  101     71   -172    485
20210112160704873	  373  101     73   -173    485
20210112160705039	  371   99     71   -175    485
20210112160705173	  373  104     73   -169    485
20210112160705306	  365  119     64   -151    488
20210112160705473	  362  130     60   -137    490
20210112160705606	  361  142     60   -123    496
20210112160705739	  355  152     52   -111    500
20210112160705873	  351  163     47    -97    503
20210112160706040	  344  175     39    -83    511
20210112160706173	  339  185     33    -71    520
20210112160706440	  328  209     18    -39    537
20210112160706606	  320  222      7    -21    551
20210112160706740	  311  231     -5     -8    562
20210112160706873	  306  239    -13      3    577
20210112160707173	  300  245    -23     12    586
20210112160707306	  299  247    -24     15    590
20210112160707440	  298  247    -26     15    592
20210112160707573	  298  247    -26     15    593
20210112160707740	  296  247    -29     16    595
20210112160707873	  296  247    -29     16    598
20210112160708007	  295  249    -31     19    597
20210112160708173	  296  249    -29     19    598
20210112160708307	  295  249    -31     19    599
20210112160708440	  293  250    -34     20    598
20210112160708573	  296  251    -29     22    601
20210112160708740	  295  251    -31     22    599
20210112160708873	  298  246    -26     14    590
20210112160709007	  303  241    -18      6    577
20210112160709140	  308  236    -10     -1    569
20210112160709307	  316  229      1    -11    555
20210112160709440	  321  220      8    -24    545
20210112160709574	  326  213     15    -33    539
20210112160709707	  330  205     21    -44    529
20210112160709874	  338  193     31    -60    519
20210112160710007	  343  183     37    -72    512
20210112160710140	  349  171     45    -87    506
20210112160710274	  353  163     50    -97    501
20210112160710441	  357  149     54   -114    494
20210112160710574	  364  140     63   -125    491
20210112160710707	  364  135     63   -131    491
20210112160710841	  366  131     65   -136    489
20210112160711007	  368  125     67   -143    487
20210112160711141	  368  125     68   -143    488
20210112160711307	  367  120     66   -149    487
20210112160711441	  370  121     70   -148    487
20210112160711574	  371  119     71   -150    487
20210112160711741	  370  119     70   -150    487
20210112160711874	  370  116     70   -154    487
20210112160712008	  372  115     72   -155    487
20210112160712174	  371  115     71   -155    487
20210112160712308	  371  115     71   -156    487
20210112160712441	  371  111     71   -160    486
20210112160712574	  372  114     72   -157    486
20210112160712741	  373  112     73   -159    486
20210112160712874	  371  113     71   -158    487
20210112160712974	  370  112     70   -159    486
20210112160713075	  372  111     72   -160    486
20210112160713208	  371  111     71   -160    486
20210112160713441	  371  110     71   -162    486
20210112160713575	  372  110     72   -161    486
20210112160713675	  372  111     72   -160    487
20210112160713808	  372  109     72   -163    486
20210112160714008	  374  110     75   -162    487
20210112160714141	  373  108     73   -164    485
20210112160714308	  372  107     72   -165    486
20210112160714442	  374  108     75   -164    486
20210112160714575	  373  108     73   -164    486
20210112160714708	  375  104     76   -169    485
20210112160714875	  372  107     72   -165    485
20210112160715008	  373  106     73   -166    486
20210112160715142	  375  105     76   -168    486
20210112160715308	  374  106     75   -166    486
20210112160715442	  374  104     75   -169    486
20210112160715575	  373  106     74   -167    486
20210112160715709	  372  104     72   -169    486
20210112160715875	  373  103     74   -171    487
20210112160716009	  373  105     74   -168    487
20210112160716142	  374  103     75   -170    486
20210112160716275	  373  105     74   -168    487
20210112160716442	  374  105     75   -168    487
20210112160716575	  374  104     75   -169    487
20210112160716709	  375  103     76   -171    487
20210112160716842	  376  103     77   -170    486
20210112160717009	  374  102     75   -172    486
20210112160717142	  375  102     76   -172    487
20210112160717242	  374  103     75   -171    487
20210112160717409	  373  103     74   -170    486
20210112160717542	  374  105     75   -168    487
20210112160717709	  376  101     77   -173    486
20210112160717876	  374  102     75   -172    487
20210112160718009	  373  103     74   -171    487
20210112160718143	  374  102     75   -172    487
20210112160718276	  374  101     75   -173    486
20210112160718443	  375  100     76   -174    486
20210112160718576	  375  100     76   -174    486
20210112160718709	  374  101     75   -173    486
20210112160718843	  375  101     76   -173    486
20210112160719009	  373  102     74   -172    486
20210112160719143	  374  101     75   -173    486
20210112160719276	  376  101     77   -173    487
20210112160719443	  374  102     75   -172    487
20210112160719576	  374  100     75   -174    486
20210112160719710	  376   99     77   -175    486
20210112160719843	  374  101     75   -173    487
20210112160720010	  375  101     76   -173    487
20210112160720143	  373  100     73   -174    486
20210112160720276	  375  101     76   -174    488
20210112160720443	  375  102     76   -172    487
20210112160720576	  376   99     77   -175    485
20210112160720710	  376  100     77   -174    487
20210112160720877	  375  102     76   -172    487
20210112160721010	  373  101     74   -173    487
20210112160721143	  375  100     76   -174    487
20210112160721277	  376  101     77   -173    487
20210112160721443	  369  119     69   -151    489
20210112160721577	  368  125     68   -144    491
20210112160721710	  365  138     65   -128    495
20210112160721844	  358  148     56   -116    498
20210112160722010	  353  162     50    -99    504
20210112160722144	  347  171     43    -88    510
20210112160722277	  343  182     38    -75    518
20210112160722410	  338  195     31    -57    525
20210112160722510	  331  203     22    -47    533
20210112160722710	  323  220     11    -24    547
20210112160722844	  316  227      1    -14    558
20210112160723010	  308  240    -10      4    575
20210112160723144	  302  245    -19     12    586
20210112160723277	  303  245    -18     12    586
20210112160723411	  300  246    -23     14    587
20210112160723511	  299  247    -24     15    590
20210112160723711	  297  246    -27     14    592
20210112160723844	  299  249    -24     19    593
20210112160723977	  296  248    -29     17    594
20210112160724077	  297  249    -28     19    596
20210112160724277	  297  249    -28     19    598
20210112160724411	  295  249    -31     19    599
20210112160724544	  294  250    -32     20    599
20210112160724677	  294  249    -33     19    600
20210112160724844	  293  250    -34     20    601
20210112160724977	  298  248    -26     17    593
20210112160725111	  304  242    -16      7    579
20210112160725178	  306  241    -13      6    576
20210112160725411	  313  230     -2    -10    558
20210112160725544	  321  223      8    -20    549
20210112160725678	  326  215     15    -31    540
20210112160725811	  329  206     19    -43    530
20210112160725978	  337  195     30    -57    522
20210112160726111	  344  184     39    -71    514
20210112160726244	  348  173     44    -85    507
20210112160726411	  356  162     54    -98    501
20210112160726545	  356  150     53   -113    496
20210112160726678	  362  141     60   -124    492
20210112160726811	  365  134     64   -132    490
20210112160726978	  366  129     65   -138    489
20210112160727111	  369  126     69   -142    488
20210112160727245	  368  125     67   -143    488
20210112160727378	  369  120     69   -149    487
20210112160727545	  368  116     67   -154    486
20210112160727678	  368  116     67   -154    486
20210112160727812	  368  115     67   -155    486
20210112160727945	  369  116     69   -154    487
20210112160728112	  367  113     66   -158    486
20210112160728245	  367  112     66   -159    486
20210112160728378	  370  111     70   -160    485
20210112160728512	  371  111     71   -160    485
20210112160728678	  371  111     71   -160    485
20210112160728812	  368  111     67   -160    487
20210112160728945	  367  110     66   -161    485
20210112160729079	  370  113     70   -158    486
20210112160729212	  369  110     68   -162    486
20210112160729379	  371  107     71   -165    485
20210112160729512	  371  108     71   -164    486
20210112160729645	  370  107     70   -165    485
20210112160729779	  372  107     72   -165    485
20210112160729945	  370  107     70   -165    486
20210112160730079	  372  107     72   -165    485
20210112160730245	  370  104     70   -169    485
20210112160730379	  370  106     70   -166    486
20210112160730512	  371  104     71   -169    485
20210112160730679	  371  102     71   -171    485
20210112160730812	  370  103     69   -170    484
20210112160730946	  372  103     72   -170    485
20210112160731112	  371  105     71   -168    486
20210112160731246	  370  101     69   -172    485
20210112160731379	  370  102     70   -171    485
20210112160731512	  370  100     69   -173    484
20210112160731679	  371  104     71   -169    486
20210112160731813	  374  100     74   -174    484
20210112160731946	  371  103     71   -170    486
20210112160732113	  373  101     73   -173    485
20210112160732213	  372  101     72   -172    485
20210112160732379	  371  102     71   -171    486
20210112160732546	  372  101     72   -173    486
20210112160732679	  373  101     73   -173    486
20210112160732813	  369  101     68   -172    485
20210112160732946	  372  101     72   -173    485
20210112160733113	  372  102     72   -172    486
20210112160733246	  372  100     72   -174    485
20210112160733380	  369  100     68   -174    485
20210112160733513	  372   99     72   -175    485
20210112160733680	  370   99     70   -175    485
20210112160733813	  372   99     72   -175    484
20210112160733980	  371   97     71   -177    484
20210112160734113	  372  101     72   -173    486
20210112160734247	  372  100     72   -174    485
20210112160734413	  371   99     71   -175    485
20210112160734547	  372   99     72   -175    485
20210112160734713	  372   98     72   -176    485
20210112160734847	  371   98     71   -176    485
20210112160735013	  371   99     71   -175    485
20210112160735147	  374  100     75   -174    486
20210112160735314	  372  100     72   -174    485
20210112160735447	  373   97     73   -177    484
20210112160735614	  371   99     71   -175    485
20210112160735747	  372  101     72   -173    486
20210112160735914	  371   98     71   -176    485
20210112160736047	  373   98     73   -176    484
20210112160736214	  371   99     71   -175    485
20210112160736347	  373   98     73   -176    485
20210112160736814	  373   97     73   -177    485
20210112160736981	  374   98     75   -177    486
20210112160737147	  372   99     72   -175    486
20210112160737281	  372   98     72   -177    486
20210112160737447	  371  104     71   -169    485
20210112160737581	  367  116     66   -154    487
20210112160737748	  363  127     61   -141    491
20210112160737881	  359  143     57   -122    496
20210112160738048	  354  152     51   -111    499
20210112160738181	  350  164     46    -97    507
20210112160738348	  342  178     36    -79    514
20210112160738514	  336  195     29    -57    525
20210112160738681	  328  209     18    -39    534
20210112160738814	  322  217     10    -28    544
20210112160738981	  315  229      0    -11    560
20210112160739115	  307  239    -11      3    575
20210112160739281	  301  243    -21      9    586
20210112160739415	  303  244    -18     11    585
20210112160739581	  301  247    -21     15    589
20210112160739748	  300  245    -23     12    590
20210112160739915	  299  247    -24     15    593
20210112160740048	  299  249    -24     19    594
20210112160740215	  295  248    -31     17    594
20210112160740348	  296  248    -29     17    595
20210112160740515	  297  250    -28     20    596
20210112160740648	  294  249    -32     19    597
20210112160740815	  297  250    -28     20    598
20210112160740948	  294  250    -32     20    598
20210112160741415	  310  234     -7     -4    563
20210112160741582	  318  224      4    -18    551
20210112160741748	  325  215     14    -31    539
20210112160741882	  329  207     19    -41    533
20210112160742049	  337  197     30    -54    523
20210112160742215	  344  182     39    -74    513
20210112160742382	  348  171     44    -87    507
20210112160742515	  354  159     51   -102    500
20210112160742682	  360  148     58   -115    495
20210112160742749	  362  143     60   -121    493
20210112160742982	  363  133     61   -134    491
20210112160743149	  366  130     65   -137    489
20210112160743315	  367  125     66   -143    487
20210112160743482	  370  121     70   -148    487
20210112160743616	  369  121     69   -148    487
20210112160743782	  370  117     70   -153    487
20210112160743949	  370  117     70   -153    487
20210112160744082	  371  116     71   -154    488
20210112160744249	  370  114     70   -157    487
20210112160744416	  371  113     71   -158    487
20210112160744583	  372  110     72   -161    486
20210112160744716	  371  110     71   -161    486
20210112160744883	  371  110     71   -162    486
20210112160745049	  371  108     71   -164    487
20210112160745183	  372  108     72   -164    486
20210112160745349	  373  110     74   -162    487
20210112160745516	  373  108     73   -164    486
20210112160745649	  375  106     76   -167    486
20210112160745816	  372  106     72   -166    486
20210112160745950	  372  108     72   -164    486
20210112160746016	  373  106     74   -167    486
20210112160746083	  375  105     76   -168    486
20210112160746116	  374  106     75   -166    486
20210112160746216	  375  105     76   -168    487
20210112160746383	  372  105     72   -168    486
20210112160746616	  374  105     75   -168    486
20210112160746816	  373  106     74   -167    486
20210112160747083	  376  106     77   -167    487
20210112160747283	  376  102     77   -171    486
20210112160747417	  375  104     76   -169    486
20210112160747483	  375  104     76   -169    486
20210112160747750	  374  103     75   -170    486
20210112160747817	  375  102     76   -171    486
20210112160747950	  374  104     75   -169    486
20210112160748050	  376  102     77   -172    486
20210112160748117	  374  102     75   -172    486
20210112160748250	  374  102     75   -171    486
20210112160748383	  375  104     76   -169    486
20210112160748484	  374  104     75   -169    487
20210112160748617	  373  101     73   -173    486
20210112160748684	  376  104     77   -169    487
20210112160748850	  375  101     76   -173    486
20210112160749050	  374  104     75   -169    486
20210112160749150	  374  102     75   -172    486
20210112160749284	  373  102     74   -172    486
20210112160749450	  372  100     72   -174    485
20210112160749750	  376  101     77   -173    486
20210112160749884	  374  103     75   -171    487
20210112160749984	  374  102     75   -172    486
20210112160750084	  375  103     76   -171    487
20210112160750284	  374  101     75   -173    485
20210112160750484	  374  101     75   -173    486
20210112160750684	  373  102     74   -172    486
20210112160750917	  373   99     73   -175    485
20210112160751084	  375   98     76   -177    486
20210112160751251	  375   99     76   -175    485
20210112160751518	  375  100     76   -174    485
20210112160751784	  376  100     77   -174    486
20210112160752084	  375  100     76   -174    486
20210112160752251	  375  100     76   -174    485
20210112160752284	  374   99     75   -175    486
20210112160752351	  375   99     76   -175    486
20210112160752651	  375   98     76   -176    485
20210112160752885	  375   99     76   -175    486
20210112160753018	  375   99     76   -175    486
20210112160753151	  375   99     76   -175    485
20210112160753285	  374   97     75   -178    486
20210112160753485	  375  100     76   -174    485
20210112160753651	  369  121     69   -148    489
20210112160753818	  367  128     66   -140    490
20210112160753985	  362  145     61   -120    497
20210112160754118	  355  153     52   -110    499
20210112160754152	  355  156     52   -106    499
20210112160754418	  344  180     39    -77    514
20210112160754618	  333  198     25    -53    527
20210112160754785	  328  211     18    -36    538
20210112160754918	  323  221     11    -22    547
20210112160755085	  313  232     -2     -7    562
20210112160755252	  304  241    -16      6    578
20210112160755385	  301  244    -21     11    583
20210112160755552	  301  244    -21     11    586
20210112160755719	  300  247    -23     15    589
20210112160755852	  299  247    -24     15    588
20210112160755952	  298  247    -26     15    591
20210112160756152	  299  249    -24     19    594
20210112160756352	  298  249    -26     19    596
20210112160756519	  297  248    -28     17    596
20210112160756652	  297  250    -28     20    596
20210112160756819	  298  249    -26     19    596
20210112160756986	  296  249    -29     19    598
20210112160757152	  298  247    -26     15    593
20210112160757286	  304  242    -16      7    579
20210112160757452	  309  235     -8     -2    568
20210112160757619	  317  227      3    -14    553
20210112160757786	  324  216     13    -29    542
20210112160757919	  328  209     18    -39    534
20210112160758086	  335  198     27    -53    526
20210112160758119	  334  198     26    -53    526
20210112160758153	  339  194     33    -58    521
20210112160758353	  346  178     41    -79    511
20210112160758553	  351  163     47    -97    502
20210112160758886	  364  136     63   -130    491
20210112160759019	  366  133     65   -133    490
20210112160759186	  369  128     69   -139    489
20210112160759319	  369  124     69   -144    488
20210112160759486	  371  119     71   -151    487
20210112160759620	  371  115     71   -155    487
20210112160759820	  370  116     70   -154    487
20210112160759953	  371  114     71   -156    486
20210112160800120	  370  112     70   -159    485
20210112160800253	  371  113     71   -158    486
20210112160800420	  373  113     74   -158    487
20210112160800586	  371  112     71   -159    486
20210112160800753	  373  112     74   -159    486
20210112160800887	  374  109     75   -163    486
20210112160801053	  373  108     73   -164    486
20210112160801220	  374  108     75   -164    486
20210112160801387	  373  106     73   -166    486
20210112160801520	  374  107     75   -165    486
20210112160801687	  372  103     72   -170    486
20210112160801853	  373  105     73   -168    486
20210112160801987	  374  105     75   -168    486
20210112160802154	  373  104     73   -169    486
20210112160802320	  374  104     75   -169    486
20210112160802454	  375  103     76   -170    486
20210112160802620	  374  103     75   -170    486
20210112160802787	  373  102     73   -171    486
20210112160802954	  373  103     74   -171    487
20210112160803120	  373  103     74   -170    486
20210112160803254	  375  102     76   -171    486
20210112160803421	  375  102     76   -172    487
20210112160803587	  373  104     74   -169    487
20210112160803721	  375  100     76   -174    485
20210112160803887	  373  102     73   -171    485
20210112160804054	  375  100     76   -174    485
20210112160804221	  374  101     75   -173    486
20210112160804354	  374  102     75   -172    487
20210112160804521	  372   98     72   -176    484
20210112160804654	  372   99     72   -175    484
20210112160804854	  372   99     72   -175    485
20210112160804988	  373  100     73   -174    484
20210112160805154	  373   99     73   -175    484
20210112160805321	  373   99     73   -175    484
20210112160805488	  372   97     72   -177    484
20210112160805621	  372   97     72   -177    484
20210112160805788	  371   97     71   -178    485
20210112160805955	  373   99     73   -175    485
20210112160806088	  373   97     73   -177    484
20210112160806255	  372   98     72   -176    485
20210112160806421	  373   98     73   -176    485
20210112160806588	  373   98     73   -176    485
20210112160806721	  373   97     73   -177    484
20210112160806888	  373   98     73   -176    485
20210112160807055	  372   98     72   -176    485
20210112160807188	  371   96     71   -178    484
20210112160807355	  371   97     71   -177    484
20210112160807522	  372   98     72   -176    485
20210112160807688	  374   96     74   -179    484
20210112160807822	  373   97     73   -177    485
20210112160807988	  372   95     72   -180    484
20210112160808155	  374   94     74   -180    483
20210112160808322	  374   98     75   -176    485
20210112160808489	  374   95     74   -179    483
20210112160808622	  372   95     72   -180    484
20210112160808789	  372   96     72   -179    484
20210112160808955	  373   96     73   -179    484
20210112160809055	  372   96     72   -178    484
20210112160809189	  373   95     73   -180    485
20210112160809422	  373   94     73   -181    484
20210112160809589	  373  100     73   -174    484
20210112160809756	  367  117     66   -153    487
20210112160809889	  364  124     62   -144    489
20210112160809989	  360  131     58   -136    491
20210112160810122	  359  145     57   -120    497
20210112160810189	  356  147     53   -117    497
20210112160810389	  350  167     46    -93    507
20210112160810489	  343  175     37    -83    511
20210112160810556	  342  180     36    -76    512
20210112160810689	  335  193     27    -60    523
20210112160810822	  329  205     19    -44    532
20210112160810956	  324  215     13    -31    542
20210112160811289	  306  238    -13      1    572
20210112160811456	  303  243    -18      9    582
20210112160811723	  301  245    -21     12    585
20210112160811989	  300  247    -23     15    590
20210112160812156	  300  245    -23     12    592
20210112160812323	  298  248    -26     17    592
20210112160812423	  298  248    -26     17    593
20210112160812523	  299  247    -24     16    595
20210112160812590	  296  248    -29     17    593
20210112160812656	  297  249    -27     19    594
20210112160812690	  297  249    -27     19    593
20210112160812790	  298  248    -26     17    596
20210112160812856	  297  249    -28     19    595
20210112160812856	  297  249    -28     19    595
20210112160812856	  295  249    -31     19    595
20210112160812956	  297  249    -28     19    598
20210112160813190	  297  249    -28     19    595
20210112160813290	  301  245    -21     12    584
20210112160813356	  306  241    -13      6    579
20210112160813390	  305  242    -15      7    577
20210112160813556	  312  232     -4     -7    565
20210112160813656	  314  229     -1    -11    557
20210112160813756	  319  224      5    -18    549
20210112160813823	  321  219      8    -25    544
20210112160813923	  325  214     14    -32    538
20210112160813990	  329  209     19    -39    534
20210112160814023	  329  206     19    -43    534
20210112160814023	  332  204     24    -46    535
20210112160814157	  337  198     30    -53    526
20210112160814257	  340  188     34    -66    518
20210112160814523	  350  170     46    -89    506
20210112160814623	  353  160     50   -101    502
20210112160814823	  359  146     57   -118    494
20210112160814923	  365  139     64   -126    492
20210112160814990	  363  135     61   -131    490
20210112160815123	  366  131     65   -136    489
20210112160815223	  365  130     64   -137    489
20210112160815257	  366  129     65   -138    489
20210112160815324	  368  127     68   -140    488
20210112160815424	  368  126     67   -142    488
20210112160815457	  368  123     67   -145    487
20210112160815490	  370  123     70   -145    487
20210112160815557	  370  122     70   -147    488
20210112160815590	  368  121     67   -148    488
20210112160815724	  369  120     69   -149    487
20210112160815790	  371  121     71   -148    487
20210112160815924	  371  118     71   -151    487
20210112160815990	  371  117     71   -153    487
20210112160816257	  370  116     70   -154    487
20210112160816357	  371  114     71   -157    487
20210112160816490	  373  114     74   -157    487
20210112160816590	  370  111     70   -160    486
20210112160816724	  371  111     71   -160    487
20210112160816891	  373  111     74   -160    486
20210112160817224	  372  109     72   -163    486
20210112160817591	  374  104     75   -169    485
20210112160817924	  373  107     73   -165    485
20210112160818258	  373  105     74   -168    486
20210112160818591	  374  105     75   -168    486
20210112160818924	  374  104     75   -169    486
20210112160819291	  375  101     76   -173    486
20210112160819591	  374   99     74   -175    484
20210112160819958	  374  100     75   -174    485
20210112160820325	  374  100     75   -174    485
20210112160820592	  373  100     73   -174    485
20210112160820625	  374  100     75   -174    485
20210112160820658	  373   99     73   -175    484
20210112160820692	  373  100     73   -174    485
20210112160820925	  372   99     72   -175    485
20210112160821225	  373  100     73   -174    485
20210112160821458	  372   97     72   -177    484
20210112160821525	  374   99     75   -175    485
20210112160821625	  373   98     73   -176    484
20210112160821725	  372  100     72   -174    485
20210112160821825	  372   98     72   -176    484
20210112160821892	  374   99     74   -175    484
20210112160822125	  374   98     75   -176    485
20210112160822259	  373   97     73   -177    483
20210112160822559	  373   96     73   -178    484
20210112160822692	  372   98     72   -176    485
20210112160822725	  372   99     72   -175    486
20210112160823092	  373   98     73   -176    485
20210112160823292	  373   97     73   -177    485
20210112160823359	  373  100     73   -174    486
20210112160823492	  372   95     72   -179    483
20210112160823826	  373   95     73   -179    483
20210112160824126	  374   95     74   -179    482
20210112160824426	  373   96     73   -178    483
20210112160824559	  373   96     73   -179    484
20210112160824626	  374   97     74   -177    484
20210112160824726	  373   96     73   -178    484
20210112160824793	  374   94     74   -181    483
20210112160824893	  374   97     75   -177    485
20210112160825026	  374   96     74   -178    483
20210112160825093	  373   97     73   -177    484
20210112160825226	  373   98     73   -176    485
20210112160825326	  373   96     73   -178    483
20210112160825460	  373   95     73   -179    483
20210112160825560	  373   96     73   -178    484
20210112160825726	  371  107     71   -165    486
20210112160825993	  365  128     64   -140    490
20210112160826260	  356  152     53   -111    498
20210112160826360	  353  160     50   -101    503
20210112160826460	  347  167     42    -93    506
20210112160826526	  345  173     40    -85    508
20210112160826560	  344  175     38    -82    509
20210112160826560	  343  178     37    -79    511
20210112160826626	  343  180     37    -76    513
20210112160826660	  341  184     35    -71    515
20210112160826660	  339  187     32    -67    516
20210112160826660	  338  190     31    -64    519
20210112160826660	  335  193     28    -60    522
20210112160826827	  333  199     25    -52    527
20210112160826860	  330  203     21    -47    530
20210112160826860	  328  206     18    -43    530
20210112160826860	  315  238      0      2    648
20210112160826860	  326  210     15    -37    536
20210112160827027	  326  214     15    -32    540
20210112160827027	  322  217     10    -28    543
20210112160827127	  318  223      4    -20    550
20210112160827127	  319  225      5    -17    552
20210112160827193	  315  227      0    -14    555
20210112160827293	  310  231     -7     -8    564
20210112160827327	  308  235    -10     -2    567
20210112160827327	  306  238    -13      1    568
20210112160827393	  305  239    -14      3    574
20210112160827560	  304  243    -16      9    581
20210112160827627	  302  243    -19      9    580
20210112160827627	  302  242    -19      7    580
20210112160827627	  301  244    -21     11    580
20210112160827727	  301  243    -21      9    582
20210112160827727	  333  211     30    -43    642
20210112160827893	  302  246    -19     14    588
20210112160827927	  301  246    -21     14    588
20210112160827927	  299  245    -24     12    589
20210112160827994	  299  245    -24     12    586
20210112160828060	  299  246    -24     14    588
20210112160828060	  300  247    -23     15    589
20210112160828160	  299  247    -24     15    588
20210112160828260	  300  246    -23     14    591
20210112160828460	  299  248    -24     17    593
20210112160828527	  297  247    -27     16    593
20210112160828560	  298  246    -26     14    594
20210112160828660	  298  248    -26     17    594
20210112160828760	  299  249    -24     19    595
20210112160828760	  298  247    -26     16    596
20210112160828894	  298  249    -26     19    594
20210112160829027	  298  249    -26     19    594
20210112160829260	  294  247    -32     16    598
20210112160829327	  298  248    -26     17    597
20210112160829394	  297  250    -28     20    597
20210112160829461	  296  250    -29     20    597
20210112160829461	  295  249    -31     19    598
20210112160829627	  294  249    -32     19    598
20210112160829661	  295  250    -31     20    597
20210112160829694	  297  248    -28     17    599
20210112160829761	  294  250    -32     20    599
20210112160829794	  295  251    -31     22    598
20210112160829894	  296  251    -29     22    598
20210112160830027	  294  249    -33     19    599
20210112160830127	  296  250    -29     20    599
20210112160830194	  295  249    -31     19    599
20210112160830227	  295  251    -31     22    599
20210112160830227	  294  250    -33     20    600
20210112160830227	  294  250    -33     20    600
20210112160830327	  293  251    -34     22    601
20210112160830327	  293  250    -34     20    601
20210112160830461	  294  250    -33     21    602
20210112160830527	  294  252    -33     24    602
20210112160830594	  291  250    -37     21    602
20210112160830661	  293  251    -34     22    602
20210112160830761	  292  251    -36     22    602
20210112160830761	  293  250    -34     21    602
20210112160830828	  291  251    -38     22    605
20210112160830861	  292  252    -36     24    605
20210112160830861	  293  253    -34     25    604
20210112160830961	  294  250    -33     21    602
20210112160831028	  293  253    -34     25    604
20210112160831061	  293  252    -34     24    605
20210112160831061	  293  253    -34     25    605
20210112160831194	  294  249    -33     19    605
20210112160831194	  294  251    -33     22    604
20210112160831361	  293  251    -34     22    604
20210112160831461	  294  252    -33     24    606
20210112160831528	  292  251    -36     22    605
20210112160831694	  292  252    -36     24    606
20210112160831794	  294  252    -33     24    606
20210112160831828	  291  251    -38     22    605
20210112160831894	  291  252    -38     24    604
20210112160831994	  292  251    -36     22    607
20210112160832094	  292  253    -36     25    606
20210112160832195	  291  252    -38     24    605
20210112160832295	  292  252    -36     24    605
20210112160832395	  294  254    -33     27    606
20210112160832495	  290  253    -39     25    606
20210112160832495	  291  251    -38     22    605
20210112160832595	  291  252    -38     24    607
20210112160832761	  293  254    -34     27    606
20210112160833095	  292  253    -36     25    606
20210112160833261	  291  252    -38     24    607
20210112160833595	  290  252    -39     24    607
20210112160833862	  291  252    -38     24    608
20210112160833995	  290  251    -39     22    608
20210112160834062	  291  252    -38     24    608
20210112160834162	  290  251    -39     22    607
20210112160834228	  291  253    -38     26    608
20210112160834228	  292  255    -36     29    607
20210112160834395	  290  254    -39     27    607
20210112160834595	  290  252    -39     24    610
20210112160834762	  290  253    -39     26    609
20210112160834862	  291  254    -38     27    608
20210112160834962	  291  253    -38     26    609
20210112160835062	  290  253    -39     26    609
20210112160835295	  291  253    -38     26    609
20210112160835395	  291  254    -38     27    609
20210112160835629	  292  252    -36     24    610
20210112160835795	  291  254    -38     27    609
20210112160835862	  290  255    -39     29    609
20210112160835929	  290  253    -40     26    610
20210112160836062	  292  251    -36     22    611
20210112160836295	  292  252    -36     24    611
20210112160836529	  290  254    -40     27    611
20210112160836596	  292  253    -36     26    611
20210112160836662	  290  254    -40     27    610
20210112160836696	  292  255    -36     29    610
