20210112160508944	  328  260     22     39    639
20210112160509143	  329  261     23     40    638
20210112160509209	  329  261     23     40    637
20210112160509275	  329  261     23     40    638
20210112160509308	  329  260     23     39    638
20210112160509407	  329  261     23     40    637
20210112160509439	  329  260     23     39    638
20210112160509603	  330  260     25     39    637
20210112160509669	  329  260     23     39    637
20210112160509767	  329  260     23     39    638
20210112160509832	  330  259     25     37    637
20210112160509931	  330  259     25     37    637
20210112160509996	  329  260     23     39    638
20210112160510061	  329  260     23     39    638
20210112160510158	  329  260     23     39    638
20210112160510223	  329  260     23     39    638
20210112160510288	  329  260     23     39    638
20210112160510385	  329  260     23     39    638
20210112160510449	  329  260     23     39    638
20210112160510513	  329  260     23     39    638
20210112160510609	  329  260     23     39    638
20210112160510673	  329  260     23     39    638
20210112160510769	  329  260     23     39    638
20210112160510835	  329  260     23     39    638
20210112160510902	  329  260     23     39    638
20210112160511002	  329  260     23     39    638
20210112160511101	  329  260     23     39    638
20210112160511168	  329  260     23     39    638
20210112160511235	  329  260     23     39    638
20210112160511335	  329  260     23     39    638
20210112160511401	  329  260     23     39    638
20210112160511468	  329  260     23     39    638
20210112160511568	  329  260     23     39    638
20210112160511635	  329  260     23     39    638
20210112160511702	  329  260     23     39    638
20210112160511802	  329  260     23     39    638
20210112160511868	  329  260     23     39    638
20210112160511935	  329  260     23     39    639
20210112160512001	  329  260     23     39    638
20210112160512068	  329  260     23     39    638
20210112160512167	  329  260     23     39    639
20210112160512267	  329  260     23     39    638
20210112160512334	  329  260     23     39    638
20210112160512433	  329  260     23     39    639
20210112160512500	  329  260     23     39    638
20210112160512600	  329  260     23     39    639
20210112160512700	  329  260     23     39    638
20210112160512766	  329  260     23     39    638
20210112160512866	  329  260     23     39    638
20210112160512933	  329  260     23     39    638
20210112160513033	  329  260     23     39    639
20210112160513133	  329  260     23     39    638
20210112160513200	  329  260     23     39    638
20210112160513300	  329  260     23     39    638
20210112160513367	  329  260     23     39    639
20210112160513434	  329  260     23     39    639
20210112160513534	  329  260     23     39    639
20210112160513634	  329  260     23     39    638
20210112160513701	  329  260     23     39    638
20210112160513801	  329  260     23     39    638
20210112160513835	  329  260     23     39    638
20210112160513902	  329  260     23     39    639
20210112160513936	  329  260     23     39    638
20210112160514003	  329  260     23     39    638
20210112160514171	  329  260     23     39    638
20210112160514339	  329  260     23     39    638
20210112160514407	  329  260     23     39    638
20210112160514474	  329  260     23     39    639
20210112160514575	  329  260     23     39    638
20210112160514643	  329  260     23     39    638
20210112160514676	  329  260     23     39    638
20210112160514710	  329  260     23     39    639
20210112160514744	  329  260     23     39    638
20210112160514778	  329  260     23     39    639
20210112160514778	  329  260     23     39    638
20210112160514845	  329  260     23     39    638
20210112160514878	  329  260     23     39    638
20210112160514945	  329  260     23     39    639
20210112160514978	  329  260     23     39    639
20210112160515045	  329  260     23     39    638
20210112160515278	  329  260     23     39    639
20210112160515445	  329  260     23     39    638
20210112160515645	  329  260     23     39    638
20210112160515845	  329  260     23     39    639
20210112160515945	  329  260     23     39    638
20210112160516045	  332  258     28     35    636
20210112160516245	  339  249     39     19    619
20210112160516345	  341  247     42     16    615
20210112160516445	  347  245     51     13    606
20210112160516545	  350  238     55      1    600
20210112160516545	  347  228     57    -15    678
20210112160516612	  353  237     59      0    596
20210112160516679	  355  234     62     -4    592
20210112160516845	  360  224     69    -19    581
20210112160517045	  368  215     79    -32    570
20210112160517212	  374  204     87    -48    561
20210112160517279	  375  201     88    -52    558
20210112160517379	  379  195     93    -61    556
20210112160517479	  382  189     97    -69    550
20210112160517579	  386  182    102    -78    546
20210112160517646	  389  177    105    -85    544
20210112160517746	  391  171    108    -93    541
20210112160517879	  393  162    110   -105    537
20210112160517946	  397  161    115   -107    537
20210112160518046	  394  158    111   -111    537
20210112160518146	  398  156    116   -113    535
20210112160518246	  398  153    116   -118    535
20210112160518346	  397  150    115   -121    534
20210112160518446	  397  148    114   -124    533
20210112160518512	  399  148    117   -124    534
20210112160518612	  398  147    116   -126    534
20210112160518712	  399  143    118   -132    535
20210112160518813	  400  144    119   -130    534
20210112160518913	  401  143    120   -131    533
20210112160519013	  402  141    121   -134    533
20210112160519079	  401  140    120   -135    533
20210112160519146	  401  139    120   -136    532
20210112160519213	  401  138    119   -137    531
20210112160519346	  403  135    122   -142    532
20210112160519479	  403  134    122   -143    532
20210112160519579	  404  133    124   -145    532
20210112160519646	  401  132    120   -146    532
20210112160519746	  403  130    123   -149    533
20210112160519779	  405  130    125   -149    533
20210112160519779	  403  130    123   -149    534
20210112160520013	  402  129    121   -151    534
20210112160520146	  404  125    124   -156    534
20210112160520246	  405  126    125   -154    532
20210112160520346	  404  127    124   -154    534
20210112160520446	  404  124    124   -157    533
20210112160520513	  405  124    125   -157    532
20210112160520613	  404  124    124   -157    533
20210112160520713	  406  124    127   -157    533
20210112160520746	  405  124    125   -157    533
20210112160520880	  405  122    125   -160    533
20210112160520980	  405  122    125   -159    531
20210112160521081	  406  123    127   -159    532
20210112160521182	  405  121    125   -161    531
20210112160521283	  406  121    126   -161    531
20210112160521385	  406  120    126   -163    532
20210112160521486	  405  119    125   -164    531
20210112160521587	  406  120    126   -162    531
20210112160521688	  406  120    126   -162    531
20210112160521756	  406  119    126   -164    531
20210112160521857	  406  120    126   -162    531
20210112160521959	  406  119    126   -164    531
20210112160522059	  406  119    126   -164    531
20210112160522158	  406  118    126   -165    531
20210112160522258	  407  117    127   -166    530
20210112160522325	  406  117    126   -166    531
20210112160522425	  407  116    127   -168    531
20210112160522525	  407  116    128   -168    531
20210112160522624	  407  115    127   -169    531
20210112160522724	  406  113    126   -172    531
20210112160522824	  408  113    129   -172    532
20210112160522891	  407  114    128   -171    532
20210112160522990	  407  115    128   -170    532
20210112160523090	  407  115    128   -169    531
20210112160523190	  407  114    128   -171    531
20210112160523257	  406  115    126   -170    532
20210112160523390	  408  112    129   -174    533
20210112160523490	  407  112    128   -174    533
20210112160523556	  408  112    130   -174    534
20210112160523656	  408  111    130   -176    534
20210112160523756	  407  111    128   -176    533
20210112160523856	  408  111    130   -176    534
20210112160523956	  406  111    127   -176    535
20210112160524022	  406  111    127   -176    535
20210112160524122	  408  110    130   -177    534
20210112160524189	  409  113    131   -173    534
20210112160524255	  408  111    130   -176    534
20210112160524322	  408  113    129   -173    533
20210112160524389	  409  111    131   -176    534
20210112160524422	  408  111    130   -176    534
20210112160524455	  408  111    129   -175    533
20210112160524555	  408  113    130   -173    535
20210112160524755	  408  113    130   -173    534
20210112160524955	  408  112    130   -174    534
20210112160525155	  408  110    130   -177    534
20210112160525321	  407  112    129   -175    536
20210112160525388	  408  111    130   -176    534
20210112160525488	  409  110    131   -177    534
20210112160525588	  408  110    130   -178    535
20210112160525687	  409  109    131   -178    534
20210112160525787	  409  108    131   -180    535
20210112160525887	  409  107    131   -181    533
20210112160525921	  408  108    130   -180    534
20210112160525987	  408  108    130   -180    534
20210112160526020	  409  107    131   -181    532
20210112160526054	  409  109    131   -179    534
20210112160526120	  407  108    129   -181    536
20210112160526287	  407  107    128   -181    534
20210112160526387	  409  106    130   -182    531
20210112160526520	  408  107    129   -181    532
20210112160526587	  408  107    129   -181    533
20210112160526653	  407  108    128   -180    535
20210112160526753	  408  107    129   -181    532
20210112160526820	  409  107    131   -181    532
20210112160526853	  408  109    130   -179    535
20210112160526920	  408  108    130   -180    534
20210112160526986	  409  107    131   -181    532
20210112160527120	  409  109    131   -179    535
20210112160527319	  408  107    129   -181    533
20210112160527519	  409  105    130   -183    531
20210112160527719	  409  106    131   -182    532
20210112160527819	  408  105    129   -183    532
20210112160527886	  406  105    127   -184    533
20210112160527919	  409  105    130   -183    532
20210112160527986	  409  105    131   -184    533
20210112160528019	  407  105    128   -184    532
20210112160528086	  409  104    130   -185    532
20210112160528119	  409  104    130   -185    532
20210112160528185	  409  105    131   -183    532
20210112160528319	  409  104    130   -185    532
20210112160528485	  408  104    129   -184    531
20210112160528652	  405  120    125   -162    531
20210112160528718	  404  125    124   -157    535
20210112160528785	  405  126    126   -155    535
20210112160528918	  400  139    119   -137    534
20210112160529118	  395  155    113   -116    539
20210112160529285	  392  166    110   -101    544
20210112160529351	  389  169    106    -97    545
20210112160529451	  385  178    101    -84    548
20210112160529551	  381  186     96    -74    553
20210112160529651	  377  195     91    -61    559
20210112160529751	  372  201     84    -53    563
20210112160529818	  371  207     83    -44    568
20210112160529917	  366  215     77    -32    573
20210112160530017	  363  222     73    -22    581
20210112160530117	  357  228     65    -13    587
20210112160530184	  354  235     61     -2    595
20210112160530284	  347  241     51      6    606
20210112160530384	  345  244     48     11    611
20210112160530484	  344  242     46      8    610
20210112160530584	  347  244     51     11    609
20210112160530684	  344  244     46     11    612
20210112160530750	  344  247     47     16    615
20210112160530850	  343  247     45     16    612
20210112160530950	  343  248     45     18    615
20210112160531050	  343  247     45     16    615
20210112160531150	  342  248     44     18    616
20210112160531250	  341  247     42     16    615
20210112160531316	  341  249     42     19    618
20210112160531416	  342  248     44     18    618
20210112160531516	  341  249     42     19    619
20210112160531616	  341  248     42     18    618
20210112160531716	  342  250     44     21    618
20210112160531816	  341  249     42     20    621
20210112160531883	  339  249     39     19    617
20210112160531982	  340  250     41     21    620
20210112160532082	  340  250     41     21    620
20210112160532182	  342  248     44     18    616
20210112160532282	  347  242     51      8    606
20210112160532382	  352  238     58      1    600
20210112160532482	  355  235     62     -2    595
20210112160532549	  357  231     65     -9    590
20210112160532649	  361  226     70    -16    583
20210112160532715	  364  222     74    -22    579
20210112160532749	  366  219     77    -27    577
20210112160532815	  367  216     78    -31    573
20210112160532849	  369  212     81    -37    572
20210112160532882	  370  212     82    -37    570
20210112160532948	  373  207     86    -44    565
20210112160533048	  375  201     88    -52    561
20210112160533182	  380  191     95    -67    556
20210112160533348	  388  178    105    -85    549
20210112160533548	  392  167    110    -99    544
20210112160533714	  397  155    116   -116    540
20210112160533814	  399  149    118   -123    537
20210112160533914	  402  141    122   -135    536
20210112160534014	  404  136    124   -141    535
20210112160534081	  404  135    124   -143    535
20210112160534181	  403  132    123   -147    535
20210112160534281	  405  130    126   -150    536
20210112160534347	  404  129    125   -152    537
20210112160534447	  405  128    126   -153    536
20210112160534481	  405  129    126   -151    536
20210112160534714	  406  124    127   -158    534
20210112160534780	  406  124    127   -158    534
20210112160534847	  407  124    129   -158    535
20210112160534880	  406  123    127   -160    535
20210112160534947	  404  123    124   -160    535
20210112160534980	  405  121    126   -162    534
20210112160535014	  406  122    127   -161    534
20210112160535080	  406  121    127   -162    533
20210112160535113	  406  121    127   -162    533
20210112160535180	  406  121    127   -162    535
20210112160535213	  407  120    128   -163    534
20210112160535380	  407  120    128   -163    535
20210112160535546	  408  118    130   -166    533
20210112160535580	  406  117    127   -168    535
20210112160535613	  408  118    130   -166    533
20210112160535713	  407  118    129   -167    536
20210112160535780	  406  117    127   -168    535
20210112160535813	  406  118    127   -166    535
20210112160535846	  407  117    128   -168    534
20210112160535979	  408  115    130   -170    534
20210112160536179	  409  112    132   -175    536
20210112160536379	  407  112    129   -175    536
20210112160536579	  409  110    132   -178    536
20210112160536612	  409  110    132   -178    537
20210112160536679	  409  110    131   -178    536
20210112160536779	  409  108    131   -181    536
20210112160536812	  410  109    133   -179    535
20210112160537078	  410  107    132   -181    534
20210112160537179	  411  108    134   -180    535
20210112160537380	  410  105    132   -184    533
20210112160537581	  409  105    131   -184    533
20210112160537749	  409  106    131   -183    534
20210112160537816	  409  107    132   -182    536
20210112160537950	  409  106    131   -183    534
20210112160538050	  409  105    131   -184    533
20210112160538050	  410  105    132   -184    533
20210112160538217	  408  104    130   -186    534
20210112160538251	  410  105    132   -184    534
20210112160538451	  409  103    131   -187    533
20210112160538651	  409  103    131   -186    533
20210112160538818	  410  103    132   -187    534
20210112160538951	  407  103    129   -188    536
20210112160539051	  409  102    131   -189    535
20210112160539151	  409  102    131   -188    533
20210112160539251	  411  102    134   -189    535
20210112160539384	  409  101    131   -190    536
20210112160539418	  410  104    133   -186    535
20210112160539484	  410  102    133   -189    535
20210112160539684	  409  101    131   -190    535
20210112160539784	  410  102    132   -188    534
20210112160539918	  409  100    132   -192    537
20210112160539984	  410  100    133   -192    537
20210112160540084	  406  102    127   -189    536
20210112160540151	  411  100    134   -192    535
20210112160540218	  411   98    134   -195    536
20210112160540285	  409  100    132   -192    536
20210112160540385	  409  100    131   -192    536
20210112160540418	  409   99    132   -194    537
20210112160540418	  409   98    132   -195    538
20210112160540485	  410  100    133   -192    536
20210112160540585	  409  100    132   -192    536
20210112160540618	  409  100    131   -192    536
20210112160540685	  412  101    136   -191    536
20210112160540718	  410  101    133   -191    537
20210112160540785	  409   99    131   -193    536
20210112160540818	  408   98    130   -195    536
20210112160540918	  410   98    133   -195    537
20210112160540985	  408  101    130   -191    536
20210112160541051	  409   99    131   -193    536
20210112160541118	  410   99    133   -194    537
20210112160541151	  411   98    134   -195    537
20210112160541218	  409   98    132   -195    536
20210112160541318	  410  100    133   -192    536
20210112160541485	  410   99    133   -194    537
20210112160541552	  407  101    129   -191    538
20210112160541785	  410  100    133   -192    536
20210112160541885	  409  100    131   -192    536
20210112160542118	  410   99    133   -193    537
20210112160542352	  411   98    134   -195    536
20210112160542552	  410   98    133   -195    536
20210112160542685	  409   98    132   -195    537
20210112160542885	  411   98    134   -195    536
20210112160542919	  410   98    133   -195    537
20210112160543052	  411  100    134   -192    537
20210112160543119	  407  100    129   -193    538
20210112160543252	  412   97    136   -196    536
20210112160543285	  411   98    134   -195    537
20210112160543385	  410   97    133   -196    537
20210112160543419	  410   99    133   -194    537
20210112160543519	  411   98    135   -195    537
20210112160543619	  409   98    132   -195    538
20210112160543652	  410   99    133   -194    537
20210112160543685	  410   98    133   -195    537
20210112160543719	  410   98    133   -195    536
20210112160543952	  410   97    133   -197    537
20210112160544186	  410   98    133   -195    537
20210112160544319	  410   97    133   -196    537
20210112160544419	  410   96    133   -198    538
20210112160544686	  411  102    134   -188    534
20210112160544919	  406  121    127   -162    534
20210112160545152	  402  139    122   -138    538
20210112160545386	  395  158    114   -113    545
20210112160545519	  392  166    110   -101    546
20210112160545653	  387  179    104    -83    550
20210112160545753	  384  187    101    -73    557
20210112160545853	  377  196     91    -60    560
20210112160545986	  373  205     86    -47    567
20210112160546086	  366  215     77    -33    575
20210112160546186	  363  222     73    -22    582
20210112160546319	  356  232     64     -7    593
20210112160546353	  354  235     61     -2    596
20210112160546386	  353  236     60     -1    599
20210112160546486	  347  240     51      5    605
20210112160546486	  348  240     52      5    604
20210112160546553	  349  240     54      5    606
20210112160546586	  348  241     52      6    604
20210112160546786	  347  241     51      6    605
20210112160547020	  345  243     48      9    609
20210112160547253	  344  244     46     11    612
20210112160547286	  344  245     47     13    614
20210112160547353	  344  246     47     14    613
20210112160547453	  343  246     45     14    613
20210112160547720	  343  246     45     14    614
20210112160547920	  342  247     43     16    615
20210112160548020	  340  248     40     18    617
20210112160548120	  342  247     44     16    617
20210112160548220	  342  249     43     19    615
20210112160548353	  349  243     54      9    607
20210112160548453	  351  238     56      1    599
20210112160548553	  354  232     61     -7    593
20210112160548687	  361  227     71    -15    585
20210112160548787	  365  220     76    -25    579
20210112160548887	  369  213     81    -35    572
20210112160549120	  377  198     91    -57    561
20210112160549220	  381  193     97    -64    558
20210112160549287	  382  187     97    -72    555
20210112160549420	  387  177    103    -86    548
20210112160549487	  392  173    110    -91    546
20210112160549520	  391  170    108    -95    545
20210112160549687	  394  159    112   -111    542
20210112160549720	  396  157    115   -113    541
20210112160549787	  398  152    117   -120    538
20210112160549887	  400  145    120   -129    538
20210112160549920	  401  142    121   -133    537
20210112160549987	  402  136    122   -141    535
20210112160550020	  404  133    124   -145    535
20210112160550087	  404  129    125   -151    536
20210112160550154	  405  128    126   -153    536
20210112160550187	  405  126    126   -155    536
20210112160550354	  406  122    127   -160    534
20210112160550387	  407  122    128   -160    533
20210112160550420	  407  119    128   -164    533
20210112160550454	  407  120    128   -163    533
20210112160550520	  408  120    130   -163    534
20210112160550620	  407  116    128   -169    534
20210112160550654	  409  117    131   -167    533
20210112160550687	  409  116    131   -169    534
20210112160550721	  408  118    130   -166    535
20210112160550754	  408  117    130   -168    536
20210112160550787	  407  117    129   -168    536
20210112160550887	  409  113    131   -174    536
20210112160550954	  407  112    129   -175    536
20210112160551054	  410  111    133   -176    536
20210112160551087	  410  112    133   -175    536
20210112160551154	  409  111    132   -177    537
20210112160551254	  409  110    132   -178    536
20210112160551321	  409  110    132   -178    537
20210112160551454	  410  109    133   -179    536
20210112160551687	  409  107    131   -181    534
20210112160551921	  409  106    131   -183    534
20210112160552154	  409  104    131   -186    534
20210112160552421	  409  105    131   -185    536
20210112160552621	  409  102    131   -189    535
20210112160552854	  409  101    131   -190    536
20210112160553088	  409  100    131   -192    536
20210112160553321	  406  100    127   -192    536
20210112160553555	  405  100    126   -192    537
20210112160553621	  411  100    134   -191    535
20210112160553688	  409   98    131   -194    535
20210112160553755	  409   98    131   -194    535
20210112160553955	  410   97    133   -196    535
20210112160554055	  409   98    131   -194    534
20210112160554055	  409   97    131   -196    535
20210112160554188	  410  100    133   -192    536
20210112160554421	  409   98    131   -194    536
20210112160554621	  409   96    131   -197    536
20210112160554888	  409   97    131   -195    534
20210112160555122	  410   97    133   -196    536
20210112160555222	  409   96    131   -198    536
20210112160555322	  410   97    133   -196    537
20210112160555455	  409   96    131   -197    536
20210112160555555	  409   96    131   -197    536
20210112160555655	  408   96    130   -198    537
20210112160555755	  410   96    133   -198    537
20210112160555888	  410   96    133   -198    536
20210112160555988	  409   95    131   -199    535
20210112160556088	  410   96    133   -198    537
20210112160556222	  409   95    131   -199    535
20210112160556289	  408   94    130   -201    538
20210112160556389	  409   96    131   -197    536
20210112160556422	  409   94    132   -201    537
20210112160556522	  409   94    131   -200    536
20210112160556555	  409   95    131   -199    536
20210112160556589	  408   94    130   -200    537
20210112160556689	  409   94    132   -200    537
20210112160556755	  409   95    131   -199    536
20210112160556922	  409   94    131   -200    535
20210112160557122	  409   95    132   -199    537
20210112160557356	  409   94    131   -200    536
20210112160557456	  409   94    131   -200    535
20210112160557489	  408   93    130   -202    537
20210112160557556	  408   94    130   -201    537
20210112160557589	  409   94    131   -200    536
20210112160557622	  409   94    131   -200    536
20210112160557656	  406   96    128   -198    539
20210112160557822	  409   94    131   -200    535
20210112160557856	  409   94    131   -200    535
20210112160557889	  409   94    131   -200    536
20210112160557922	  406   96    128   -198    539
20210112160557989	  408   93    130   -202    536
20210112160558022	  409   94    131   -200    536
20210112160558156	  410   93    133   -202    536
20210112160558389	  409   94    131   -200    536
20210112160558589	  409   93    131   -201    535
20210112160558823	  408   92    130   -203    536
20210112160558856	  409   93    131   -201    535
20210112160558856	  409   93    131   -201    535
20210112160558923	  409   93    131   -201    535
20210112160559056	  409   93    131   -202    536
20210112160559123	  409   93    131   -201    536
20210112160559223	  407   93    129   -202    537
20210112160559423	  410   92    133   -203    536
20210112160559623	  409   91    131   -204    536
20210112160559656	  410   92    133   -203    536
20210112160559789	  409   94    132   -201    537
20210112160559823	  410   94    133   -200    537
20210112160559856	  409   92    132   -204    538
20210112160559923	  409   93    131   -202    536
20210112160600190	  409   93    131   -201    536
20210112160600423	  410   93    133   -202    536
20210112160600556	  409   93    131   -202    536
20210112160600823	  408  105    130   -184    534
20210112160600956	  407  114    128   -172    534
20210112160601023	  406  118    127   -166    533
20210112160601090	  404  123    124   -159    535
20210112160601156	  402  130    122   -150    536
20210112160601190	  402  131    122   -148    536
20210112160601190	  401  134    121   -144    536
20210112160601290	  399  140    118   -136    538
20210112160601323	  399  142    118   -134    538
20210112160601323	  397  144    116   -131    540
20210112160601390	  397  148    116   -125    539
20210112160601590	  391  162    108   -106    543
20210112160601857	  382  185     97    -75    554
20210112160602090	  374  207     88    -44    567
20210112160602257	  365  219     76    -27    579
20210112160602490	  353  236     59     -1    597
20210112160602623	  351  239     57      3    602
20210112160602857	  349  241     53      6    604
20210112160603124	  347  241     51      6    607
20210112160603357	  345  243     48      9    609
20210112160603490	  345  244     48     11    608
20210112160603590	  346  245     50     13    610
20210112160603724	  346  245     50     13    611
20210112160603824	  345  244     48     11    611
20210112160603957	  342  246     43     14    612
20210112160604124	  344  245     47     13    614
20210112160604591	  355  233     62     -5    593
20210112160604857	  366  219     77    -27    578
20210112160604991	  370  210     82    -40    569
20210112160605091	  375  202     89    -51    564
20210112160605191	  379  194     94    -63    560
20210112160605324	  383  187     99    -72    556
20210112160605424	  387  179    104    -83    549
20210112160605558	  392  168    110    -98    546
20210112160605658	  393  161    111   -108    543
20210112160605791	  397  151    115   -121    538
20210112160605891	  401  146    121   -128    539
20210112160605958	  401  140    121   -136    536
20210112160605991	  401  136    120   -141    535
20210112160606024	  403  135    123   -143    535
20210112160606058	  403  132    123   -147    536
20210112160606091	  404  129    125   -151    536
20210112160606158	  406  126    127   -155    535
20210112160606291	  407  124    129   -158    535
20210112160606358	  406  123    127   -159    535
20210112160606391	  406  122    127   -161    534
20210112160606558	  407  118    128   -166    533
20210112160606625	  408  118    130   -166    533
20210112160606658	  408  117    129   -167    533
20210112160606691	  408  117    130   -167    533
20210112160606725	  406  116    127   -169    534
20210112160606858	  407  115    129   -171    536
20210112160606891	  408  115    130   -171    535
20210112160606925	  408  115    130   -170    534
20210112160606991	  409  114    131   -172    536
20210112160606991	  409  113    132   -174    536
20210112160607058	  408  112    130   -175    536
20210112160607091	  407  111    129   -177    537
20210112160607125	  409  112    132   -175    537
20210112160607158	  410  111    133   -177    537
20210112160607191	  408  111    130   -177    537
20210112160607225	  409  109    132   -179    537
20210112160607258	  409  110    132   -178    537
20210112160607291	  409  110    132   -178    537
20210112160607391	  409  107    132   -182    537
20210112160607491	  409  105    131   -184    534
20210112160607525	  408  108    130   -181    537
20210112160607558	  409  106    131   -183    536
20210112160607625	  409  105    131   -184    535
20210112160607658	  410  105    132   -184    534
20210112160607691	  410  105    133   -184    535
20210112160607791	  409  105    132   -185    537
20210112160607858	  409  104    131   -186    535
20210112160608092	  411  103    134   -187    535
20210112160608325	  410  101    133   -190    535
20210112160608458	  411  103    134   -187    534
20210112160608625	  408  101    130   -190    536
20210112160608758	  408  101    130   -191    538
20210112160608992	  408   99    130   -193    536
20210112160609259	  410  100    133   -192    537
20210112160609525	  409   98    132   -195    538
20210112160609759	  410   96    133   -198    537
20210112160609992	  411   98    135   -195    537
20210112160610225	  410   96    133   -198    538
20210112160610459	  410   97    133   -197    538
20210112160610692	  410   96    133   -198    537
20210112160610959	  409   98    132   -195    538
20210112160611192	  411   96    135   -198    538
20210112160611426	  410   96    133   -198    538
20210112160611659	  410   95    133   -199    538
20210112160611792	  410   94    133   -201    538
20210112160611993	  410   93    133   -202    538
20210112160612259	  410   93    133   -202    538
20210112160612426	  411   94    135   -201    537
20210112160612526	  410   93    133   -202    537
20210112160612659	  411   92    134   -203    536
20210112160612759	  411   94    135   -201    538
20210112160612859	  411   94    135   -201    538
20210112160612993	  409   93    132   -202    538
20210112160613093	  411   94    135   -201    538
20210112160613226	  411   95    135   -199    538
20210112160613326	  411   92    135   -204    538
20210112160613460	  411   93    135   -202    538
20210112160613560	  411   92    135   -203    537
20210112160613693	  411   93    135   -202    537
20210112160613826	  411   93    135   -202    537
20210112160613926	  411   93    135   -202    538
20210112160614060	  411   92    135   -204    538
20210112160614160	  411   93    135   -202    537
20210112160614293	  411   93    134   -202    537
20210112160614393	  411   93    134   -202    537
20210112160614526	  411   93    135   -202    538
20210112160614626	  410   91    133   -205    537
20210112160614760	  411   92    135   -203    537
20210112160614827	  410   91    133   -205    537
20210112160614860	  411   92    135   -204    538
20210112160614893	  412   93    136   -202    538
20210112160614960	  411   92    135   -204    538
20210112160614960	  412   92    136   -204    538
20210112160614960	  411   93    135   -202    538
20210112160615060	  409   92    132   -204    539
20210112160615093	  411   92    135   -203    537
20210112160615093	  411   92    135   -203    537
20210112160615360	  411   92    134   -203    537
20210112160615593	  410   90    133   -206    537
20210112160615860	  411   92    135   -204    538
20210112160616127	  411   93    135   -202    538
20210112160616394	  411   92    135   -204    538
20210112160616660	  411   91    135   -205    538
20210112160616860	  411   98    135   -196    539
20210112160616994	  409  111    132   -177    538
20210112160617094	  408  116    130   -170    537
20210112160617194	  405  122    126   -161    537
20210112160617227	  405  125    126   -157    538
20210112160617361	  402  136    122   -142    538
20210112160617427	  400  141    120   -135    539
20210112160617461	  399  142    118   -134    539
20210112160617561	  396  152    115   -121    543
20210112160617627	  396  158    116   -113    545
20210112160617761	  393  168    112    -99    547
20210112160617894	  387  178    104    -85    551
20210112160617961	  382  185     98    -75    556
20210112160618094	  378  195     93    -61    561
20210112160618261	  370  210     82    -40    571
20210112160618361	  365  219     76    -27    577
20210112160618394	  364  220     74    -25    579
20210112160618494	  359  228     68    -13    587
20210112160618561	  355  233     62     -5    593
20210112160618594	  354  234     61     -4    595
20210112160618794	  353  237     60      0    599
20210112160619061	  349  241     54      6    604
20210112160619328	  348  243     52      9    605
20210112160619594	  346  243     49      9    606
20210112160619794	  346  244     49     11    608
20210112160619928	  346  245     50     13    610
20210112160620028	  345  245     48     13    610
20210112160620161	  344  245     46     13    611
20210112160620295	  345  246     48     14    611
20210112160620395	  342  246     43     14    612
20210112160620528	  350  239     55      3    604
20210112160620661	  357  233     65     -5    593
20210112160620761	  358  229     66    -12    587
20210112160620895	  365  219     76    -27    579
20210112160621028	  370  212     82    -37    572
20210112160621095	  372  207     85    -44    568
20210112160621261	  378  196     92    -60    560
20210112160621395	  383  187     99    -73    556
20210112160621528	  390  176    108    -87    548
20210112160621662	  391  165    108   -103    545
20210112160621795	  395  156    114   -115    543
20210112160621895	  398  149    117   -124    538
20210112160621995	  402  141    122   -135    538
20210112160622095	  402  135    122   -143    536
20210112160622295	  406  122    127   -160    533
20210112160622428	  407  118    128   -166    534
20210112160622528	  407  115    129   -171    535
20210112160622662	  407  113    129   -174    536
20210112160622795	  409  110    132   -178    537
20210112160622895	  410  111    133   -177    537
20210112160622929	  410  109    133   -180    537
20210112160623029	  410  107    133   -182    536
20210112160623095	  410  108    133   -181    536
20210112160623129	  408  108    131   -181    538
20210112160623362	  410  105    133   -185    536
20210112160623662	  409  101    131   -190    535
20210112160623795	  408  102    130   -189    535
20210112160623929	  410  101    133   -190    536
20210112160624062	  410  101    133   -191    537
20210112160624196	  409   99    132   -193    536
20210112160624329	  407  100    129   -192    537
20210112160624429	  410   99    133   -193    537
20210112160624562	  410   98    133   -195    537
20210112160624662	  410   97    133   -196    537
20210112160624762	  411   97    135   -196    537
20210112160624962	  410   97    133   -197    538
20210112160625062	  411   95    134   -199    537
20210112160625162	  414   94    139   -200    537
20210112160625263	  409   97    132   -197    540
20210112160625363	  410   95    133   -200    538
20210112160625396	  410   95    133   -199    537
20210112160625429	  410   96    133   -198    538
20210112160625496	  411   95    135   -199    538
20210112160625629	  410   95    133   -199    537
20210112160625763	  411   96    135   -198    539
20210112160625929	  410   95    133   -200    539
20210112160626129	  411   94    135   -201    538
20210112160626396	  410   93    133   -202    538
20210112160626496	  408   96    131   -199    540
20210112160626529	  410   94    133   -201    538
20210112160626563	  410   93    133   -202    538
20210112160626730	  411   95    135   -200    539
20210112160626963	  411   94    135   -201    538
20210112160627230	  411   94    135   -201    538
20210112160627396	  411   94    135   -201    538
20210112160627496	  411   94    135   -201    538
20210112160627630	  411   93    135   -202    538
20210112160627763	  411   94    135   -201    538
20210112160627863	  410   92    133   -203    537
20210112160627996	  411   93    134   -202    537
20210112160628130	  411   93    135   -202    537
20210112160628263	  409   93    132   -203    539
20210112160628397	  411   92    134   -203    536
20210112160628530	  410   92    133   -203    537
20210112160628630	  411   91    134   -204    535
20210112160628763	  409   92    132   -203    537
20210112160628897	  408   93    131   -202    538
20210112160629030	  409   93    132   -202    537
20210112160629163	  410   94    133   -201    538
20210112160629297	  411   92    134   -203    536
20210112160629397	  409   91    131   -204    536
20210112160629530	  410   91    133   -204    536
20210112160629664	  411   92    134   -203    536
20210112160629797	  411   91    134   -204    535
20210112160629930	  410   91    133   -204    536
20210112160630030	  410   90    132   -205    534
20210112160630164	  410   90    133   -206    535
20210112160630297	  410   90    133   -206    535
20210112160630430	  410   93    133   -202    537
20210112160630497	  410   93    133   -202    538
20210112160630631	  410   89    133   -207    536
20210112160630764	  409   90    131   -205    535
20210112160630831	  411   92    135   -203    537
20210112160630864	  411   91    134   -204    535
20210112160630897	  410   89    132   -207    535
20210112160630931	  409   91    132   -205    537
20210112160631031	  410   94    133   -201    537
20210112160631097	  409   92    132   -203    537
20210112160631164	  410   91    133   -205    537
20210112160631331	  410   92    133   -203    536
20210112160631397	  409   91    131   -204    536
20210112160631431	  408   91    130   -205    537
20210112160631531	  411   90    134   -206    536
20210112160631564	  410   91    133   -204    536
20210112160631631	  410   89    133   -207    535
20210112160631697	  410   93    133   -202    538
20210112160631731	  410   93    133   -202    537
20210112160631864	  409   92    132   -203    537
20210112160631931	  410   90    133   -206    536
20210112160632064	  411   90    134   -206    536
20210112160632131	  409   90    131   -206    536
20210112160632264	  411   90    134   -206    536
20210112160632298	  411   91    134   -205    536
20210112160632298	  407   90    129   -206    538
20210112160632431	  410   89    133   -207    537
20210112160632531	  410   87    144   -227    580
20210112160632664	  409   89    131   -207    535
20210112160632731	  410   88    133   -209    536
20210112160632931	  410   93    133   -202    537
20210112160632998	  407   98    129   -195    537
20210112160633031	  408  102    129   -188    533
20210112160633098	  408  107    130   -182    536
20210112160633431	  402  132    122   -147    536
20210112160633698	  396  152    114   -120    540
20210112160633998	  387  177    103    -86    548
20210112160634165	  380  191     95    -67    557
20210112160634432	  367  214     78    -34    574
20210112160634732	  354  234     61     -4    595
20210112160634965	  352  237     58      0    599
20210112160635232	  350  240     55      5    603
20210112160635498	  349  242     54      8    606
20210112160635765	  346  242     49      8    607
20210112160636065	  346  243     49      9    608
20210112160636232	  346  244     49     11    608
20210112160636332	  346  244     49     11    609
20210112160636565	  346  241     49      6    606
20210112160636665	  352  238     58      1    599
20210112160636832	  358  228     66    -13    589
20210112160636899	  360  226     69    -16    584
20210112160636899	  362  223     72    -21    583
20210112160636999	  364  218     74    -28    578
20210112160637066	  368  215     80    -33    573
20210112160637132	  369  211     81    -38    570
20210112160637266	  377  201     92    -53    564
20210112160637332	  377  196     91    -60    559
20210112160637432	  381  188     96    -71    557
20210112160637499	  383  185     99    -75    553
20210112160637566	  387  178    104    -85    551
20210112160637599	  388  178    105    -85    549
20210112160637666	  389  173    106    -91    547
20210112160637832	  394  160    112   -109    543
20210112160637832	  393  158    111   -112    544
20210112160637932	  396  153    114   -118    540
20210112160638032	  398  146    117   -128    539
20210112160638099	  402  141    122   -135    538
20210112160638166	  402  135    122   -143    536
20210112160638266	  405  128    126   -153    536
20210112160638366	  406  121    127   -161    533
20210112160638433	  406  118    127   -166    533
20210112160638533	  407  117    128   -167    533
20210112160638666	  409  115    131   -171    535
20210112160638766	  408  112    130   -175    536
20210112160638966	  409  109    132   -180    537
20210112160639066	  409  108    131   -181    536
20210112160639099	  407  108    129   -181    538
20210112160639166	  410  107    133   -182    535
20210112160639266	  409  106    132   -183    536
20210112160639299	  410  105    132   -184    534
20210112160639366	  409  104    131   -186    534
20210112160639399	  409  104    131   -185    534
20210112160639466	  409  104    131   -186    535
20210112160639599	  409  103    131   -187    534
20210112160639633	  409  101    131   -190    534
20210112160639700	  408  104    130   -186    536
20210112160639800	  408  101    130   -190    535
20210112160639933	  409  102    131   -189    535
20210112160640000	  408  102    130   -189    535
20210112160640066	  409  100    132   -192    536
20210112160640133	  410  101    133   -190    536
20210112160640233	  408   99    130   -193    536
20210112160640266	  407   99    129   -194    537
20210112160640300	  408  100    130   -192    537
20210112160640333	  409   99    132   -194    537
20210112160640433	  410   99    133   -193    536
20210112160640600	  410   99    133   -194    537
20210112160640766	  411   97    135   -197    538
20210112160640900	  410   97    133   -197    538
20210112160640966	  411   98    135   -195    538
20210112160641133	  411   97    135   -197    538
20210112160641400	  411   95    135   -199    538
20210112160641633	  410   93    133   -202    538
20210112160641900	  411   93    135   -202    538
20210112160642233	  411   95    135   -199    538
20210112160642467	  410   92    133   -203    537
20210112160642634	  410   91    132   -204    535
20210112160642800	  410   92    133   -203    536
20210112160642867	  410   93    133   -202    537
20210112160642934	  409   94    132   -201    538
20210112160643034	  410   94    133   -201    537
20210112160643134	  410   91    133   -204    536
20210112160643167	  410   92    133   -203    537
20210112160643234	  410   93    133   -202    537
20210112160643334	  410   91    133   -204    536
20210112160643367	  410   91    133   -204    536
20210112160643467	  411   91    134   -204    536
20210112160643500	  410   90    133   -205    535
20210112160643534	  410   89    133   -207    536
20210112160643700	  410   91    133   -204    536
20210112160643967	  410   90    133   -206    535
20210112160644234	  410   89    132   -206    533
20210112160644501	  410   89    133   -207    535
20210112160644767	  411   90    134   -206    536
20210112160644967	  410   88    133   -208    535
20210112160645234	  410   88    144   -226    582
20210112160645534	  409   89    131   -207    537
20210112160645801	  408   89    130   -207    537
20210112160646068	  408   90    130   -207    538
20210112160646368	  409   86    131   -211    535
20210112160646635	  410   87    133   -210    535
20210112160646768	  409   89    131   -207    536
20210112160646968	  410   88    133   -209    536
20210112160647101	  409   87    131   -210    536
20210112160647368	  410   87    132   -209    535
20210112160647635	  409   88    131   -208    536
20210112160647935	  410   87    132   -209    535
20210112160648002	  407   89    129   -208    538
20210112160648035	  410   86    133   -211    536
20210112160648068	  409   87    131   -210    536
20210112160648335	  411   86    134   -211    536
20210112160648435	  410   88    133   -209    536
20210112160648702	  409   87    131   -210    536
20210112160649002	  411   85    134   -212    535
20210112160649268	  406  106    127   -183    536
20210112160649502	  403  127    124   -155    537
20210112160649769	  397  147    115   -127    538
20210112160650035	  391  170    108    -95    545
20210112160650269	  379  189     93    -69    555
20210112160650369	  376  196     90    -60    560
20210112160650402	  375  200     88    -54    562
20210112160650435	  375  204     89    -48    564
20210112160650569	  366  215     77    -32    573
20210112160650702	  360  223     69    -21    583
20210112160650936	  353  236     60     -1    597
20210112160651202	  352  237     58      0    600
20210112160651336	  351  239     57      3    602
20210112160651469	  348  240     52      5    601
20210112160651602	  348  240     52      5    604
20210112160651769	  348  240     52      5    606
20210112160651903	  349  242     54      8    606
20210112160652036	  347  242     51      8    607
20210112160652169	  347  242     51      8    605
20210112160652303	  346  242     49      8    606
20210112160652469	  346  242     49      8    607
20210112160652636	  345  243     48      9    609
20210112160652769	  351  237     56      0    599
20210112160652869	  357  231     65     -9    589
20210112160653036	  363  223     73    -21    583
20210112160653170	  369  215     81    -32    573
20210112160653303	  371  207     83    -44    567
20210112160653436	  377  197     91    -58    560
20210112160653570	  383  189     99    -69    555
20210112160653603	  386  186    103    -74    554
20210112160653770	  391  175    109    -89    548
20210112160653970	  397  160    117   -109    543
20210112160654103	  397  147    115   -127    538
20210112160654270	  402  137    122   -140    537
20210112160654403	  405  126    126   -156    536
20210112160654470	  406  121    127   -161    533
20210112160654537	  406  118    127   -166    533
20210112160654570	  407  119    128   -164    533
20210112160654603	  407  119    128   -164    533
20210112160654670	  408  118    129   -166    533
20210112160654670	  407  118    128   -166    533
20210112160654937	  407  112    129   -175    537
20210112160655237	  410  107    133   -182    536
20210112160655537	  409  104    131   -186    536
20210112160655804	  410  102    133   -189    537
20210112160655937	  410  100    133   -192    537
20210112160656070	  410   98    133   -195    536
20210112160656237	  411   97    134   -196    536
20210112160656370	  407  101    129   -191    538
20210112160656504	  410   98    133   -195    537
20210112160656637	  408   99    130   -194    538
20210112160656770	  410   98    133   -195    537
20210112160656904	  410   97    133   -197    538
20210112160657071	  411   97    135   -197    538
20210112160657204	  410   95    133   -199    537
20210112160657337	  411   95    134   -199    537
20210112160657471	  408   96    131   -199    540
20210112160657637	  411   93    135   -202    538
20210112160657771	  409   93    132   -202    538
20210112160657904	  411   94    135   -201    538
20210112160658004	  411   94    134   -201    537
20210112160658171	  411   94    135   -201    538
20210112160658304	  411   93    134   -202    537
20210112160658438	  411   96    135   -198    537
20210112160658571	  411   91    134   -205    537
20210112160658671	  412   93    136   -202    537
20210112160658871	  411   92    134   -203    537
20210112160659004	  411   92    134   -203    536
20210112160659138	  410   91    132   -204    535
20210112160659271	  410   88    133   -208    536
20210112160659405	  411   92    134   -203    536
20210112160659538	  410   90    133   -206    535
20210112160659671	  410   93    133   -202    538
20210112160659838	  408   92    131   -204    538
20210112160659971	  411   91    134   -204    535
20210112160700105	  409   90    131   -206    536
20210112160700238	  410   92    133   -203    537
20210112160700405	  410   90    133   -206    535
20210112160700538	  410   91    133   -204    536
20210112160700672	  411   88    134   -208    535
20210112160700738	  410   90    133   -206    536
20210112160700938	  411   90    134   -206    536
20210112160701105	  410   88    144   -226    582
20210112160701238	  411   88    134   -208    534
20210112160701372	  410   89    133   -207    536
20210112160701505	  411   88    134   -208    535
20210112160701638	  411   88    134   -208    536
20210112160701805	  410   88    133   -208    535
20210112160701938	  411   87    134   -210    536
20210112160702072	  410   88    133   -208    535
20210112160702205	  410   87    132   -209    535
20210112160702372	  410   87    133   -210    535
20210112160702505	  410   88    132   -208    535
20210112160702639	  408   89    130   -207    537
20210112160702772	  412   89    136   -207    537
20210112160702905	  409   86    131   -211    535
20210112160703072	  407   88    129   -209    537
20210112160703205	  411   88    134   -208    536
20210112160703339	  411   88    134   -208    536
20210112160703472	  409   87    131   -210    536
20210112160703639	  410   87    132   -209    535
20210112160703772	  412   88    136   -209    537
20210112160703906	  411   87    134   -210    536
20210112160704039	  407   88    129   -209    538
20210112160704172	  411   88    134   -209    537
20210112160704339	  410   86    132   -211    535
20210112160704472	  411   86    134   -211    536
20210112160704606	  411   87    134   -210    536
20210112160704739	  410   86    133   -211    535
20210112160704906	  411   85    134   -213    536
20210112160705039	  411   85    134   -213    536
20210112160705173	  411   88    134   -208    535
20210112160705306	  407  101    128   -190    534
20210112160705439	  407  109    129   -179    535
20210112160705606	  404  121    125   -163    537
20210112160705739	  402  133    122   -146    537
20210112160705873	  399  142    118   -134    538
20210112160706006	  396  153    115   -119    540
20210112160706173	  391  166    109   -101    547
20210112160706273	  386  175    102    -89    550
20210112160706440	  381  190     97    -68    559
20210112160706606	  372  205     85    -47    567
20210112160706740	  367  215     78    -33    575
20210112160706873	  359  227     68    -15    587
20210112160707006	  354  234     61     -4    597
20210112160707173	  355  235     63     -2    597
20210112160707306	  350  238     55      1    599
20210112160707440	  351  237     57      0    599
20210112160707573	  350  238     55      1    600
20210112160707740	  349  240     54      5    602
20210112160707873	  350  239     56      3    606
20210112160708007	  349  240     54      5    605
20210112160708140	  348  241     52      6    605
20210112160708273	  349  242     54      8    606
20210112160708340	  348  242     52      8    607
20210112160708440	  348  243     52      9    605
20210112160708507	  346  242     49      8    609
20210112160708507	  348  241     53      6    608
20210112160708573	  348  244     53     11    607
20210112160708840	  349  240     54      5    603
20210112160709140	  362  223     72    -21    582
20210112160709440	  373  204     86    -48    563
20210112160709607	  378  193     92    -64    560
20210112160709774	  386  180    102    -82    550
20210112160709907	  390  169    107    -97    547
20210112160710040	  393  159    111   -111    543
20210112160710174	  398  149    117   -124    538
20210112160710341	  403  136    123   -141    536
20210112160710474	  404  126    125   -156    536
20210112160710641	  408  117    129   -167    533
20210112160710774	  408  114    130   -172    535
20210112160710941	  409  109    131   -179    535
20210112160711007	  409  107    131   -181    533
20210112160711241	  410  104    132   -185    533
20210112160711374	  409  102    131   -188    534
20210112160711507	  408  101    130   -190    535
20210112160711674	  409  102    131   -189    535
20210112160711808	  410  100    133   -192    536
20210112160711941	  410   99    133   -193    537
20210112160712041	  410   98    133   -195    537
20210112160712241	  410   98    133   -195    537
20210112160712374	  411   97    135   -197    538
20210112160712508	  410   96    133   -198    538
20210112160712641	  410   96    133   -198    539
20210112160712808	  410   96    133   -198    538
20210112160712941	  411   96    135   -198    537
20210112160713075	  411   95    135   -199    537
20210112160713208	  410   93    133   -202    538
20210112160713375	  410   93    133   -202    537
20210112160713508	  411   94    135   -201    537
20210112160713641	  411   94    135   -201    538
20210112160713808	  410   93    133   -202    537
20210112160713941	  411   95    134   -199    537
20210112160714075	  408   95    131   -200    540
20210112160714208	  410   91    133   -205    537
20210112160714342	  411   92    134   -203    537
20210112160714508	  411   92    135   -203    537
20210112160714608	  412   90    135   -206    536
20210112160714675	  412   91    136   -205    537
20210112160714742	  411   90    134   -206    536
20210112160714842	  411   92    134   -203    537
20210112160714908	  412   91    136   -205    536
20210112160715042	  411   90    134   -206    536
20210112160715242	  412   91    136   -205    537
20210112160715442	  412   91    136   -205    538
20210112160715609	  411   88    134   -209    537
20210112160715842	  411   88    135   -209    538
20210112160716042	  411   89    134   -208    537
20210112160716209	  409   90    132   -207    540
20210112160716342	  412   89    136   -208    538
20210112160716475	  411   89    135   -208    538
20210112160716609	  411   88    135   -209    538
20210112160716775	  411   87    135   -211    538
20210112160716909	  409   88    132   -210    539
20210112160717042	  409   89    132   -208    539
20210112160717176	  411   87    135   -211    539
20210112160717309	  411   87    135   -211    538
20210112160717442	  411   88    135   -209    538
20210112160717609	  411   88    135   -209    538
20210112160717742	  413   87    137   -211    538
20210112160717876	  412   87    136   -211    538
20210112160718009	  411   90    135   -207    539
20210112160718176	  410   87    133   -211    538
20210112160718309	  409   89    132   -209    540
20210112160718443	  411   87    135   -211    538
20210112160718576	  411   87    135   -211    538
20210112160718709	  410   88    133   -210    539
20210112160718876	  411   87    135   -211    538
20210112160719009	  411   87    135   -211    538
20210112160719109	  410   88    134   -210    539
20210112160719276	  411   87    135   -211    539
20210112160719410	  410   88    133   -210    539
20210112160719576	  411   87    135   -211    538
20210112160719710	  413   87    137   -211    538
20210112160719843	  411   87    135   -211    538
20210112160719976	  410   87    133   -211    538
20210112160720110	  411   86    135   -212    538
20210112160720276	  410   87    134   -211    540
20210112160720410	  411   88    135   -210    539
20210112160720543	  410   87    133   -211    538
20210112160720710	  412   87    136   -211    538
20210112160720843	  412   87    136   -211    538
20210112160720977	  407   87    130   -212    540
20210112160721110	  412   86    136   -212    539
20210112160721277	  411   86    135   -212    538
20210112160721410	  409   97    132   -197    539
20210112160721543	  408  106    131   -184    538
20210112160721677	  408  114    131   -173    538
20210112160721844	  404  127    126   -155    540
20210112160721977	  400  138    120   -139    538
20210112160722110	  397  151    116   -122    542
20210112160722244	  392  160    110   -110    546
20210112160722377	  391  172    109    -93    548
20210112160722544	  382  187     98    -73    557
20210112160722677	  375  199     89    -56    564
20210112160722810	  372  207     85    -44    571
20210112160722944	  364  219     75    -27    583
20210112160723110	  356  232     64     -7    594
20210112160723244	  355  233     62     -5    596
20210112160723377	  353  235     59     -2    597
20210112160723511	  352  237     58      0    599
20210112160723677	  351  238     57      1    600
20210112160723811	  351  238     57      1    601
20210112160723944	  351  240     57      5    601
20210112160724077	  350  241     55      6    604
20210112160724244	  348  241     53      6    607
20210112160724377	  349  242     54      8    606
20210112160724511	  345  242     48      8    608
20210112160724644	  349  242     54      8    606
20210112160724811	  347  242     51      8    606
20210112160724944	  350  241     56      6    605
20210112160725078	  355  232     62     -7    593
20210112160725211	  359  227     67    -15    585
20210112160725378	  365  216     75    -31    575
20210112160725511	  373  208     86    -43    568
20210112160725644	  377  199     91    -56    562
20210112160725778	  381  189     96    -69    554
20210112160725944	  389  177    106    -86    549
20210112160726078	  393  166    111   -101    545
20210112160726211	  397  156    116   -115    541
20210112160726378	  400  144    120   -131    539
20210112160726478	  403  135    123   -143    536
20210112160726645	  407  123    129   -159    535
20210112160726778	  408  116    130   -169    535
20210112160726945	  407  113    129   -174    537
20210112160727078	  410  107    133   -182    536
20210112160727211	  409  106    131   -183    536
20210112160727378	  408  103    129   -187    534
20210112160727511	  408  101    130   -190    534
20210112160727645	  409   99    131   -193    534
20210112160727812	  409   98    131   -194    536
20210112160727945	  406   99    128   -194    537
20210112160728078	  405   98    126   -195    538
20210112160728212	  409   96    131   -197    536
20210112160728378	  409   95    131   -198    533
20210112160728512	  410   96    133   -198    536
20210112160728645	  407   95    129   -200    538
20210112160728778	  408   94    130   -200    536
20210112160728878	  410   94    133   -201    537
20210112160729012	  410   95    133   -199    537
20210112160729212	  410   94    133   -200    536
20210112160729279	  409   93    131   -201    536
20210112160729345	  407   95    129   -200    539
20210112160729412	  410   93    132   -201    535
20210112160729412	  410   92    132   -202    534
20210112160729512	  410   92    133   -203    536
20210112160729745	  411   90    134   -205    534
20210112160730045	  410   91    133   -204    536
20210112160730379	  410   92    133   -203    537
20210112160730579	  411   89    134   -207    535
20210112160730746	  411   88    134   -208    535
20210112160730912	  410   87    133   -210    536
20210112160731046	  410   89    133   -207    536
20210112160731212	  410   87    132   -209    535
20210112160731346	  409   88    131   -208    536
20210112160731479	  409   87    131   -210    535
20210112160731646	  409   89    132   -207    537
20210112160731779	  409   87    131   -210    536
20210112160731946	  409   88    131   -208    535
20210112160731979	  409   89    132   -207    537
20210112160732113	  409   87    131   -210    536
20210112160732379	  407   88    129   -210    538
20210112160732546	  411   87    134   -210    536
20210112160732713	  410   87    133   -210    536
20210112160732846	  410   86    132   -211    535
20210112160733013	  410   86    133   -211    535
20210112160733180	  409   86    131   -211    536
20210112160733313	  407   87    129   -211    538
20210112160733480	  409   86    131   -212    537
20210112160733613	  410   86    133   -211    536
20210112160733780	  411   85    134   -212    535
20210112160733946	  407   86    129   -212    538
20210112160734080	  410   85    133   -213    536
20210112160734213	  410   86    133   -212    537
20210112160734380	  409   86    132   -212    537
20210112160734513	  410   85    133   -212    535
20210112160734680	  410   86    133   -211    535
20210112160734847	  408   86    130   -212    537
20210112160734980	  407   87    129   -211    538
20210112160735047	  410   83    143   -232    576
20210112160735113	  411   85    134   -213    537
20210112160735180	  407   86    129   -212    539
20210112160735314	  408   86    130   -212    538
20210112160735380	  410   85    133   -213    537
20210112160735680	  411   85    134   -213    537
20210112160736014	  410   85    133   -213    537
20210112160736247	  409   85    132   -213    537
20210112160736380	  410   82    133   -217    536
20210112160736547	  410   83    133   -216    538
20210112160736714	  410   82    133   -217    536
20210112160736847	  411   83    134   -215    536
20210112160736981	  410   84    133   -215    537
20210112160737114	  410   84    133   -214    537
20210112160737214	  410   83    133   -216    536
20210112160737314	  411   82    134   -217    537
20210112160737647	  408  103    129   -186    533
20210112160737781	  406  114    127   -172    535
20210112160737948	  402  125    122   -157    536
20210112160738114	  399  140    118   -136    537
20210112160738248	  396  151    114   -121    540
20210112160738414	  391  166    109   -101    546
20210112160738581	  384  180    100    -82    551
20210112160738714	  380  192     95    -66    560
20210112160738881	  371  205     83    -47    567
20210112160739048	  364  219     75    -27    581
20210112160739181	  357  231     65     -9    592
20210112160739348	  355  234     62     -4    595
20210112160739515	  353  235     59     -2    597
20210112160739648	  350  238     55      1    598
20210112160739815	  353  237     60      0    597
20210112160739981	  350  237     55      0    600
20210112160740115	  349  240     54      5    602
20210112160740281	  348  239     52      3    602
20210112160740448	  349  241     54      6    605
20210112160740582	  348  240     52      5    605
20210112160740748	  348  242     52      8    606
20210112160740915	  348  243     52      9    606
20210112160741048	  350  240     55      5    603
20210112160741215	  357  229     65    -12    588
20210112160741382	  364  220     75    -25    581
20210112160741515	  369  213     81    -35    571
20210112160741682	  375  201     89    -53    564
20210112160741848	  381  190     96    -68    557
20210112160741982	  386  180    102    -82    550
20210112160742149	  392  167    110   -100    544
20210112160742315	  396  154    114   -117    539
20210112160742449	  398  145    117   -130    538
20210112160742615	  403  132    123   -147    536
20210112160742782	  408  120    130   -163    534
20210112160742915	  408  115    130   -170    534
20210112160743082	  410  112    133   -175    536
20210112160743249	  408  109    130   -179    537
20210112160743416	  410  105    133   -185    535
20210112160743549	  409  103    131   -187    534
20210112160743716	  409  100    131   -192    536
20210112160743882	  408  100    130   -192    538
20210112160744049	  410   99    133   -194    538
20210112160744182	  410   97    133   -197    537
20210112160744349	  410   95    133   -199    537
20210112160744516	  411   95    135   -199    537
20210112160744683	  410   94    133   -201    537
20210112160744816	  408   95    131   -200    540
20210112160744983	  411   93    135   -202    538
20210112160745149	  410   91    133   -204    536
20210112160745283	  411   93    135   -202    538
20210112160745449	  411   94    135   -201    538
20210112160745616	  411   91    134   -205    537
20210112160745783	  410   90    133   -206    536
20210112160745916	  412   92    136   -204    538
20210112160746083	  412   91    136   -205    537
20210112160746216	  412   92    136   -204    538
20210112160746383	  410   90    133   -206    537
20210112160746550	  410   90    133   -207    538
20210112160746716	  412   90    136   -206    538
20210112160746850	  412   90    136   -206    537
20210112160747016	  410   89    133   -208    537
20210112160747183	  410   90    133   -207    538
20210112160747350	  411   89    134   -208    537
20210112160747483	  412   89    136   -208    537
20210112160747650	  412   88    136   -209    538
20210112160747817	  410   89    133   -208    538
20210112160747950	  412   88    136   -209    537
20210112160748117	  410   89    133   -208    538
20210112160748283	  411   86    135   -212    538
20210112160748417	  411   88    134   -209    537
20210112160748584	  410   86    133   -212    538
20210112160748750	  411   86    134   -212    537
20210112160748884	  411   88    135   -209    538
20210112160749050	  412   87    136   -211    538
20210112160749217	  411   90    135   -207    539
20210112160749350	  409   87    132   -211    539
20210112160749517	  412   87    136   -211    538
20210112160749684	  410   86    133   -212    537
20210112160749817	  412   89    136   -208    539
20210112160749984	  410   89    133   -208    539
20210112160750151	  411   88    135   -210    539
20210112160750284	  410   86    133   -212    537
20210112160750451	  412   87    136   -210    537
20210112160750617	  412   86    136   -212    538
20210112160750751	  410   86    133   -212    538
20210112160750917	  411   86    135   -212    538
20210112160751084	  409   86    132   -213    540
20210112160751217	  411   85    134   -213    537
20210112160751384	  411   86    135   -212    538
20210112160751551	  410   85    133   -214    538
20210112160751684	  410   85    133   -213    538
20210112160751851	  408   86    131   -213    540
20210112160752018	  413   87    138   -211    538
20210112160752151	  411   87    135   -211    538
20210112160752318	  410   86    133   -213    539
20210112160752484	  410   87    133   -211    539
20210112160752651	  412   84    136   -215    538
20210112160752785	  412   86    136   -212    538
20210112160752951	  410   85    134   -214    540
20210112160753085	  412   85    136   -214    539
20210112160753251	  412   84    136   -215    539
20210112160753418	  411   83    135   -217    539
20210112160753551	  411   92    134   -203    537
20210112160753718	  407  107    129   -183    537
20210112160753851	  408  113    131   -174    538
20210112160754018	  405  127    127   -155    540
20210112160754185	  402  137    122   -141    538
20210112160754352	  396  154    115   -118    542
20210112160754485	  392  163    110   -106    547
20210112160754652	  386  180    103    -82    552
20210112160754818	  379  193     94    -64    561
20210112160754985	  371  207     84    -44    571
20210112160755118	  364  218     75    -28    580
20210112160755285	  357  231     65     -9    593
20210112160755452	  356  233     64     -5    594
20210112160755585	  355  235     62     -2    595
20210112160755785	  352  236     58     -1    598
20210112160755852	  352  235     58     -2    598
20210112160756052	  351  239     57      3    599
20210112160756219	  350  239     55      3    599
20210112160756385	  350  239     55      3    604
20210112160756552	  349  240     53      4    604
20210112160756719	  350  240     56      5    606
20210112160756886	  347  242     51      8    606
20210112160757052	  350  240     56      5    607
20210112160757186	  352  236     58     -1    598
20210112160757352	  360  227     69    -15    584
20210112160757486	  364  220     74    -25    579
20210112160757552	  368  215     80    -32    573
20210112160757786	  376  199     90    -55    561
20210112160757986	  385  186    102    -74    556
20210112160758153	  391  174    109    -90    547
20210112160758286	  393  163    111   -105    542
20210112160758453	  397  151    116   -121    539
20210112160758619	  403  137    123   -140    536
20210112160758786	  406  125    127   -157    536
20210112160758919	  406  116    127   -169    534
20210112160759086	  407  113    129   -174    537
20210112160759219	  409  106    131   -183    535
20210112160759420	  409  104    132   -186    536
20210112160759486	  409  103    132   -188    536
20210112160759586	  410  100    133   -192    536
20210112160759820	  410   97    133   -196    537
20210112160800020	  411   96    135   -198    537
20210112160800186	  411   95    135   -199    538
20210112160800353	  411   96    135   -198    537
20210112160800520	  409   96    132   -198    538
20210112160800653	  411   94    135   -201    538
20210112160800820	  410   93    133   -202    537
20210112160800987	  411   93    135   -202    538
20210112160801120	  411   92    134   -203    537
20210112160801287	  411   92    135   -203    537
20210112160801453	  411   91    134   -205    537
20210112160801620	  410   91    133   -205    538
20210112160801753	  412   90    136   -206    537
20210112160801920	  411   92    135   -204    538
20210112160802087	  411   90    134   -206    537
20210112160802254	  411   88    134   -209    537
20210112160802387	  412   89    136   -208    538
20210112160802554	  411   89    135   -208    538
20210112160802720	  409   89    132   -208    539
20210112160802887	  412   89    136   -208    537
20210112160803020	  410   88    133   -209    538
20210112160803187	  412   88    136   -210    539
20210112160803354	  411   87    135   -211    538
20210112160803487	  411   88    135   -209    538
20210112160803654	  410   88    133   -210    539
20210112160803821	  411   87    135   -211    538
20210112160803987	  411   87    135   -211    538
20210112160804121	  410   85    133   -213    537
20210112160804287	  411   86    134   -212    537
20210112160804454	  409   86    132   -212    537
20210112160804621	  409   86    132   -212    537
20210112160804754	  410   85    133   -213    536
20210112160804921	  410   84    133   -214    536
20210112160805054	  410   85    133   -213    537
20210112160805221	  409   85    131   -213    536
20210112160805388	  407   85    129   -214    538
20210112160805554	  410   83    133   -216    536
20210112160805721	  410   84    133   -214    537
20210112160805888	  410   85    133   -213    537
20210112160806021	  409   82    131   -217    536
20210112160806188	  410   82    133   -217    536
20210112160806355	  411   82    134   -217    537
20210112160806488	  410   82    133   -217    536
20210112160806655	  411   82    134   -217    536
20210112160806821	  411   84    134   -214    537
20210112160806955	  411   83    134   -216    537
20210112160807122	  411   82    134   -217    536
20210112160807288	  410   83    133   -216    537
20210112160807455	  410   82    133   -217    536
20210112160807622	  411   83    134   -216    537
20210112160807755	  410   83    133   -215    536
20210112160807922	  409   83    131   -216    537
20210112160808088	  410   82    133   -217    536
20210112160808255	  411   83    134   -216    536
20210112160808389	  409   83    131   -216    537
20210112160808555	  410   82    133   -217    536
20210112160808722	  411   83    134   -215    536
20210112160808889	  410   83    133   -216    538
20210112160809022	  410   84    133   -215    537
20210112160809189	  410   83    133   -216    537
20210112160809355	  411   83    134   -216    537
20210112160809489	  411   82    134   -217    536
20210112160809655	  410   92    132   -202    535
20210112160809822	  408  103    130   -187    534
20210112160809989	  405  115    125   -170    533
20210112160810122	  403  125    124   -157    538
20210112160810289	  401  137    120   -140    536
20210112160810456	  396  153    115   -119    542
20210112160810589	  392  162    110   -107    544
20210112160810756	  386  179    102    -83    551
20210112160810922	  376  194     90    -63    561
20210112160811089	  373  203     86    -50    566
20210112160811222	  366  216     77    -31    573
20210112160811389	  356  230     63    -10    590
20210112160811556	  356  231     63     -9    590
20210112160811723	  353  234     59     -4    596
20210112160811889	  352  236     58     -1    597
20210112160812023	  353  236     60     -1    599
20210112160812189	  351  237     57      0    600
20210112160812356	  349  239     53      3    599
20210112160812523	  349  238     54      1    601
20210112160812656	  350  239     55      3    601
20210112160812823	  348  241     52      6    604
20210112160812990	  348  241     52      6    606
20210112160813123	  349  242     54      8    605
20210112160813290	  354  232     61     -7    594
20210112160813456	  361  225     70    -18    582
20210112160813623	  366  215     77    -33    574
20210112160813756	  373  205     86    -47    567
20210112160813923	  379  194     94    -63    559
20210112160814090	  385  182    101    -79    551
20210112160814257	  389  170    106    -96    546
20210112160814390	  393  159    111   -111    543
20210112160814557	  399  147    118   -127    539
20210112160814723	  404  133    125   -146    536
20210112160814857	  406  125    127   -157    536
20210112160815023	  407  114    128   -172    534
20210112160815190	  407  112    129   -175    537
20210112160815357	  407  109    129   -180    537
20210112160815524	  410  104    133   -186    535
20210112160815690	  408  103    130   -187    534
20210112160815824	  410  103    133   -188    536
20210112160816024	  408  100    130   -192    536
20210112160816157	  411   99    134   -194    537
20210112160816324	  410   99    133   -194    537
20210112160816490	  410   96    133   -198    538
20210112160816657	  410   94    133   -201    538
20210112160816824	  410   92    133   -203    537
20210112160816957	  411   94    135   -201    538
20210112160817124	  411   92    134   -203    537
20210112160817291	  411   92    134   -203    536
20210112160817457	  410   90    133   -206    537
20210112160817591	  411   90    134   -206    536
20210112160817757	  411   91    134   -205    537
20210112160817924	  412   91    136   -205    537
20210112160818091	  411   92    135   -204    538
20210112160818258	  412   90    136   -206    537
20210112160818391	  412   90    136   -206    537
20210112160818558	  411   90    134   -206    536
20210112160818724	  412   89    136   -208    537
20210112160818891	  411   88    135   -209    538
20210112160819024	  412   88    136   -209    538
20210112160819191	  411   87    135   -211    538
20210112160819358	  411   86    134   -212    537
20210112160819525	  411   88    134   -209    537
20210112160819691	  412   87    136   -210    537
20210112160819858	  410   86    133   -211    536
20210112160820025	  410   86    133   -211    536
20210112160820191	  411   85    134   -212    535
20210112160820358	  411   86    134   -211    536
20210112160820525	  407   85    129   -213    537
20210112160820692	  411   83    134   -215    536
20210112160820825	  408   86    130   -212    538
20210112160821025	  411   84    134   -214    536
20210112160821192	  409   86    132   -212    537
20210112160821325	  411   84    134   -214    535
20210112160821492	  411   83    134   -216    537
20210112160821659	  410   84    133   -214    535
20210112160821859	  411   85    134   -213    537
20210112160822025	  411   84    134   -214    536
20210112160822192	  410   84    133   -214    536
20210112160822359	  411   84    134   -214    537
20210112160822559	  409   84    132   -215    537
20210112160822725	  411   84    134   -214    537
20210112160822892	  411   82    134   -217    536
20210112160823059	  409   83    131   -216    536
20210112160823226	  410   83    133   -215    536
20210112160823392	  408   85    131   -214    538
20210112160823592	  411   83    134   -216    536
20210112160823726	  410   82    133   -217    536
20210112160823892	  410   83    133   -216    536
20210112160824059	  411   82    134   -217    536
20210112160824226	  409   83    132   -216    537
20210112160824426	  410   83    133   -215    536
20210112160824559	  411   81    134   -218    536
20210112160824759	  410   81    133   -218    536
20210112160824926	  411   83    134   -216    536
20210112160825093	  410   83    133   -216    536
20210112160825259	  410   81    133   -218    536
20210112160825426	  411   84    134   -214    536
20210112160825626	  410   82    132   -216    535
20210112160825793	  408   98    130   -195    536
20210112160825960	  407  109    129   -180    537
20210112160826126	  405  120    125   -163    534
20210112160826293	  402  133    122   -146    537
20210112160826460	  398  147    117   -127    539
20210112160826827	  386  179    102    -83    550
20210112160826993	  380  193     95    -64    559
20210112160827160	  372  208     85    -43    569
20210112160827327	  363  221     73    -24    580
20210112160827493	  356  232     64     -7    594
20210112160827660	  356  232     64     -7    592
20210112160827827	  353  235     59     -2    597
20210112160827994	  352  235     58     -2    596
20210112160828194	  352  237     58      0    598
20210112160828360	  353  236     60     -1    599
20210112160828527	  349  238     54      1    601
20210112160828694	  352  239     58      3    601
20210112160828894	  349  239     54      3    603
20210112160829060	  347  240     51      5    603
20210112160829227	  349  240     53      4    604
20210112160829394	  348  241     52      6    606
20210112160829561	  349  241     54      6    607
20210112160829761	  348  241     52      6    607
20210112160829927	  349  242     54      8    606
20210112160830094	  348  242     52      8    607
20210112160830261	  344  244     46     11    610
20210112160830461	  344  244     46     11    611
20210112160830627	  346  242     49      8    607
20210112160830794	  345  243     48      9    609
20210112160830961	  346  244     49     11    608
20210112160831128	  345  245     48     13    611
20210112160831328	  347  243     51      9    609
20210112160831494	  345  245     48     13    611
20210112160831661	  343  246     45     14    613
20210112160831828	  344  245     46     13    611
20210112160831994	  345  245     48     13    612
20210112160832195	  344  245     46     13    610
20210112160832361	  346  246     50     14    612
20210112160832528	  344  244     46     11    611
20210112160832695	  342  246     43     14    612
20210112160832861	  345  246     48     14    611
20210112160833061	  345  246     48     14    612
20210112160833228	  343  245     45     13    613
20210112160833395	  343  246     45     14    612
20210112160833562	  343  246     45     14    612
20210112160833728	  345  247     48     16    612
20210112160833928	  344  247     47     16    613
20210112160834095	  345  247     48     16    613
20210112160834262	  343  246     45     14    614
20210112160834428	  343  245     45     13    613
20210112160834595	  343  246     45     14    614
20210112160834762	  343  247     45     16    614
20210112160834962	  344  247     47     16    614
20210112160835129	  342  246     43     14    615
20210112160835295	  341  247     42     16    615
20210112160835462	  344  248     47     18    613
20210112160835662	  342  247     43     16    615
20210112160835829	  342  247     43     16    614
20210112160835995	  342  247     43     16    614
20210112160836162	  342  247     43     16    614
20210112160836329	  342  247     43     16    615
20210112160836496	  342  247     43     16    615
20210112160836696	  341  248     42     18    616
