20210112163413551	  305  300    -16    107    647
20210112163413781	  306  300    -15    108    647
20210112163413880	  305  301    -16    109    647
20210112163413980	  305  301    -16    109    647
20210112163414079	  305  301    -16    109    647
20210112163414179	  305  301    -16    109    646
20210112163414245	  305  301    -16    109    647
20210112163414411	  305  301    -16    109    647
20210112163414511	  305  301    -16    109    647
20210112163414577	  305  301    -16    109    647
20210112163414677	  305  301    -16    109    647
20210112163414777	  305  301    -16    109    646
20210112163414876	  305  301    -16    109    647
20210112163414943	  305  301    -16    109    647
20210112163415076	  305  300    -16    107    647
20210112163415175	  305  301    -16    109    646
20210112163415275	  305  300    -16    107    647
20210112163415341	  305  301    -16    109    646
20210112163415440	  305  302    -16    111    646
20210112163415539	  305  302    -16    111    645
20210112163415639	  305  301    -16    109    646
20210112163415705	  305  302    -16    111    646
20210112163415804	  305  300    -16    107    647
20210112163415905	  305  301    -16    109    646
20210112163416005	  305  300    -16    107    646
20210112163416105	  305  302    -16    111    646
20210112163416205	  305  302    -16    111    646
20210112163416305	  305  300    -16    107    647
20210112163416405	  305  302    -16    111    645
20210112163416471	  305  301    -16    109    645
20210112163416571	  305  301    -16    109    646
20210112163416671	  305  300    -16    107    646
20210112163416771	  304  302    -18    111    645
20210112163416838	  305  300    -16    107    647
20210112163416937	  305  301    -16    109    646
20210112163417037	  305  301    -16    109    645
20210112163417104	  305  299    -16    106    648
20210112163417203	  304  302    -18    110    645
20210112163417303	  305  300    -16    107    647
20210112163417403	  305  300    -16    107    647
20210112163417502	  305  302    -16    110    645
20210112163417602	  305  301    -16    109    645
20210112163417701	  305  300    -16    107    646
20210112163417768	  305  302    -16    111    645
20210112163417868	  305  302    -16    111    645
20210112163417967	  305  302    -16    111    646
20210112163418067	  305  301    -16    109    646
20210112163418134	  305  302    -16    111    645
20210112163418233	  305  302    -16    111    645
20210112163418333	  305  302    -16    111    645
20210112163418433	  305  301    -16    109    646
20210112163418499	  305  301    -16    109    646
20210112163418632	  305  300    -16    107    647
20210112163418732	  305  302    -16    111    646
20210112163418832	  305  301    -16    109    647
20210112163418899	  305  300    -16    107    647
20210112163418999	  305  300    -16    107    647
20210112163419099	  305  301    -16    109    645
20210112163419199	  305  300    -16    107    647
20210112163419265	  305  301    -16    109    645
20210112163419365	  305  300    -16    107    647
20210112163419465	  305  302    -16    111    645
20210112163419565	  304  302    -18    111    646
20210112163419632	  305  300    -16    107    647
20210112163419732	  305  300    -16    107    646
20210112163419832	  305  300    -16    107    647
20210112163419932	  305  301    -16    109    647
20210112163420032	  305  301    -16    109    646
20210112163420132	  305  300    -16    107    646
20210112163420232	  305  300    -16    107    647
20210112163420299	  305  300    -16    107    646
20210112163420399	  305  301    -16    109    647
20210112163420499	  305  301    -16    109    646
20210112163420566	  305  301    -16    109    646
20210112163420666	  305  300    -16    107    647
20210112163420766	  305  300    -16    107    647
20210112163420866	  305  302    -16    111    646
20210112163420966	  303  300    -20    107    647
20210112163421032	  305  301    -16    109    646
20210112163421166	  305  300    -16    107    646
20210112163421266	  305  300    -16    108    647
20210112163421332	  305  302    -16    111    646
20210112163421433	  305  301    -16    109    646
20210112163421533	  305  301    -16    109    647
20210112163421633	  304  302    -18    111    646
20210112163421699	  305  301    -16    109    646
20210112163421799	  304  302    -18    111    645
20210112163421899	  305  302    -16    111    646
20210112163421999	  305  300    -16    107    646
20210112163422066	  306  301    -15    109    646
20210112163422166	  305  300    -16    107    647
20210112163422266	  305  301    -16    109    646
20210112163422333	  305  300    -16    107    647
20210112163422466	  305  300    -16    107    646
20210112163422566	  305  300    -16    107    647
20210112163422633	  305  300    -16    107    647
20210112163422733	  305  302    -16    111    645
20210112163422833	  305  301    -16    109    646
20210112163422933	  305  300    -16    107    647
20210112163423000	  305  302    -16    111    646
20210112163423100	  305  300    -16    107    647
20210112163423200	  305  301    -16    109    647
20210112163423300	  305  300    -16    108    648
20210112163423366	  305  300    -16    108    648
20210112163423466	  305  300    -16    108    648
20210112163423566	  305  301    -16    109    647
20210112163423700	  305  300    -16    107    647
20210112163423766	  305  302    -16    111    646
20210112163423866	  305  301    -16    109    647
20210112163423966	  305  300    -16    107    647
20210112163424033	  305  300    -16    108    648
20210112163424133	  305  300    -16    108    648
20210112163424233	  305  300    -16    108    647
20210112163424333	  305  301    -16    109    646
20210112163424400	  305  301    -16    109    647
20210112163424500	  305  302    -16    111    646
20210112163424600	  305  302    -16    111    645
20210112163424700	  305  302    -16    111    646
20210112163424767	  305  301    -16    109    647
20210112163424900	  305  301    -16    109    646
20210112163425000	  305  300    -16    107    647
20210112163425067	  305  301    -16    109    646
20210112163425167	  305  301    -16    109    646
20210112163425267	  305  300    -16    107    647
20210112163425367	  305  301    -16    109    646
20210112163425434	  305  301    -16    109    646
20210112163425534	  305  300    -16    107    646
20210112163425634	  305  302    -16    111    646
20210112163425734	  306  302    -15    111    645
20210112163425800	  304  302    -18    111    646
20210112163425900	  300  302    -25    110    641
20210112163426000	  299  301    -26    108    641
20210112163426134	  297  300    -29    106    636
20210112163426200	  297  301    -29    107    633
20210112163426300	  295  301    -32    106    629
20210112163426400	  294  300    -34    105    629
20210112163426500	  291  300    -39    104    627
20210112163426567	  289  300    -42    104    625
20210112163426667	  288  299    -44    102    623
20210112163426767	  285  298    -48    100    620
20210112163426834	  285  297    -48     98    620
20210112163426934	  283  297    -51     98    618
20210112163427034	  280  296    -56     96    617
20210112163427101	  279  295    -58     94    615
20210112163427201	  277  294    -61     92    614
20210112163427301	  275  293    -64     90    613
20210112163427434	  273  291    -67     87    610
20210112163427501	  273  289    -67     84    608
20210112163427601	  271  288    -70     81    606
20210112163427701	  269  287    -72     80    604
20210112163427801	  271  289    -70     83    607
20210112163427867	  270  288    -71     81    605
20210112163427967	  269  287    -73     80    605
20210112163428068	  269  288    -72     81    604
20210112163428168	  269  287    -73     80    606
20210112163428234	  270  287    -71     80    605
20210112163428334	  270  286    -71     78    604
20210112163428434	  270  287    -71     80    606
20210112163428534	  270  286    -71     78    606
20210112163428634	  270  286    -71     78    605
20210112163428734	  271  287    -70     80    606
20210112163428834	  268  285    -74     77    606
20210112163428934	  268  286    -74     78    605
20210112163429001	  270  285    -71     77    607
20210112163429101	  269  286    -73     78    606
20210112163429201	  269  285    -73     77    607
20210112163429301	  267  285    -76     77    605
20210112163429368	  269  285    -73     77    606
20210112163429468	  268  284    -75     75    608
20210112163429568	  270  286    -71     78    606
20210112163429668	  269  285    -73     77    607
20210112163429735	  268  284    -74     75    607
20210112163429868	  267  285    -76     77    605
20210112163429968	  267  285    -76     77    606
20210112163430068	  269  285    -73     77    606
20210112163430135	  267  285    -76     77    606
20210112163430268	  267  285    -76     77    605
20210112163430335	  268  285    -74     76    604
20210112163430435	  268  285    -74     77    605
20210112163430535	  269  286    -73     78    606
20210112163430601	  268  285    -74     77    605
20210112163430701	  268  284    -74     75    606
20210112163430802	  269  284    -73     75    608
20210112163430902	  269  285    -73     77    605
20210112163430968	  267  284    -76     75    605
20210112163431102	  268  284    -74     75    607
20210112163431202	  268  283    -74     73    606
20210112163431268	  269  284    -73     75    606
20210112163431368	  268  285    -74     77    606
20210112163431468	  268  284    -74     75    605
20210112163431568	  269  285    -73     77    606
20210112163431668	  268  284    -74     75    606
20210112163431768	  268  283    -74     73    606
20210112163431835	  268  283    -74     73    606
20210112163431935	  267  284    -76     75    605
20210112163432035	  267  284    -76     75    606
20210112163432102	  268  283    -74     73    606
20210112163432202	  269  284    -73     75    606
20210112163432335	  269  284    -73     75    606
20210112163432435	  266  284    -77     75    605
20210112163432535	  268  284    -74     75    606
20210112163432635	  268  284    -74     75    605
20210112163432702	  268  284    -74     75    606
20210112163432802	  267  284    -76     75    606
20210112163432935	  268  285    -74     77    606
20210112163433035	  266  284    -77     75    605
20210112163433135	  268  284    -74     75    606
20210112163433202	  267  284    -76     75    606
20210112163433302	  266  283    -77     73    604
20210112163433402	  267  283    -76     73    605
20210112163433602	  267  284    -76     75    605
20210112163433702	  266  283    -77     73    606
20210112163433802	  267  284    -76     75    606
20210112163433902	  267  283    -76     73    605
20210112163433969	  266  284    -77     75    604
20210112163434069	  267  282    -76     72    607
20210112163434169	  268  282    -74     72    606
20210112163434269	  267  284    -76     75    606
20210112163434336	  268  283    -74     74    607
20210112163434436	  268  282    -74     72    606
20210112163434536	  267  282    -76     72    606
20210112163434602	  267  283    -76     73    607
20210112163434702	  267  283    -76     74    607
20210112163434836	  266  283    -77     73    605
20210112163434936	  268  283    -74     73    606
20210112163435003	  267  283    -76     73    606
20210112163435103	  268  284    -74     75    605
20210112163435203	  268  282    -74     72    607
20210112163435303	  269  284    -73     75    606
20210112163435369	  268  282    -74     72    606
20210112163435469	  268  284    -74     75    605
20210112163435569	  267  283    -76     73    604
20210112163435636	  268  284    -74     75    606
20210112163435736	  267  284    -76     75    605
20210112163435836	  267  283    -76     73    604
20210112163435936	  268  283    -74     73    606
20210112163436036	  267  284    -76     75    605
20210112163436136	  266  282    -77     72    606
20210112163436236	  268  282    -74     72    606
20210112163436336	  266  283    -77     73    605
20210112163436436	  268  283    -74     73    606
20210112163436503	  268  284    -74     75    605
20210112163436603	  269  283    -73     73    606
20210112163436703	  267  283    -76     73    605
20210112163436803	  267  283    -76     73    604
20210112163436903	  266  283    -77     73    604
20210112163437003	  269  284    -73     75    606
20210112163437070	  266  283    -77     73    604
20210112163437170	  266  283    -77     73    604
20210112163437270	  267  283    -76     73    605
20210112163437403	  266  281    -77     70    603
20210112163437470	  267  282    -76     72    605
20210112163437570	  268  282    -74     72    607
20210112163437670	  267  283    -76     73    604
20210112163437770	  266  283    -77     73    604
20210112163437870	  268  282    -74     72    605
20210112163437970	  265  282    -79     72    604
20210112163438070	  268  282    -74     72    604
20210112163438137	  267  282    -76     72    604
20210112163438270	  270  287    -71     80    605
20210112163438370	  283  294    -51     93    618
20210112163438470	  286  297    -47     98    622
20210112163438570	  287  299    -45    102    626
20210112163438670	  296  302    -31    108    631
20210112163438770	  296  303    -31    110    633
20210112163438870	  296  304    -31    112    633
20210112163438970	  298  301    -28    107    637
20210112163439070	  302  303    -21    112    645
20210112163439170	  301  302    -23    111    648
20210112163439237	  300  301    -25    109    648
20210112163439370	  306  301    -15    109    648
20210112163439470	  305  302    -16    112    653
20210112163439570	  304  301    -18    110    654
20210112163439670	  305  301    -16    109    648
20210112163439770	  305  302    -16    112    652
20210112163439904	  305  302    -17    112    655
20210112163440004	  308  301    -12    110    652
20210112163440104	  304  302    -18    111    650
20210112163440171	  300  302    -25    111    650
20210112163440271	  300  300    -25    107    646
20210112163440404	  298  300    -28    107    642
20210112163440471	  296  301    -31    108    638
20210112163440604	  296  300    -31    105    633
20210112163440704	  292  299    -38    103    633
20210112163440771	  289  299    -43    103    633
20210112163440904	  288  296    -44     98    629
20210112163441004	  285  296    -49     97    625
20210112163441137	  284  294    -50     93    622
20210112163441237	  283  293    -51     91    619
20210112163441338	  281  293    -55     91    617
20210112163441471	  278  291    -59     87    614
20210112163441571	  275  289    -64     84    612
20210112163441671	  273  289    -67     84    610
20210112163441771	  271  287    -70     80    606
20210112163441871	  271  286    -69     78    606
20210112163442004	  268  285    -74     77    606
20210112163442104	  270  285    -71     77    607
20210112163442204	  270  285    -71     77    607
20210112163442338	  269  283    -73     74    607
20210112163442438	  270  286    -71     78    606
20210112163442538	  269  283    -73     73    606
20210112163442638	  269  285    -73     77    605
20210112163442771	  268  284    -74     75    606
20210112163442871	  269  283    -73     74    607
20210112163442971	  267  283    -76     73    605
20210112163443071	  268  284    -74     75    606
20210112163443171	  268  283    -74     73    605
20210112163443271	  268  284    -74     75    606
20210112163443371	  268  284    -74     75    606
20210112163443505	  268  282    -74     72    607
20210112163443638	  269  282    -73     72    606
20210112163443738	  269  283    -73     73    606
20210112163443838	  268  283    -74     73    606
20210112163443972	  267  283    -76     73    605
20210112163444072	  268  284    -74     75    605
20210112163444172	  269  284    -73     75    607
20210112163444272	  268  282    -74     72    605
20210112163444372	  268  283    -74     73    606
20210112163444472	  268  282    -74     72    606
20210112163444605	  268  284    -74     75    606
20210112163444705	  267  283    -76     73    606
20210112163444838	  267  283    -76     73    603
20210112163444938	  266  283    -77     73    604
20210112163445038	  268  282    -74     72    607
20210112163445172	  268  281    -74     70    606
20210112163445272	  267  282    -76     72    605
20210112163445405	  267  283    -76     73    605
20210112163445505	  267  283    -76     73    604
20210112163445605	  267  284    -76     75    604
20210112163445705	  269  283    -73     74    609
20210112163445839	  266  282    -77     71    603
20210112163445939	  267  283    -76     73    605
20210112163446039	  268  282    -74     72    605
20210112163446172	  266  282    -77     71    602
20210112163446272	  266  282    -77     71    603
20210112163446372	  267  282    -76     72    604
20210112163446472	  268  282    -74     71    603
20210112163446606	  267  283    -76     73    605
20210112163446739	  268  283    -74     73    603
20210112163446839	  268  281    -74     70    603
20210112163446939	  268  281    -74     70    606
20210112163447039	  270  284    -71     75    606
20210112163447172	  266  281    -77     70    603
20210112163447272	  268  281    -74     70    604
20210112163447306	  267  282    -76     72    605
20210112163447472	  268  283    -74     73    603
20210112163447606	  268  281    -74     70    605
20210112163447706	  268  281    -74     70    605
20210112163447806	  267  282    -76     71    603
20210112163447939	  268  281    -74     70    604
20210112163448039	  267  282    -76     72    604
20210112163448139	  268  282    -74     72    605
20210112163448239	  268  281    -74     70    603
20210112163448373	  267  282    -76     72    604
20210112163448473	  268  281    -74     70    604
20210112163448573	  267  281    -76     70    604
20210112163448706	  268  283    -74     73    604
20210112163448806	  269  281    -73     70    605
20210112163448906	  266  282    -77     71    603
20210112163449006	  267  282    -76     72    603
20210112163449139	  266  282    -77     71    603
20210112163449240	  268  283    -74     73    604
20210112163449340	  268  282    -74     72    604
20210112163449473	  266  282    -77     71    602
20210112163449573	  267  282    -76     72    605
20210112163449673	  268  281    -74     70    604
20210112163449773	  267  282    -76     72    604
20210112163449873	  266  282    -77     71    603
20210112163450006	  267  282    -76     72    605
20210112163450106	  266  282    -77     72    604
20210112163450206	  266  282    -77     72    605
20210112163450340	  267  282    -76     72    605
20210112163450440	  265  281    -79     70    602
20210112163450540	  267  282    -76     72    604
20210112163450673	  268  282    -74     72    604
20210112163450773	  266  282    -77     72    604
20210112163450873	  267  282    -76     72    605
20210112163451007	  266  282    -77     71    602
20210112163451107	  268  282    -74     72    605
20210112163451207	  267  280    -76     68    604
20210112163451307	  267  281    -76     70    603
20210112163451440	  268  281    -74     70    604
20210112163451540	  267  282    -76     71    603
20210112163451640	  267  282    -75     71    602
20210112163451773	  267  282    -76     72    603
20210112163451874	  268  280    -74     68    605
20210112163451974	  267  282    -75     71    602
20210112163452074	  266  282    -77     71    603
20210112163452207	  266  281    -77     70    603
20210112163452307	  268  280    -74     68    604
20210112163452407	  269  283    -73     73    605
20210112163452507	  267  284    -76     75    606
20210112163452640	  284  293    -50     92    621
20210112163452740	  287  298    -45    100    621
20210112163452840	  289  301    -42    106    627
20210112163452974	  297  302    -29    108    632
20210112163453074	  297  304    -29    112    632
20210112163453174	  298  302    -28    109    637
20210112163453274	  299  302    -26    110    640
20210112163453407	  300  302    -25    111    645
20210112163453507	  304  301    -18    109    646
20210112163453607	  304  302    -18    111    648
20210112163453741	  305  298    -17    110    686
20210112163453841	  303  301    -20    110    652
20210112163453941	  305  301    -16    109    648
20210112163454041	  306  301    -15    110    653
20210112163454274	  304  301    -18    110    651
20210112163454374	  303  301    -20    110    650
20210112163454507	  299  300    -26    107    645
20210112163454608	  299  300    -26    107    642
20210112163454708	  297  299    -30    104    638
20210112163454841	  295  299    -33    104    634
20210112163454941	  293  298    -36    102    634
20210112163455041	  290  297    -41     99    629
20210112163455141	  288  297    -44     99    629
20210112163455274	  286  295    -47     96    625
20210112163455374	  284  294    -50     93    622
20210112163455474	  283  294    -51     93    618
20210112163455608	  278  292    -60     90    618
20210112163455708	  277  290    -61     86    617
20210112163455808	  275  289    -64     84    612
20210112163455941	  272  288    -69     82    609
20210112163456041	  269  285    -73     77    608
20210112163456141	  267  285    -76     77    606
20210112163456241	  271  284    -70     75    609
20210112163456375	  270  283    -72     74    610
20210112163456475	  269  284    -73     75    608
20210112163456575	  268  283    -75     74    608
20210112163456708	  269  284    -73     75    608
20210112163456808	  269  283    -73     73    608
20210112163456908	  269  283    -73     74    607
20210112163457008	  269  284    -73     75    607
20210112163457142	  268  284    -75     75    608
20210112163457242	  269  284    -73     75    607
20210112163457342	  268  282    -74     72    606
20210112163457608	  268  283    -74     74    607
20210112163457742	  267  282    -76     72    606
20210112163457842	  267  283    -76     73    606
20210112163457942	  268  282    -74     72    605
20210112163458175	  268  282    -74     72    606
20210112163458275	  267  283    -76     73    605
20210112163458375	  269  282    -73     72    606
20210112163458509	  266  283    -77     73    604
20210112163458609	  268  281    -74     70    607
20210112163458709	  267  283    -76     73    605
20210112163458842	  269  283    -73     74    607
20210112163458975	  268  281    -74     70    606
20210112163459075	  267  282    -76     72    605
20210112163459175	  267  282    -76     72    606
20210112163459275	  266  282    -77     72    605
20210112163459409	  267  282    -76     72    606
20210112163459509	  268  281    -74     70    605
20210112163459609	  268  281    -74     70    605
20210112163459742	  267  282    -76     72    604
20210112163459842	  268  281    -74     70    606
20210112163459942	  268  281    -74     70    606
20210112163500042	  267  282    -76     72    604
20210112163500176	  268  282    -74     72    604
20210112163500276	  266  281    -77     70    604
20210112163500376	  267  282    -76     72    604
20210112163500509	  268  281    -74     70    606
20210112163500609	  267  282    -75     71    603
20210112163500709	  266  281    -77     70    603
20210112163500842	  266  282    -77     72    604
20210112163500942	  267  282    -76     71    603
20210112163501042	  266  282    -77     72    605
20210112163501143	  267  282    -76     72    604
20210112163501276	  267  281    -75     70    603
20210112163501376	  266  282    -77     72    605
20210112163501476	  267  282    -76     72    604
20210112163501576	  268  282    -74     72    605
20210112163501709	  267  282    -76     72    605
20210112163501809	  267  280    -76     69    605
20210112163501909	  268  282    -74     72    606
20210112163502043	  266  281    -77     70    604
20210112163502143	  266  281    -77     70    604
20210112163502243	  267  281    -76     70    605
20210112163502343	  267  282    -76     72    605
20210112163502476	  267  280    -76     68    604
20210112163502576	  267  281    -76     70    604
20210112163502676	  266  281    -77     70    604
20210112163502810	  267  281    -76     70    603
20210112163502910	  266  281    -77     70    604
20210112163503010	  268  280    -74     68    604
20210112163503143	  267  281    -76     70    604
20210112163503243	  267  281    -76     70    604
20210112163503343	  266  281    -77     70    603
20210112163503443	  267  282    -76     72    604
20210112163503576	  267  282    -76     72    605
20210112163503676	  268  281    -74     70    605
20210112163503776	  265  282    -79     71    603
20210112163503910	  267  280    -76     68    604
20210112163504010	  266  281    -77     70    604
20210112163504110	  268  282    -74     72    605
20210112163504210	  266  281    -77     70    605
20210112163504343	  267  282    -76     72    603
20210112163504443	  268  280    -74     68    605
20210112163504543	  266  281    -77     70    604
20210112163504677	  268  280    -74     68    604
20210112163504777	  267  281    -76     70    604
20210112163504877	  268  281    -74     70    605
20210112163505010	  266  281    -77     70    603
20210112163505110	  268  280    -74     68    605
20210112163505210	  268  281    -74     70    605
20210112163505310	  268  280    -74     69    605
20210112163505444	  267  281    -76     70    604
20210112163505544	  268  280    -74     69    605
20210112163505644	  268  282    -74     72    604
20210112163505744	  266  281    -77     70    604
20210112163505877	  266  280    -77     68    604
20210112163505977	  268  282    -74     72    606
20210112163506077	  266  280    -77     68    603
20210112163506177	  267  280    -76     68    604
20210112163506310	  266  281    -77     70    605
20210112163506410	  266  280    -77     68    604
20210112163506510	  266  281    -77     70    603
20210112163506611	  267  281    -76     70    605
20210112163506744	  264  283    -80     73    604
20210112163506844	  277  291    -61     88    615
20210112163506977	  285  296    -48     97    622
20210112163507077	  288  299    -44    102    624
20210112163507177	  296  301    -31    106    631
20210112163507311	  295  302    -33    109    635
20210112163507411	  295  301    -33    107    634
20210112163507511	  299  303    -26    111    637
20210112163507644	  299  301    -26    109    646
20210112163507744	  302  301    -22    110    650
20210112163507844	  303  302    -20    111    646
20210112163507978	  304  301    -18    110    651
20210112163508078	  303  301    -20    110    650
20210112163508178	  304  303    -18    113    650
20210112163508311	  306  303    -15    113    652
20210112163508411	  305  301    -16    110    653
20210112163508511	  306  300    -15    108    650
20210112163508644	  302  300    -22    108    650
20210112163508744	  301  300    -23    107    645
20210112163508878	  299  299    -26    105    641
20210112163508978	  296  299    -31    104    636
20210112163509078	  296  299    -31    104    633
20210112163509178	  294  299    -34    103    630
20210112163509311	  290  295    -41     96    629
20210112163509411	  288  296    -44     97    627
20210112163509511	  285  295    -49     95    624
20210112163509645	  283  293    -52     92    621
20210112163509745	  282  291    -53     88    617
20210112163509878	  279  291    -58     88    615
20210112163509978	  276  290    -62     86    614
20210112163510111	  273  287    -67     80    608
20210112163510211	  271  287    -70     80    608
20210112163510345	  270  284    -71     75    608
20210112163510445	  269  285    -73     77    607
20210112163510578	  270  284    -71     75    609
20210112163510678	  268  284    -75     75    608
20210112163510812	  269  282    -73     72    607
20210112163510912	  269  282    -73     72    608
20210112163511045	  270  283    -71     74    609
20210112163511145	  267  283    -76     73    604
20210112163511278	  269  284    -73     75    609
20210112163511378	  267  283    -76     73    606
20210112163511512	  269  282    -73     72    606
20210112163511645	  268  283    -74     73    606
20210112163511779	  267  281    -76     70    606
20210112163511879	  268  282    -74     72    605
20210112163512012	  269  283    -73     73    606
20210112163512112	  267  281    -76     70    605
20210112163512245	  269  283    -73     73    608
20210112163512379	  266  282    -77     71    603
20210112163512479	  268  282    -74     72    607
20210112163512612	  268  283    -74     73    605
20210112163512712	  267  281    -76     70    606
20210112163512845	  267  282    -76     72    605
20210112163512945	  266  282    -77     72    606
20210112163513079	  267  282    -76     72    604
20210112163513212	  266  282    -77     72    606
20210112163513446	  266  282    -77     72    604
20210112163513579	  267  282    -76     72    608
20210112163513679	  266  281    -77     70    603
20210112163513812	  268  281    -74     70    605
20210112163513912	  267  282    -76     72    604
20210112163514046	  268  283    -74     73    606
20210112163514179	  267  282    -76     72    605
20210112163514312	  266  281    -77     70    604
20210112163514413	  267  282    -76     72    606
20210112163514546	  267  281    -76     70    606
20210112163514646	  267  282    -76     72    605
20210112163514779	  267  282    -76     72    604
20210112163514913	  266  282    -77     72    606
20210112163515013	  269  281    -73     71    607
20210112163515379	  268  282    -74     72    604
20210112163515479	  267  281    -76     70    604
20210112163515613	  267  282    -76     72    606
20210112163515746	  267  281    -76     70    605
20210112163515880	  268  280    -74     69    606
20210112163515980	  267  281    -76     70    605
20210112163516113	  266  281    -77     70    605
20210112163516246	  269  282    -73     72    607
20210112163516380	  265  281    -79     70    604
20210112163516513	  268  281    -74     70    605
20210112163516613	  266  281    -77     70    607
20210112163516746	  268  281    -74     70    605
20210112163516880	  265  281    -79     70    605
20210112163517013	  268  282    -74     72    607
20210112163517113	  267  281    -76     70    605
20210112163517247	  267  281    -76     70    605
20210112163517380	  266  281    -77     70    604
20210112163517513	  266  281    -77     70    604
20210112163517647	  265  282    -79     72    604
20210112163517747	  267  280    -76     69    606
20210112163517880	  267  280    -76     68    604
20210112163518013	  267  280    -76     69    606
20210112163518147	  268  281    -74     70    606
20210112163518247	  268  282    -74     72    605
20210112163518380	  267  280    -76     69    606
20210112163518514	  266  281    -77     70    605
20210112163518647	  266  281    -77     70    605
20210112163518747	  267  280    -76     69    606
20210112163518880	  267  281    -76     70    606
20210112163519014	  268  280    -74     69    606
20210112163519147	  268  281    -74     70    606
20210112163519247	  268  281    -74     70    605
20210112163519381	  267  281    -76     70    605
20210112163519514	  266  280    -77     69    605
20210112163519647	  268  280    -74     69    607
20210112163519747	  266  281    -77     70    604
20210112163519881	  266  280    -77     69    605
20210112163520014	  266  281    -77     70    605
20210112163520147	  266  281    -77     70    603
20210112163520247	  266  281    -77     70    604
20210112163520381	  266  281    -77     70    605
20210112163520514	  268  281    -74     70    604
20210112163520647	  267  280    -76     69    606
20210112163520748	  267  280    -76     68    605
20210112163520881	  267  279    -76     67    605
20210112163521014	  270  285    -71     77    608
20210112163521148	  284  293    -50     92    621
20210112163521248	  285  297    -48     98    622
20210112163521381	  296  302    -31    107    627
20210112163521514	  295  302    -33    108    633
20210112163521648	  295  302    -33    108    633
20210112163521748	  301  301    -23    108    641
20210112163521881	  300  301    -25    109    645
20210112163522015	  301  301    -23    109    648
20210112163522148	  304  301    -18    109    648
20210112163522281	  302  301    -22    110    653
20210112163522381	  306  301    -15    109    648
20210112163522515	  304  301    -18    110    653
20210112163522648	  306  300    -15    108    652
20210112163522748	  305  301    -17    110    654
20210112163522881	  301  300    -23    108    648
20210112163523015	  300  300    -25    107    644
20210112163523148	  298  299    -28    105    643
20210112163523248	  295  299    -33    104    637
20210112163523382	  294  299    -34    103    632
20210112163523515	  291  298    -39    101    631
20210112163523648	  287  295    -46     96    629
20210112163523748	  285  294    -49     94    623
20210112163523882	  284  293    -50     92    622
20210112163524015	  281  292    -55     89    617
20210112163524148	  278  290    -59     86    617
20210112163524282	  276  288    -62     82    613
20210112163524382	  273  286    -67     78    610
20210112163524515	  270  286    -71     78    608
20210112163524648	  268  284    -74     75    607
20210112163524782	  268  284    -75     76    610
20210112163524882	  269  283    -73     74    609
20210112163525015	  268  283    -75     74    609
20210112163525149	  269  282    -73     72    609
20210112163525282	  269  283    -73     74    609
20210112163525382	  268  281    -74     70    607
20210112163525515	  269  282    -73     72    609
20210112163525649	  267  282    -76     72    606
20210112163525782	  268  282    -74     72    607
20210112163525882	  269  282    -73     72    608
20210112163526016	  268  282    -74     72    606
20210112163526149	  267  282    -76     72    605
20210112163526282	  268  283    -75     74    608
20210112163526416	  266  282    -77     72    604
20210112163526516	  269  281    -73     71    607
20210112163526649	  268  281    -74     70    606
20210112163526782	  266  281    -77     70    604
20210112163526916	  267  282    -76     72    607
20210112163527016	  268  281    -74     70    605
20210112163527149	  267  282    -76     72    605
20210112163527282	  267  282    -76     72    606
20210112163527383	  268  282    -74     72    606
20210112163527516	  268  280    -74     69    605
20210112163527649	  266  280    -78     69    606
20210112163527783	  267  282    -76     72    605
20210112163527916	  266  281    -77     70    604
20210112163528016	  267  281    -76     70    605
20210112163528149	  267  281    -76     70    606
20210112163528283	  268  280    -74     69    605
20210112163528416	  267  282    -76     72    606
20210112163528516	  267  280    -76     69    605
20210112163528650	  267  282    -76     72    606
20210112163528816	  268  281    -74     70    607
20210112163528950	  268  281    -74     70    604
20210112163529083	  268  281    -74     70    605
20210112163529216	  267  281    -76     70    607
20210112163529316	  268  282    -74     72    605
20210112163529450	  268  280    -74     69    606
20210112163529583	  267  280    -76     69    606
20210112163529716	  268  281    -74     70    606
20210112163529816	  267  281    -76     70    604
20210112163529950	  267  281    -76     70    606
20210112163530083	  267  281    -76     70    607
20210112163530217	  267  281    -76     70    605
20210112163530317	  268  280    -74     69    606
20210112163530450	  266  281    -77     70    606
20210112163530583	  267  281    -76     70    607
20210112163530717	  268  280    -74     69    605
20210112163530817	  267  281    -76     70    606
20210112163530950	  268  282    -74     72    607
20210112163531083	  266  281    -77     70    605
20210112163531217	  266  281    -77     70    605
20210112163531317	  267  281    -76     70    605
20210112163531450	  267  280    -76     69    606
20210112163531584	  266  280    -77     68    603
20210112163531684	  267  282    -76     72    608
20210112163531817	  266  280    -77     69    606
20210112163531950	  265  280    -79     68    604
20210112163532084	  266  281    -77     70    606
20210112163532184	  266  281    -77     70    605
20210112163532317	  266  281    -77     70    606
20210112163532450	  267  280    -76     68    604
20210112163532584	  265  280    -79     68    604
20210112163532684	  266  281    -77     70    606
20210112163532817	  266  281    -77     70    603
20210112163532951	  265  280    -79     69    605
20210112163533084	  265  280    -79     69    605
20210112163533184	  266  280    -77     68    604
20210112163533317	  266  281    -77     70    605
20210112163533451	  266  279    -77     67    605
20210112163533584	  268  280    -74     69    606
20210112163533684	  266  279    -77     67    605
20210112163533817	  267  280    -76     69    605
20210112163533951	  268  280    -74     69    607
20210112163534084	  266  279    -77     67    605
20210112163534218	  267  281    -76     70    606
20210112163534318	  267  279    -76     67    606
20210112163534451	  269  282    -73     72    606
20210112163534584	  265  280    -79     68    604
20210112163534684	  267  281    -76     70    606
20210112163534818	  266  281    -77     70    605
20210112163534951	  266  281    -77     70    605
20210112163535084	  268  280    -74     69    606
20210112163535218	  264  283    -80     73    605
20210112163535318	  279  291    -58     88    617
20210112163535585	  291  300    -39    104    629
20210112163535718	  295  300    -33    106    636
20210112163535818	  297  302    -29    109    637
20210112163535951	  297  301    -29    107    637
20210112163536085	  300  302    -25    111    645
20210112163536185	  301  300    -23    107    646
20210112163536318	  304  301    -18    110    650
20210112163536451	  306  300    -15    109    652
20210112163536585	  303  301    -20    110    651
20210112163536685	  307  300    -13    109    651
20210112163536818	  306  301    -15    110    651
20210112163536952	  305  301    -16    110    653
20210112163537085	  304  300    -18    108    649
20210112163537185	  300  300    -25    107    645
20210112163537318	  299  299    -26    105    643
20210112163537452	  296  298    -31    102    636
20210112163537585	  295  299    -33    104    635
20210112163537718	  291  296    -39     98    632
20210112163537852	  288  297    -44     99    628
20210112163537952	  285  296    -49     98    628
20210112163538085	  283  293    -52     92    622
20210112163538219	  280  292    -56     90    619
20210112163538452	  275  289    -64     84    614
20210112163538585	  273  286    -67     79    613
20210112163538719	  270  286    -71     79    609
20210112163538852	  268  283    -74     73    607
20210112163538952	  269  282    -73     72    610
20210112163539085	  268  282    -75     72    609
20210112163539219	  268  283    -74     74    607
20210112163539352	  268  282    -75     72    609
20210112163539452	  270  284    -71     75    609
20210112163539586	  268  283    -75     74    608
20210112163539719	  269  282    -73     72    609
20210112163539852	  269  282    -73     72    608
20210112163539986	  267  282    -76     72    606
20210112163540086	  268  281    -74     70    606
20210112163540219	  268  281    -74     70    607
20210112163540352	  267  282    -76     72    607
20210112163540486	  267  282    -76     72    606
20210112163540619	  267  282    -76     72    606
20210112163540753	  267  282    -76     72    606
20210112163540886	  267  281    -76     70    606
20210112163541086	  267  281    -76     70    605
20210112163541219	  266  281    -77     70    605
20210112163541353	  268  281    -74     70    606
20210112163541453	  268  281    -74     70    606
20210112163541586	  267  282    -76     72    604
20210112163541719	  266  280    -77     69    606
20210112163541853	  268  282    -74     72    605
20210112163541986	  266  281    -77     70    605
20210112163542119	  267  281    -76     70    605
20210112163542220	  267  282    -76     72    608
20210112163542353	  267  280    -76     68    604
20210112163542486	  268  281    -74     70    605
20210112163542620	  266  281    -77     70    604
20210112163542753	  267  281    -76     70    606
20210112163542853	  266  281    -77     70    605
20210112163543020	  266  280    -77     68    604
20210112163543120	  267  281    -76     70    606
20210112163543253	  265  281    -79     70    605
20210112163543386	  267  281    -76     70    605
20210112163543520	  267  281    -76     70    606
20210112163543653	  266  281    -77     70    605
20210112163543753	  266  281    -77     70    605
20210112163543887	  267  280    -76     69    606
20210112163544020	  266  281    -77     70    604
20210112163544153	  267  280    -76     69    605
20210112163544253	  266  281    -77     70    604
20210112163544387	  268  281    -74     70    606
20210112163544520	  267  282    -76     72    607
20210112163544653	  266  280    -77     69    605
20210112163544787	  267  281    -76     70    605
20210112163544920	  269  280    -73     69    607
20210112163545054	  267  281    -76     70    605
20210112163545187	  268  280    -74     69    605
20210112163545320	  266  280    -77     68    605
20210112163545454	  267  281    -76     70    606
20210112163545587	  268  279    -74     67    605
20210112163545720	  267  279    -76     67    605
20210112163545820	  267  280    -76     69    605
20210112163545954	  267  280    -76     69    606
20210112163546087	  266  280    -77     68    605
20210112163546221	  266  280    -77     68    605
20210112163546354	  266  280    -77     69    605
20210112163546487	  267  281    -76     70    605
20210112163546621	  267  279    -76     67    606
20210112163546754	  267  279    -76     67    606
20210112163546854	  267  280    -76     69    606
20210112163546987	  266  280    -77     69    605
20210112163547121	  267  280    -76     69    607
20210112163547254	  265  280    -79     69    605
20210112163547387	  268  281    -74     70    607
20210112163547521	  265  281    -79     70    605
20210112163547654	  268  281    -74     70    607
20210112163547788	  265  280    -79     68    605
20210112163547954	  267  280    -76     69    606
20210112163548054	  268  281    -74     71    607
20210112163548188	  265  280    -79     68    604
20210112163548321	  265  280    -79     69    605
20210112163548454	  267  280    -76     69    605
20210112163548588	  267  280    -76     69    605
20210112163548755	  267  279    -76     67    606
20210112163548888	  267  279    -76     67    605
20210112163549021	  267  280    -76     69    606
20210112163549155	  266  280    -77     69    605
20210112163549321	  267  280    -76     69    605
20210112163549455	  265  282    -79     72    605
20210112163549588	  282  291    -53     88    617
20210112163549721	  286  296    -47     97    624
20210112163549855	  293  300    -36    105    632
20210112163549988	  296  301    -31    107    633
20210112163550122	  295  301    -33    107    635
20210112163550288	  300  301    -25    109    646
20210112163550388	  301  301    -23    109    647
20210112163550555	  303  302    -20    111    650
20210112163550688	  303  301    -20    110    651
20210112163550822	  304  301    -18    110    651
20210112163550955	  305  301    -16    110    651
20210112163551088	  306  300    -15    108    652
20210112163551222	  306  300    -15    108    651
20210112163551389	  302  300    -22    108    649
20210112163551522	  299  298    -26    104    644
20210112163551655	  298  299    -28    105    640
20210112163551789	  295  297    -33    101    638
20210112163551922	  292  297    -38    100    631
20210112163552089	  289  297    -43    100    631
20210112163552222	  287  293    -46     93    626
20210112163552355	  283  293    -52     92    624
20210112163552489	  281  291    -55     88    618
20210112163552656	  277  288    -61     83    617
20210112163552789	  275  287    -64     81    614
20210112163552922	  271  284    -70     75    610
20210112163553056	  269  282    -73     72    609
20210112163553189	  270  282    -71     72    609
20210112163553389	  268  283    -75     74    609
20210112163553522	  268  283    -74     73    607
20210112163553656	  270  282    -71     72    609
20210112163553789	  268  282    -74     72    606
20210112163553923	  268  282    -74     72    605
20210112163554056	  268  282    -74     72    607
20210112163554189	  267  281    -76     70    605
20210112163554323	  267  282    -76     72    606
20210112163554489	  268  281    -74     70    606
20210112163554623	  268  280    -74     69    606
20210112163554789	  268  280    -74     69    605
20210112163554956	  269  281    -73     70    607
20210112163555090	  268  280    -74     69    605
20210112163555223	  268  282    -74     72    606
20210112163555356	  268  280    -74     69    606
20210112163555490	  266  281    -77     70    605
20210112163555656	  269  280    -73     69    606
20210112163555790	  269  280    -73     69    605
20210112163555923	  268  281    -74     70    606
20210112163556056	  266  279    -77     67    604
20210112163556190	  267  281    -76     70    606
20210112163556357	  267  281    -76     70    606
20210112163556490	  269  280    -73     69    607
20210112163556623	  266  280    -77     69    605
20210112163556757	  268  281    -74     70    606
20210112163556923	  268  280    -74     69    607
20210112163557057	  266  279    -77     67    605
20210112163557323	  269  281    -73     70    605
20210112163557490	  266  280    -77     68    604
20210112163557623	  267  281    -76     70    605
20210112163557757	  266  281    -77     70    606
20210112163557890	  266  280    -77     68    605
20210112163558057	  266  281    -78     70    606
20210112163558190	  266  281    -77     70    605
20210112163558324	  266  281    -77     70    606
20210112163558457	  267  280    -76     68    605
20210112163558590	  268  280    -74     69    606
20210112163558757	  266  281    -77     70    604
20210112163558890	  267  279    -76     67    606
20210112163559024	  266  281    -77     70    605
20210112163559157	  266  280    -77     69    605
20210112163559324	  267  281    -76     70    606
20210112163559457	  266  280    -77     69    605
20210112163559591	  267  280    -76     68    605
20210112163559724	  267  280    -76     69    606
20210112163559891	  267  280    -76     68    604
20210112163600024	  267  280    -76     68    605
20210112163600157	  266  280    -77     69    605
20210112163600291	  267  279    -76     67    605
20210112163600424	  267  279    -76     67    605
20210112163600591	  265  281    -79     70    605
20210112163600724	  268  281    -74     70    605
20210112163600858	  268  280    -74     69    605
20210112163600991	  267  279    -76     67    605
20210112163601158	  267  280    -76     69    605
20210112163601291	  267  281    -76     70    606
20210112163601424	  266  280    -77     69    605
20210112163601558	  268  281    -74     70    607
20210112163601691	  267  279    -76     67    605
20210112163601858	  266  281    -77     70    606
20210112163601991	  266  281    -77     70    606
20210112163602125	  268  279    -74     67    604
20210112163602258	  266  280    -77     68    604
20210112163602425	  266  280    -77     69    605
20210112163602558	  266  280    -77     69    606
20210112163602691	  267  279    -76     67    605
20210112163602825	  265  280    -79     69    605
20210112163602991	  268  280    -74     69    605
20210112163603125	  267  279    -76     67    605
20210112163603258	  267  279    -76     67    605
20210112163603392	  266  280    -77     69    605
20210112163603558	  267  280    -76     69    605
20210112163603692	  265  282    -79     72    604
20210112163603825	  280  291    -56     88    616
20210112163604092	  294  301    -34    106    628
20210112163604225	  296  302    -31    108    632
20210112163604392	  297  301    -29    107    633
20210112163604525	  297  301    -30    108    641
20210112163604659	  302  301    -21    109    647
20210112163604792	  305  301    -16    109    647
20210112163604959	  302  301    -21    109    648
20210112163605092	  305  301    -16    110    650
20210112163605225	  305  301    -16    110    649
20210112163605359	  305  301    -16    110    650
20210112163605492	  307  300    -13    108    651
20210112163605659	  301  301    -23    109    647
20210112163605792	  298  299    -28    105    641
20210112163605926	  297  299    -30    104    638
20210112163606059	  295  299    -33    104    634
20210112163606192	  293  298    -36    101    631
20210112163606359	  288  296    -44     98    630
20210112163606492	  284  295    -50     95    625
20210112163606626	  283  293    -52     92    621
20210112163606759	  279  292    -58     89    617
20210112163606926	  276  289    -63     84    615
20210112163607059	  274  287    -65     81    612
20210112163607193	  272  285    -68     77    608
20210112163607326	  269  282    -73     72    608
20210112163607459	  268  283    -75     74    608
20210112163607626	  268  283    -75     74    609
20210112163607759	  267  282    -76     72    606
20210112163607893	  268  282    -74     72    607
20210112163608026	  268  282    -74     72    608
20210112163608159	  268  282    -74     72    607
20210112163608326	  268  281    -74     70    605
20210112163608460	  268  281    -74     70    605
20210112163608593	  268  282    -74     72    606
20210112163608726	  267  281    -76     70    606
20210112163608860	  267  281    -76     70    605
20210112163609026	  268  282    -75     72    609
20210112163609160	  269  280    -73     69    606
20210112163609293	  268  281    -75     71    609
20210112163609426	  268  281    -74     70    606
20210112163609560	  268  280    -75     69    608
20210112163609727	  269  281    -73     71    609
20210112163609860	  268  280    -74     68    604
20210112163609993	  267  281    -76     70    608
20210112163610127	  268  280    -74     69    605
20210112163610293	  266  280    -77     69    606
20210112163610427	  269  280    -73     69    607
20210112163610560	  266  281    -77     70    605
20210112163610693	  267  281    -76     70    604
20210112163610860	  266  281    -77     70    606
20210112163610993	  267  281    -76     70    604
20210112163611127	  266  280    -77     69    605
20210112163611260	  265  281    -79     70    604
20210112163611427	  266  281    -77     70    606
20210112163611560	  268  280    -74     69    606
20210112163611694	  266  281    -77     70    606
20210112163611827	  267  279    -76     67    605
20210112163611994	  268  279    -74     67    606
20210112163612127	  266  280    -77     68    604
20210112163612260	  266  280    -77     69    605
20210112163612394	  266  280    -77     68    604
20210112163612527	  266  280    -77     68    605
20210112163612661	  269  282    -72     72    607
20210112163612827	  266  280    -77     68    604
20210112163613094	  266  281    -77     70    605
20210112163613227	  268  281    -74     70    607
20210112163613394	  265  280    -79     69    605
20210112163613527	  268  279    -74     67    605
20210112163613661	  266  281    -77     70    606
20210112163613794	  267  279    -76     67    606
20210112163613961	  266  281    -77     70    606
20210112163614094	  266  278    -77     65    605
20210112163614228	  267  281    -76     70    606
20210112163614361	  267  279    -76     67    605
20210112163614494	  267  280    -76     69    606
20210112163614661	  265  280    -79     69    606
20210112163614795	  267  279    -76     67    605
20210112163614928	  268  281    -74     70    606
20210112163615061	  266  279    -77     67    605
20210112163615228	  267  279    -76     67    606
20210112163615361	  265  279    -79     67    606
20210112163615495	  267  280    -76     69    606
20210112163615628	  266  280    -77     69    606
20210112163615761	  266  279    -77     67    605
20210112163615928	  266  280    -77     68    604
20210112163616061	  267  279    -76     67    606
20210112163616195	  266  280    -77     69    605
20210112163616328	  267  278    -76     65    606
20210112163616495	  267  279    -76     67    606
20210112163616628	  267  279    -76     67    605
20210112163616762	  266  280    -77     68    605
20210112163616895	  266  280    -77     68    604
20210112163617028	  266  280    -77     69    606
20210112163617195	  266  280    -77     68    604
20210112163617328	  267  280    -76     69    605
20210112163617462	  267  280    -76     69    606
20210112163617595	  269  279    -73     67    606
20210112163617762	  265  280    -79     69    607
20210112163617895	  267  279    -76     67    605
20210112163618029	  274  288    -65     82    611
20210112163618162	  286  294    -47     93    622
20210112163618295	  288  300    -44    104    625
20210112163618429	  297  300    -29    105    632
20210112163618595	  294  301    -35    108    637
20210112163618729	  299  300    -26    107    641
20210112163618896	  299  300    -26    107    645
20210112163619029	  305  301    -16    109    648
20210112163619196	  305  301    -16    110    650
20210112163619329	  304  301    -18    110    649
20210112163619496	  305  301    -16    110    650
20210112163619629	  305  301    -16    110    652
20210112163619762	  305  301    -17    110    654
20210112163619896	  300  300    -25    107    646
20210112163620029	  299  299    -26    105    644
20210112163620196	  296  299    -31    104    638
20210112163620329	  294  298    -34    102    636
20210112163620463	  291  296    -39     98    632
20210112163620629	  288  295    -44     96    630
20210112163620763	  286  293    -47     92    625
20210112163620896	  280  293    -56     92    620
20210112163621029	  280  291    -56     88    618
20210112163621196	  274  289    -66     84    614
20210112163621329	  275  286    -64     79    612
20210112163621463	  271  284    -70     76    611
20210112163621596	  269  282    -73     72    609
20210112163621763	  270  283    -71     74    609
20210112163621896	  268  282    -74     72    607
20210112163622030	  270  281    -72     71    610
20210112163622163	  269  281    -73     70    608
20210112163622330	  267  281    -76     70    606
20210112163622463	  269  280    -73     68    605
20210112163622596	  268  281    -75     70    608
20210112163622730	  268  280    -74     69    607
20210112163622896	  267  281    -76     70    607
20210112163623030	  268  282    -75     72    609
20210112163623163	  268  281    -74     70    605
20210112163623330	  267  280    -76     68    604
20210112163623463	  268  282    -74     72    608
20210112163623597	  269  282    -73     72    606
20210112163623730	  267  280    -76     69    605
20210112163623897	  267  280    -76     69    605
20210112163624030	  268  280    -75     69    608
20210112163624197	  267  280    -76     69    605
20210112163624330	  267  281    -76     70    606
20210112163624463	  268  281    -74     70    606
20210112163624630	  267  279    -76     67    605
20210112163624764	  267  280    -76     69    607
20210112163624930	  267  281    -76     71    607
20210112163625064	  269  280    -73     69    606
20210112163625197	  267  280    -76     69    607
20210112163625330	  267  280    -76     69    606
20210112163625497	  267  280    -76     69    605
20210112163625630	  267  280    -76     69    607
20210112163625764	  269  278    -73     66    608
20210112163625931	  266  280    -77     69    605
20210112163626064	  267  280    -76     69    605
20210112163626197	  266  280    -77     68    604
20210112163626364	  267  280    -76     68    605
20210112163626497	  267  279    -76     67    605
20210112163626664	  267  280    -76     69    605
20210112163626797	  267  279    -76     67    605
20210112163626931	  268  280    -74     69    606
20210112163627097	  266  279    -77     67    604
20210112163627231	  266  280    -77     68    604
20210112163627364	  266  280    -77     68    605
20210112163627531	  268  279    -74     67    605
20210112163627664	  266  279    -77     67    606
20210112163627831	  267  279    -76     67    605
20210112163627964	  266  280    -77     68    605
20210112163628131	  265  281    -79     70    606
20210112163628264	  266  280    -77     69    605
20210112163628398	  266  279    -77     67    606
20210112163628564	  266  279    -77     67    605
20210112163628698	  266  279    -77     67    605
20210112163628865	  267  279    -76     67    604
20210112163628998	  265  279    -79     67    605
20210112163629131	  267  279    -76     67    605
20210112163629298	  267  278    -76     66    606
20210112163629431	  266  280    -77     69    605
20210112163629598	  265  279    -79     67    605
20210112163629731	  267  278    -76     66    607
20210112163629865	  265  280    -79     68    605
20210112163630031	  266  280    -77     69    606
20210112163630165	  268  280    -74     69    605
20210112163630332	  264  278    -81     65    605
20210112163630498	  267  279    -76     67    606
20210112163630632	  266  279    -77     67    606
20210112163630798	  266  280    -77     69    606
20210112163630932	  267  279    -76     67    606
20210112163631098	  267  279    -76     67    605
20210112163631232	  265  279    -79     67    606
20210112163631399	  268  279    -75     67    608
20210112163631565	  265  279    -79     67    605
20210112163631732	  269  280    -73     69    606
20210112163631865	  267  279    -76     67    605
20210112163632032	  267  278    -76     65    606
20210112163632165	  266  281    -77     70    604
20210112163632332	  284  292    -50     90    620
20210112163632499	  286  297    -47     99    624
20210112163632632	  295  300    -33    105    632
20210112163632799	  295  301    -33    107    635
20210112163632932	  297  300    -29    105    635
20210112163633099	  301  300    -23    107    647
20210112163633332	  303  302    -20    111    649
20210112163633466	  304  301    -18    110    650
20210112163633599	  307  301    -13    110    650
20210112163633766	  305  301    -16    110    652
20210112163633899	  306  300    -15    108    650
20210112163634066	  302  301    -22    110    650
20210112163634199	  301  299    -23    105    645
20210112163634366	  298  299    -28    105    640
20210112163634499	  294  297    -35    101    638
20210112163634666	  291  295    -39     97    634
20210112163634833	  288  296    -44     98    629
20210112163634966	  286  293    -47     92    626
20210112163635133	  282  292    -53     90    622
20210112163635300	  278  290    -60     86    618
20210112163635466	  278  288    -59     83    614
20210112163635600	  277  289    -61     84    616
20210112163635766	  276  289    -62     84    614
20210112163635933	  276  286    -62     79    614
20210112163636066	  268  283    -75     74    608
20210112163636233	  269  283    -73     74    610
20210112163636400	  269  282    -73     72    607
20210112163636567	  270  281    -72     71    610
20210112163636700	  269  281    -73     70    608
20210112163636867	  267  281    -76     70    608
20210112163637033	  269  283    -73     73    606
20210112163637167	  266  281    -77     70    606
20210112163637333	  267  281    -76     70    605
20210112163637500	  267  282    -76     72    607
20210112163637634	  265  282    -79     72    607
20210112163637967	  268  280    -74     69    605
20210112163638100	  267  281    -76     70    606
20210112163638267	  269  282    -73     72    608
20210112163638434	  266  280    -77     69    606
20210112163638567	  266  280    -77     69    606
20210112163638734	  268  280    -74     69    607
20210112163638901	  267  281    -76     70    605
20210112163639067	  267  281    -76     70    605
20210112163639201	  266  280    -77     69    606
20210112163639367	  266  280    -78     69    607
20210112163639534	  269  280    -73     69    607
20210112163639667	  266  280    -77     69    606
20210112163639834	  268  279    -74     67    606
20210112163640001	  266  280    -78     69    607
20210112163640134	  266  280    -77     68    605
20210112163640301	  266  281    -77     70    606
20210112163640468	  266  280    -77     69    605
20210112163640601	  268  281    -75     70    608
20210112163640768	  267  279    -76     67    605
20210112163640934	  266  279    -77     67    605
20210112163641068	  267  281    -76     70    606
20210112163641234	  266  280    -77     69    605
20210112163641401	  266  281    -77     70    606
20210112163641568	  267  279    -76     67    605
20210112163641701	  268  278    -74     65    606
20210112163641868	  266  279    -77     67    605
20210112163642035	  266  280    -77     69    606
20210112163642168	  267  281    -76     70    607
20210112163642335	  266  280    -77     68    605
20210112163642501	  267  280    -76     68    605
20210112163642635	  267  279    -76     67    607
20210112163642802	  267  280    -76     68    605
20210112163642968	  267  279    -76     67    606
20210112163643102	  268  280    -74     69    607
20210112163643268	  266  280    -77     68    605
20210112163643435	  268  279    -74     67    607
20210112163643568	  267  279    -76     67    606
20210112163643735	  268  280    -74     69    605
20210112163643902	  266  280    -77     68    605
20210112163644068	  268  279    -74     67    606
20210112163644202	  266  279    -77     67    604
20210112163644369	  266  279    -77     67    605
20210112163644535	  266  279    -78     67    606
20210112163644669	  269  280    -73     69    605
20210112163644835	  267  280    -76     69    606
20210112163645002	  264  279    -81     67    606
20210112163645135	  268  279    -74     67    606
20210112163645302	  266  280    -77     69    606
20210112163645469	  267  279    -76     67    606
20210112163645602	  267  279    -76     67    605
20210112163645769	  267  278    -76     66    606
20210112163645936	  266  280    -77     69    606
20210112163646102	  266  280    -77     69    606
20210112163646236	  266  280    -78     69    607
20210112163646402	  267  283    -76     73    604
20210112163646569	  284  294    -50     93    622
20210112163646702	  287  296    -45     97    625
20210112163646869	  296  302    -31    108    631
20210112163647036	  295  302    -33    109    635
20210112163647203	  299  302    -26    110    642
20210112163647336	  301  300    -23    108    648
20210112163647503	  305  301    -16    109    648
20210112163647669	  303  301    -20    110    652
20210112163647803	  303  301    -20    110    651
20210112163647969	  305  302    -16    112    651
20210112163648136	  304  302    -18    112    652
20210112163648269	  302  300    -22    108    651
20210112163648436	  299  298    -26    103    643
20210112163648603	  297  299    -30    105    641
20210112163648736	  296  299    -31    104    635
20210112163648903	  290  296    -41     99    634
20210112163649070	  287  295    -46     96    628
20210112163649236	  285  293    -49     92    626
20210112163649403	  282  292    -53     90    619
20210112163649536	  278  290    -60     86    619
20210112163649703	  274  287    -66     81    614
20210112163649870	  272  285    -68     77    611
20210112163650003	  268  283    -75     74    609
20210112163650170	  270  284    -71     75    609
20210112163650337	  270  281    -72     71    610
20210112163650470	  267  281    -76     70    606
20210112163650637	  270  283    -71     74    609
20210112163650803	  270  281    -71     70    607
20210112163650937	  268  280    -74     69    606
20210112163651104	  267  280    -76     69    607
20210112163651270	  269  280    -73     69    607
20210112163651404	  267  281    -76     70    604
20210112163651570	  269  282    -73     72    606
20210112163651737	  267  281    -76     70    606
20210112163651870	  268  281    -74     70    607
20210112163652037	  268  281    -74     71    607
20210112163652204	  267  280    -76     68    604
20210112163652370	  267  281    -76     70    606
20210112163652504	  267  281    -76     70    606
20210112163652671	  267  281    -76     70    606
20210112163652804	  268  279    -74     67    603
20210112163652971	  266  280    -77     69    606
20210112163653137	  267  280    -76     68    605
20210112163653304	  267  280    -76     69    605
20210112163653437	  267  280    -76     68    605
20210112163653604	  267  280    -76     68    604
20210112163653771	  268  279    -74     67    605
20210112163653938	  267  280    -76     69    605
20210112163654071	  268  279    -74     67    605
20210112163654238	  268  279    -74     67    604
20210112163654404	  268  281    -74     70    606
20210112163654538	  268  281    -74     70    605
20210112163654704	  266  280    -77     69    606
20210112163654871	  267  278    -76     65    605
20210112163655005	  267  280    -76     68    604
20210112163655171	  266  279    -77     67    606
20210112163655338	  267  280    -76     69    606
20210112163655505	  267  279    -76     67    605
20210112163655638	  268  279    -74     67    605
20210112163655805	  265  279    -79     67    605
20210112163655971	  268  278    -74     65    605
20210112163656105	  268  280    -74     69    606
20210112163656271	  268  279    -74     67    605
20210112163656438	  267  280    -76     69    606
20210112163656572	  266  279    -77     67    605
20210112163656738	  266  279    -77     67    606
20210112163656905	  268  279    -74     67    606
20210112163657038	  267  280    -76     69    605
20210112163657205	  268  279    -74     67    606
20210112163657372	  267  278    -76     65    606
20210112163657505	  268  279    -74     67    605
20210112163657672	  266  278    -77     65    605
20210112163657839	  267  280    -76     69    606
20210112163657972	  266  279    -77     67    604
20210112163658139	  269  279    -73     67    609
20210112163658305	  266  279    -77     67    605
20210112163658472	  267  280    -76     69    606
20210112163658605	  265  279    -79     67    605
20210112163658772	  267  279    -76     67    605
20210112163658939	  267  279    -76     67    606
20210112163659106	  266  278    -77     65    605
20210112163659239	  268  279    -74     67    605
20210112163659406	  268  280    -74     69    606
20210112163659572	  266  280    -77     68    605
20210112163659706	  267  279    -76     67    605
20210112163659872	  266  279    -77     67    606
20210112163700039	  267  279    -76     67    605
20210112163700206	  266  279    -77     67    605
20210112163700373	  267  278    -76     65    607
20210112163700506	  265  279    -79     67    604
20210112163700673	  270  284    -71     75    609
20210112163700839	  285  294    -49     94    623
20210112163701006	  291  299    -39    103    628
20210112163701140	  297  300    -29    105    631
20210112163701306	  297  302    -29    108    633
20210112163701473	  299  300    -26    107    643
20210112163701606	  302  300    -21    108    648
20210112163701773	  304  297    -24    135    851
20210112163701940	  303  301    -20    110    653
20210112163702073	  304  301    -18    110    650
20210112163702240	  305  299    -16    106    651
20210112163702406	  305  300    -16    108    650
20210112163702540	  303  300    -20    108    650
20210112163702707	  299  299    -26    105    642
20210112163702907	  297  299    -29    104    637
20210112163703040	  293  298    -36    102    634
20210112163703207	  291  296    -39     98    629
20210112163703540	  284  293    -50     92    621
20210112163703673	  281  291    -55     88    620
20210112163703840	  279  288    -58     83    617
20210112163704007	  275  286    -64     79    612
20210112163704140	  272  285    -68     77    610
20210112163704307	  268  283    -74     73    606
20210112163704474	  269  283    -73     74    610
20210112163704607	  269  282    -73     72    608
20210112163704774	  269  281    -73     70    608
20210112163704940	  268  281    -74     70    606
20210112163705074	  268  282    -74     72    607
20210112163705241	  268  282    -75     72    609
20210112163705407	  269  281    -73     71    607
20210112163705541	  269  280    -73     69    608
20210112163705707	  266  281    -78     70    607
20210112163705874	  270  281    -71     70    606
20210112163706041	  268  280    -75     69    608
20210112163706174	  268  280    -74     69    605
20210112163706341	  267  280    -76     68    605
20210112163706507	  266  280    -77     68    605
20210112163706641	  266  280    -77     69    606
20210112163706808	  267  280    -76     69    607
20210112163706974	  266  280    -77     68    605
20210112163707108	  266  281    -77     70    606
20210112163707274	  267  280    -76     69    605
20210112163707608	  268  281    -75     70    608
20210112163707741	  267  279    -76     67    606
20210112163707908	  268  280    -74     69    607
20210112163708075	  269  280    -73     69    608
20210112163708241	  268  279    -74     67    606
20210112163708375	  266  280    -77     69    606
20210112163708541	  266  280    -77     69    606
20210112163708708	  266  280    -77     69    606
20210112163709008	  266  280    -77     68    605
20210112163709175	  267  280    -77     69    607
20210112163709341	  266  280    -77     68    605
20210112163709475	  265  280    -79     69    606
20210112163709642	  267  280    -76     69    605
20210112163709808	  266  279    -78     67    607
20210112163709942	  266  279    -77     67    605
20210112163710108	  266  279    -77     67    606
20210112163710275	  267  280    -76     69    606
20210112163710442	  267  280    -76     69    606
20210112163710608	  266  279    -78     67    606
20210112163710742	  268  280    -74     68    604
20210112163710909	  268  280    -74     69    608
20210112163711075	  266  279    -77     67    605
20210112163711209	  265  279    -79     67    606
20210112163711375	  267  280    -76     68    604
20210112163711542	  266  278    -78     65    606
20210112163711709	  265  279    -79     67    605
20210112163711842	  266  279    -77     67    606
20210112163712009	  267  280    -76     69    606
20210112163712175	  268  278    -74     65    605
20210112163712342	  266  280    -77     68    605
20210112163712509	  267  278    -76     65    606
20210112163712642	  266  280    -77     69    606
20210112163712809	  266  279    -77     67    606
20210112163712976	  268  279    -74     67    607
20210112163713142	  266  280    -77     69    606
20210112163713309	  267  279    -76     67    604
20210112163713442	  267  279    -77     67    606
20210112163713609	  267  278    -76     65    605
20210112163713776	  268  280    -75     69    608
20210112163713943	  266  280    -78     69    607
20210112163714076	  265  279    -79     67    607
20210112163714243	  266  280    -77     69    605
20210112163714409	  267  280    -76     69    608
20210112163714543	  265  279    -79     67    606
20210112163714709	  267  278    -76     65    607
20210112163714876	  266  281    -77     70    604
20210112163715043	  280  291    -56     88    620
20210112163715176	  283  296    -52     97    622
20210112163715343	  295  300    -33    105    633
20210112163715510	  294  300    -35    106    638
20210112163715676	  298  300    -28    106    639
20210112163715843	  301  300    -23    107    646
20210112163716010	  303  301    -20    110    649
20210112163716176	  302  301    -22    110    650
20210112163716343	  305  301    -16    110    651
20210112163716510	  304  301    -18    110    651
20210112163716677	  305  301    -16    110    652
20210112163716843	  304  302    -18    112    653
20210112163717010	  306  301    -15    111    655
20210112163717343	  306  301    -15    110    653
20210112163717510	  305  301    -16    110    652
20210112163717677	  306  301    -15    110    652
20210112163717910	  305  301    -16    110    652
20210112163718077	  307  301    -13    111    655
20210112163718244	  306  301    -15    110    653
20210112163718410	  307  302    -13    112    656
20210112163718577	  305  303    -16    114    652
20210112163718944	  305  302    -16    112    653
20210112163719077	  305  302    -17    112    654
20210112163719444	  306  302    -15    112    653
20210112163719611	  306  301    -15    110    653
20210112163719777	  306  301    -15    110    653
20210112163719944	  306  301    -15    110    653
20210112163720111	  305  302    -16    112    652
20210112163720278	  307  300    -14    109    653
20210112163720444	  306  301    -15    110    653
20210112163720644	  307  302    -13    112    653
20210112163720844	  307  302    -13    112    653
20210112163721011	  306  301    -15    111    656
20210112163721178	  307  301    -13    110    655
20210112163721378	  307  301    -13    111    656
20210112163721678	  308  301    -12    111    657
20210112163721845	  308  301    -11    111    658
20210112163722011	  308  301    -12    111    657
20210112163722345	  307  301    -13    111    657
20210112163722511	  307  302    -13    112    655
20210112163722678	  306  303    -15    114    656
20210112163722845	  306  301    -15    110    655
20210112163723212	  306  301    -15    111    657
20210112163723712	  308  301    -12    111    655
20210112163723878	  308  302    -11    112    656
