20210112163414079	  324  261     15     40    636
20210112163414245	  325  260     16     38    635
20210112163414278	  327  262     20     42    635
20210112163414444	  327  262     20     42    634
20210112163414478	  326  260     18     38    635
20210112163414611	  326  260     18     38    635
20210112163414677	  326  260     18     38    635
20210112163414810	  326  260     18     38    635
20210112163414876	  326  260     18     38    635
20210112163414976	  326  261     18     40    635
20210112163415042	  326  261     18     40    635
20210112163415109	  326  261     18     40    634
20210112163415208	  326  261     18     40    634
20210112163415275	  326  261     18     40    634
20210112163415374	  326  261     18     40    635
20210112163415440	  326  261     18     40    634
20210112163415506	  326  261     18     40    635
20210112163415606	  326  261     18     40    635
20210112163415672	  326  261     18     40    634
20210112163415738	  324  261     15     40    636
20210112163415838	  327  262     20     42    634
20210112163415905	  327  262     20     42    635
20210112163415971	  325  261     16     40    636
20210112163416071	  327  262     20     42    634
20210112163416205	  326  260     18     38    634
20210112163416271	  326  260     18     38    634
20210112163416371	  326  261     18     40    634
20210112163416438	  326  261     18     40    635
20210112163416538	  326  261     18     40    634
20210112163416605	  326  261     18     40    635
20210112163416671	  324  261     15     40    636
20210112163416738	  326  261     18     40    635
20210112163416838	  324  261     15     40    636
20210112163416904	  325  260     16     38    635
20210112163417004	  324  261     15     40    636
20210112163417104	  324  261     15     40    637
20210112163417170	  325  260     16     38    635
20210112163417270	  326  261     18     40    635
20210112163417336	  325  260     16     39    636
20210112163417436	  326  261     18     40    635
20210112163417535	  324  261     15     40    637
20210112163417635	  324  261     15     40    636
20210112163417701	  324  261     15     40    637
20210112163417801	  324  261     15     40    636
20210112163417868	  326  261     18     40    635
20210112163417967	  326  261     18     40    634
20210112163418067	  324  261     15     40    636
20210112163418134	  324  261     15     40    636
20210112163418200	  326  261     18     40    636
20210112163418300	  326  261     18     40    635
20210112163418400	  324  261     15     40    636
20210112163418466	  326  261     18     40    635
20210112163418566	  324  261     15     40    636
20210112163418665	  325  260     16     38    636
20210112163418765	  324  261     15     40    637
20210112163418865	  324  261     15     40    636
20210112163418932	  326  261     18     40    635
20210112163419032	  324  261     15     40    637
20210112163419132	  324  261     15     40    636
20210112163419232	  326  261     18     40    635
20210112163419299	  326  261     18     40    634
20210112163419399	  324  261     15     40    637
20210112163419465	  324  261     15     40    637
20210112163419532	  326  261     18     40    635
20210112163419599	  325  260     16     38    635
20210112163419665	  326  261     18     40    635
20210112163419732	  326  261     18     40    635
20210112163419799	  325  260     16     38    635
20210112163419832	  324  261     15     40    637
20210112163419865	  326  261     18     40    634
20210112163419965	  326  261     18     40    635
20210112163420066	  326  261     18     40    635
20210112163420099	  325  260     16     39    636
20210112163420299	  324  261     15     40    637
20210112163420466	  326  261     18     40    635
20210112163420666	  326  261     18     40    635
20210112163420866	  324  261     15     40    637
20210112163420932	  326  261     18     40    634
20210112163421032	  324  261     15     40    637
20210112163421166	  326  261     18     40    634
20210112163421366	  324  261     15     40    636
20210112163421466	  324  261     15     40    636
20210112163421566	  324  261     15     40    636
20210112163421599	  326  260     18     38    635
20210112163421633	  325  260     16     38    635
20210112163421666	  325  260     16     38    635
20210112163421766	  326  261     18     40    635
20210112163421799	  326  261     18     40    635
20210112163421833	  324  261     15     40    636
20210112163421899	  326  261     18     40    634
20210112163421999	  325  260     16     38    635
20210112163422033	  326  261     18     40    634
20210112163422133	  324  261     15     40    637
20210112163422166	  325  260     16     38    635
20210112163422199	  326  261     18     40    634
20210112163422233	  325  260     16     38    636
20210112163422266	  324  261     15     40    636
20210112163422399	  324  261     15     40    636
20210112163422433	  325  260     16     38    635
20210112163422633	  324  261     15     40    636
20210112163422733	  324  261     15     40    636
20210112163422799	  324  261     15     40    636
20210112163422866	  325  260     16     38    635
20210112163422900	  325  260     16     38    635
20210112163422933	  326  261     18     40    634
20210112163422966	  325  260     16     38    635
20210112163423000	  324  261     15     40    636
20210112163423133	  326  261     18     40    634
20210112163423300	  326  261     18     40    634
20210112163423500	  326  261     18     40    634
20210112163423633	  326  261     18     40    634
20210112163423833	  325  260     16     38    635
20210112163424033	  326  261     18     40    635
20210112163424233	  324  261     15     40    636
20210112163424433	  326  261     18     40    635
20210112163424633	  325  260     16     38    636
20210112163424800	  325  260     16     38    635
20210112163424933	  325  260     16     38    635
20210112163425000	  324  261     15     40    636
20210112163425100	  326  261     18     40    634
20210112163425200	  324  261     15     40    636
20210112163425300	  326  261     18     40    635
20210112163425400	  326  261     18     40    634
20210112163425467	  325  260     16     38    635
20210112163425567	  324  261     15     40    636
20210112163425667	  326  261     18     40    634
20210112163425734	  324  261     15     40    636
20210112163425834	  323  261     13     40    633
20210112163425934	  321  260     10     38    627
20210112163426034	  319  260      6     38    628
20210112163426067	  318  259      5     36    628
20210112163426134	  317  258      3     35    627
20210112163426167	  316  260      1     38    625
20210112163426234	  317  259      3     36    622
20210112163426267	  314  259     -1     36    623
20210112163426300	  314  259     -1     36    622
20210112163426367	  314  258     -1     34    621
20210112163426400	  313  258     -3     34    619
20210112163426434	  312  257     -4     32    618
20210112163426467	  311  256     -6     31    619
20210112163426500	  310  255     -7     29    618
20210112163426567	  309  256     -9     31    617
20210112163426600	  310  256     -7     31    615
20210112163426700	  307  255    -12     29    613
20210112163426901	  303  251    -19     22    611
20210112163427101	  299  251    -25     22    604
20210112163427134	  297  249    -28     19    603
20210112163427234	  296  248    -29     17    602
20210112163427267	  294  247    -33     16    603
20210112163427367	  293  246    -34     14    599
20210112163427434	  293  246    -34     14    599
20210112163427467	  291  245    -37     13    600
20210112163427534	  290  244    -39     11    598
20210112163427601	  291  245    -37     12    595
20210112163427734	  288  242    -42      8    593
20210112163427934	  288  242    -41      8    592
20210112163428101	  288  241    -42      6    593
20210112163428301	  288  241    -41      6    593
20210112163428501	  287  242    -43      8    595
20210112163428701	  288  241    -42      6    594
20210112163428868	  286  240    -45      5    593
20210112163429134	  287  240    -43      5    593
20210112163429201	  286  240    -45      5    593
20210112163429301	  286  239    -45      3    593
20210112163429401	  286  239    -45      3    593
20210112163429501	  285  240    -46      5    594
20210112163429568	  286  240    -45      5    594
20210112163429601	  286  239    -45      3    594
20210112163429635	  286  239    -45      3    594
20210112163429668	  285  240    -46      5    593
20210112163429701	  286  240    -45      5    592
20210112163429801	  286  240    -45      5    593
20210112163429868	  286  237    -45      0    595
20210112163429935	  285  239    -46      3    592
20210112163429968	  286  239    -45      3    593
20210112163430135	  287  239    -43      3    593
20210112163430168	  286  239    -45      3    593
20210112163430201	  286  239    -45      3    593
20210112163430335	  285  238    -46      1    593
20210112163430501	  285  239    -46      3    593
20210112163430701	  286  238    -45      1    593
20210112163430902	  285  237    -46      0    593
20210112163431035	  286  238    -45      1    593
20210112163431235	  286  239    -45      3    592
20210112163431335	  286  238    -45      1    594
20210112163431402	  286  239    -45      3    592
20210112163431435	  286  238    -45      1    592
20210112163431468	  285  238    -46      1    593
20210112163431502	  285  238    -46      1    592
20210112163431602	  286  238    -45      1    594
20210112163431835	  286  238    -45      1    594
20210112163431902	  285  237    -46      0    593
20210112163432002	  285  238    -46      1    593
20210112163432169	  285  237    -46      0    593
20210112163432269	  286  238    -45      1    595
20210112163432402	  284  237    -48      0    592
20210112163432502	  284  237    -48      0    594
20210112163432569	  285  239    -46      3    593
20210112163432669	  284  237    -48      0    593
20210112163432769	  286  238    -45      1    593
20210112163432835	  285  237    -46      0    593
20210112163432935	  285  237    -46      0    593
20210112163433035	  284  237    -48      0    592
20210112163433135	  284  237    -48      0    593
20210112163433236	  282  236    -51     -1    593
20210112163433302	  283  237    -49      0    592
20210112163433402	  284  238    -48      1    592
20210112163433502	  284  237    -48      0    594
20210112163433602	  285  237    -46      0    593
20210112163433636	  284  237    -48      0    592
20210112163433702	  284  237    -48      0    593
20210112163433802	  285  237    -46      0    593
20210112163434002	  283  237    -49      0    592
20210112163434069	  284  237    -48      0    593
20210112163434169	  284  237    -48      0    593
20210112163434269	  285  237    -46      0    593
20210112163434369	  284  236    -48     -1    593
20210112163434436	  285  236    -46     -1    593
20210112163434536	  285  238    -46      1    593
20210112163434636	  285  238    -46      1    593
20210112163434736	  285  237    -46      0    593
20210112163434869	  283  237    -49      0    594
20210112163434936	  285  236    -46     -1    593
20210112163435036	  285  237    -46      0    593
20210112163435136	  283  237    -49      0    593
20210112163435203	  284  237    -48      0    593
20210112163435303	  285  237    -46      0    593
20210112163435403	  284  237    -48      0    593
20210112163435503	  284  236    -48     -1    591
20210112163435569	  284  236    -48     -1    593
20210112163435669	  285  235    -46     -2    593
20210112163435703	  284  236    -48     -1    592
20210112163435870	  285  236    -46     -1    593
20210112163435903	  285  236    -46     -1    593
20210112163435936	  284  237    -48      0    593
20210112163436003	  283  237    -49      0    592
20210112163436036	  283  236    -49     -1    593
20210112163436136	  283  236    -49     -1    593
20210112163436203	  285  237    -46      0    592
20210112163436303	  284  236    -48     -1    593
20210112163436503	  284  237    -48      0    593
20210112163436703	  284  236    -48     -1    592
20210112163436836	  284  236    -48     -1    592
20210112163436903	  284  234    -48     -4    593
20210112163436970	  284  236    -48     -1    593
20210112163437103	  283  235    -49     -2    591
20210112163437203	  284  236    -48     -1    592
20210112163437337	  283  236    -49     -1    593
20210112163437403	  283  235    -49     -2    592
20210112163437503	  284  236    -48     -1    593
20210112163437570	  284  236    -48     -1    593
20210112163437703	  284  236    -48     -1    592
20210112163437770	  283  237    -49      0    593
20210112163437837	  283  234    -49     -4    593
20210112163437903	  284  235    -48     -2    591
20210112163437937	  284  234    -48     -4    592
20210112163438003	  283  235    -49     -2    593
20210112163438037	  283  236    -49     -1    593
20210112163438237	  284  238    -48      1    591
20210112163438437	  302  251    -20     22    610
20210112163438570	  304  255    -17     29    614
20210112163438637	  309  258     -9     34    619
20210112163438737	  314  258     -1     34    622
20210112163438837	  313  259     -3     36    621
20210112163438937	  312  260     -4     38    624
20210112163439004	  317  258      3     35    625
20210112163439104	  320  260      8     38    629
20210112163439204	  318  260      5     38    631
20210112163439304	  320  259      8     37    632
20210112163439337	  323  260     13     38    631
20210112163439437	  323  260     13     39    636
20210112163439570	  323  262     13     42    638
20210112163439670	  324  260     15     38    635
20210112163439737	  323  260     13     39    638
20210112163439870	  323  262     13     42    639
20210112163439970	  323  261     13     40    639
20210112163440071	  323  261     13     40    635
20210112163440137	  320  260      8     38    633
20210112163440271	  318  259      5     36    630
20210112163440337	  317  258      3     35    628
20210112163440437	  315  259      0     36    627
20210112163440537	  314  257     -1     33    624
20210112163440604	  312  256     -4     31    621
20210112163440704	  311  256     -6     31    621
20210112163440804	  309  256     -9     31    618
20210112163440904	  306  253    -14     26    615
20210112163440971	  303  251    -19     23    614
20210112163441104	  301  250    -22     21    612
20210112163441204	  300  249    -23     19    607
20210112163441304	  299  249    -25     19    606
20210112163441371	  297  247    -28     16    605
20210112163441471	  295  245    -31     13    603
20210112163441571	  292  243    -36      9    602
20210112163441671	  291  242    -37      8    599
20210112163441738	  290  242    -39      8    597
20210112163441804	  288  239    -42      3    595
20210112163441938	  287  239    -43      3    593
20210112163442038	  287  240    -43      5    594
20210112163442104	  286  239    -45      3    595
20210112163442204	  287  239    -43      3    594
20210112163442338	  286  238    -45      1    593
20210112163442438	  287  238    -43      1    594
20210112163442504	  286  239    -45      3    593
20210112163442605	  285  237    -46      0    593
20210112163442705	  286  236    -45     -1    593
20210112163442805	  285  238    -46      1    594
20210112163442871	  285  238    -46      1    593
20210112163442971	  285  237    -46      0    593
20210112163443071	  285  237    -46      0    594
20210112163443171	  284  237    -48      0    593
20210112163443238	  286  237    -45      0    593
20210112163443338	  285  237    -46      0    592
20210112163443438	  286  236    -45     -1    594
20210112163443471	  285  237    -46      0    593
20210112163443505	  284  237    -48      0    593
20210112163443671	  285  235    -46     -2    593
20210112163443705	  285  236    -46     -1    592
20210112163443805	  284  237    -48      0    593
20210112163443905	  285  237    -46      0    593
20210112163444105	  283  237    -49      0    592
20210112163444205	  284  237    -48      0    593
20210112163444305	  285  236    -46     -1    592
20210112163444405	  284  237    -48      0    593
20210112163444505	  284  236    -48     -1    593
20210112163444572	  285  236    -46     -1    592
20210112163444672	  285  237    -46      0    594
20210112163444805	  283  235    -49     -2    592
20210112163444905	  284  236    -48     -1    592
20210112163445005	  282  236    -51     -1    594
20210112163445072	  283  236    -49     -1    593
20210112163445172	  284  236    -48     -1    592
20210112163445272	  284  236    -48     -1    591
20210112163445339	  283  237    -49      0    591
20210112163445439	  283  235    -49     -2    593
20210112163445505	  283  235    -49     -2    592
20210112163445572	  283  236    -49     -1    591
20210112163445605	  283  235    -49     -2    592
20210112163445739	  285  237    -46      0    594
20210112163445939	  283  235    -49     -2    592
20210112163446105	  285  234    -46     -4    592
20210112163446205	  284  236    -48     -1    592
20210112163446305	  284  235    -48     -2    592
20210112163446339	  283  236    -49     -1    592
20210112163446405	  284  236    -48     -1    592
20210112163446572	  283  235    -49     -2    594
20210112163446672	  283  236    -49     -1    592
20210112163446806	  285  235    -46     -2    591
20210112163446906	  283  236    -49     -1    592
20210112163447006	  286  236    -45     -1    594
20210112163447072	  286  236    -45     -1    593
20210112163447106	  283  235    -49     -2    593
20210112163447272	  285  234    -46     -4    592
20210112163447306	  285  233    -46     -5    592
20210112163447472	  284  235    -48     -2    593
20210112163447572	  284  235    -48     -2    593
20210112163447672	  284  235    -48     -2    592
20210112163447772	  283  235    -49     -2    592
20210112163447872	  284  235    -48     -2    592
20210112163447973	  285  235    -46     -2    593
20210112163448073	  284  235    -48     -2    592
20210112163448173	  284  235    -48     -2    592
20210112163448273	  284  234    -48     -4    593
20210112163448373	  285  236    -46     -1    592
20210112163448506	  284  235    -48     -2    592
20210112163448606	  284  235    -48     -2    593
20210112163448706	  283  236    -49     -1    592
20210112163448839	  284  235    -48     -2    592
20210112163448939	  284  236    -48     -1    592
20210112163449039	  283  236    -49     -1    593
20210112163449139	  283  235    -49     -2    593
20210112163449240	  282  235    -51     -2    593
20210112163449340	  285  233    -46     -5    593
20210112163449473	  283  234    -49     -4    591
20210112163449573	  285  235    -46     -2    593
20210112163449673	  284  235    -48     -2    592
20210112163449773	  283  235    -49     -2    593
20210112163449906	  283  235    -49     -2    593
20210112163450006	  284  235    -48     -2    592
20210112163450106	  282  235    -51     -2    593
20210112163450206	  283  236    -49     -1    593
20210112163450340	  285  235    -46     -2    594
20210112163450440	  283  234    -49     -4    592
20210112163450540	  284  235    -48     -2    592
20210112163450673	  285  235    -46     -2    592
20210112163450773	  285  236    -46     -1    593
20210112163450873	  283  235    -49     -2    593
20210112163450973	  283  235    -49     -2    592
20210112163451107	  282  235    -51     -2    595
20210112163451173	  282  234    -51     -4    594
20210112163451307	  284  234    -48     -4    593
20210112163451373	  283  235    -49     -2    593
20210112163451407	  283  234    -49     -4    592
20210112163451607	  282  234    -51     -4    592
20210112163451640	  283  234    -49     -4    592
20210112163451907	  283  235    -49     -2    592
20210112163452040	  284  234    -48     -4    592
20210112163452140	  282  235    -51     -2    593
20210112163452274	  284  234    -48     -4    592
20210112163452374	  284  234    -48     -4    593
20210112163452474	  282  236    -51     -1    592
20210112163452574	  291  244    -37     11    602
20210112163452707	  301  251    -22     22    611
20210112163452740	  301  252    -22     24    611
20210112163452807	  304  255    -17     29    611
20210112163452940	  312  259     -4     36    619
20210112163453007	  311  259     -6     36    620
20210112163453107	  313  260     -3     38    622
20210112163453140	  312  260     -4     38    625
20210112163453174	  315  261      0     39    623
20210112163453374	  316  260      1     38    629
20210112163453541	  321  259     10     36    630
20210112163453641	  321  259     10     37    633
20210112163453674	  322  260     11     38    632
20210112163453707	  320  260      8     38    633
20210112163453774	  322  260     11     38    634
20210112163453841	  321  260     10     38    635
20210112163453907	  322  258     11     35    632
20210112163454007	  323  260     13     39    638
20210112163454241	  323  260     13     39    637
20210112163454507	  317  259      3     37    630
20210112163454741	  314  257     -1     33    623
20210112163454941	  311  256     -6     31    620
20210112163455041	  307  253    -12     26    616
20210112163455174	  304  252    -17     24    615
20210112163455274	  302  250    -20     21    613
20210112163455374	  301  249    -22     19    610
20210112163455508	  297  247    -28     16    606
20210112163455608	  295  247    -31     16    605
20210112163455708	  294  245    -33     13    603
20210112163455808	  292  244    -36     11    600
20210112163455941	  288  241    -42      6    596
20210112163456041	  288  238    -42      1    595
20210112163456141	  283  238    -49      1    594
20210112163456275	  288  239    -42      3    595
20210112163456375	  286  238    -45      1    595
20210112163456475	  285  238    -46      1    594
20210112163456608	  285  238    -46      1    594
20210112163456708	  286  237    -45      0    594
20210112163456841	  284  238    -48      1    594
20210112163456941	  285  237    -46      0    594
20210112163457041	  285  236    -46     -1    594
20210112163457142	  285  237    -46      0    594
20210112163457275	  283  236    -49     -1    594
20210112163457342	  285  237    -46      0    593
20210112163457475	  283  237    -49      0    594
20210112163457608	  284  236    -48     -1    594
20210112163457708	  285  236    -46     -1    594
20210112163457808	  285  236    -46     -1    593
20210112163457908	  285  236    -46     -1    593
20210112163458042	  284  236    -48     -1    595
20210112163458142	  284  236    -48     -1    594
20210112163458242	  284  235    -48     -2    593
20210112163458375	  283  236    -49     -1    593
20210112163458475	  282  236    -51     -1    594
20210112163458575	  284  235    -48     -2    594
20210112163458675	  284  236    -48     -1    593
20210112163458709	  284  235    -48     -2    593
20210112163458775	  285  235    -46     -2    594
20210112163458942	  283  236    -49     -1    593
20210112163459009	  283  235    -49     -2    593
20210112163459042	  285  235    -46     -2    594
20210112163459109	  285  233    -46     -5    593
20210112163459209	  284  236    -48     -1    593
20210112163459309	  284  235    -48     -2    593
20210112163459509	  284  235    -48     -2    593
20210112163459742	  283  234    -49     -4    593
20210112163459909	  284  235    -48     -2    594
20210112163500009	  284  235    -48     -2    593
20210112163500142	  284  235    -48     -2    594
20210112163500242	  283  235    -49     -2    593
20210112163500342	  284  235    -48     -2    593
20210112163500442	  284  235    -48     -2    594
20210112163500476	  283  236    -49     -1    594
20210112163500476	  282  235    -51     -2    595
20210112163500576	  282  235    -51     -2    594
20210112163500709	  283  235    -49     -2    593
20210112163500742	  283  235    -49     -2    594
20210112163500842	  282  234    -51     -4    594
20210112163500909	  284  234    -48     -4    593
20210112163501042	  282  234    -51     -4    594
20210112163501076	  283  235    -49     -2    594
20210112163501143	  283  235    -49     -2    594
20210112163501176	  284  234    -48     -4    592
20210112163501243	  284  234    -48     -4    592
20210112163501276	  284  234    -48     -4    592
20210112163501309	  282  235    -51     -2    594
20210112163501343	  283  235    -49     -2    593
20210112163501509	  283  235    -49     -2    594
20210112163501743	  284  236    -48     -1    593
20210112163501809	  283  234    -49     -4    595
20210112163501843	  284  233    -48     -5    594
20210112163501876	  284  235    -48     -2    594
20210112163501909	  282  235    -51     -2    595
20210112163502076	  283  234    -49     -4    593
20210112163502276	  284  234    -48     -4    594
20210112163502476	  284  234    -48     -4    593
20210112163502710	  283  234    -49     -4    593
20210112163502943	  284  234    -48     -4    593
20210112163503143	  283  235    -49     -2    593
20210112163503210	  282  234    -51     -4    594
20210112163503310	  283  234    -49     -4    592
20210112163503543	  284  234    -48     -4    593
20210112163503710	  283  234    -49     -4    593
20210112163503776	  282  233    -51     -5    593
20210112163503876	  285  235    -46     -2    593
20210112163503943	  283  234    -49     -4    593
20210112163504077	  284  236    -48     -1    593
20210112163504210	  281  234    -53     -4    596
20210112163504410	  282  234    -51     -4    594
20210112163504610	  283  234    -49     -4    593
20210112163504777	  283  234    -49     -4    593
20210112163504810	  284  234    -48     -4    593
20210112163505010	  283  234    -49     -4    592
20210112163505110	  283  234    -49     -4    593
20210112163505210	  283  235    -49     -2    593
20210112163505310	  283  234    -49     -4    593
20210112163505444	  284  234    -48     -4    594
20210112163505544	  285  235    -46     -2    594
20210112163505644	  283  234    -49     -4    594
20210112163505777	  283  235    -49     -2    594
20210112163505877	  281  233    -53     -5    594
20210112163505944	  285  234    -46     -4    594
20210112163506010	  283  235    -49     -2    594
20210112163506110	  281  234    -52     -4    593
20210112163506144	  282  234    -51     -4    594
20210112163506210	  281  234    -53     -4    595
20210112163506310	  283  234    -49     -4    594
20210112163506477	  281  233    -52     -5    593
20210112163506711	  281  235    -52     -2    593
20210112163506877	  297  247    -28     16    606
20210112163506977	  300  251    -23     22    608
20210112163507111	  306  256    -14     31    616
20210112163507211	  311  258     -6     34    619
20210112163507311	  312  259     -4     36    621
20210112163507444	  314  258     -1     34    622
20210112163507544	  315  259      0     36    628
20210112163507644	  317  259      3     36    629
20210112163507744	  318  260      5     38    633
20210112163507777	  319  260      6     38    633
20210112163507944	  323  260     13     38    634
20210112163508044	  319  260      6     38    636
20210112163508078	  320  260      8     38    635
20210112163508144	  323  260     13     38    635
20210112163508178	  322  259     11     37    634
20210112163508211	  322  259     11     37    635
20210112163508311	  324  259     15     37    636
20210112163508344	  323  260     13     39    636
20210112163508378	  322  260     11     39    636
20210112163508511	  322  260     11     39    637
20210112163508544	  323  259     13     37    632
20210112163508744	  318  258      5     35    629
20210112163508978	  312  256     -4     31    622
20210112163509211	  309  254     -9     28    619
20210112163509311	  307  253    -12     26    616
20210112163509345	  307  253    -12     26    616
20210112163509411	  305  251    -15     23    614
20210112163509445	  304  252    -17     24    613
20210112163509578	  301  249    -22     19    612
20210112163509678	  298  249    -27     19    608
20210112163509945	  294  244    -33     11    604
20210112163510145	  289  241    -40      6    598
20210112163510345	  286  239    -45      3    594
20210112163510578	  285  238    -46      2    596
20210112163510678	  284  238    -48      1    595
20210112163510812	  285  236    -46     -1    594
20210112163510912	  284  237    -48      0    593
20210112163511012	  285  237    -46      0    595
20210112163511112	  285  236    -46     -1    594
20210112163511245	  285  236    -46     -1    595
20210112163511345	  283  236    -49     -1    593
20210112163511445	  285  236    -46     -1    593
20210112163511578	  283  235    -49     -2    594
20210112163511645	  283  235    -49     -2    594
20210112163511779	  284  236    -48     -1    593
20210112163511879	  285  235    -46     -2    592
20210112163512012	  283  236    -49     -1    593
20210112163512112	  284  235    -48     -2    594
20210112163512245	  286  235    -45     -2    595
20210112163512345	  285  236    -46     -1    593
20210112163512445	  283  235    -49     -2    593
20210112163512545	  284  236    -48     -1    594
20210112163512679	  283  236    -49     -1    595
20210112163512779	  283  235    -49     -2    594
20210112163512879	  283  236    -49     -1    594
20210112163513012	  282  235    -51     -2    594
20210112163513112	  285  235    -46     -2    593
20210112163513212	  282  236    -51     -1    594
20210112163513346	  284  235    -48     -2    594
20210112163513412	  282  235    -51     -2    594
20210112163513546	  284  236    -48     -1    595
20210112163513679	  282  235    -51     -2    593
20210112163513746	  283  234    -49     -4    593
20210112163513812	  282  236    -51     -1    594
20210112163513846	  284  235    -48     -2    594
20210112163513946	  283  235    -49     -2    595
20210112163514012	  283  235    -49     -2    594
20210112163514112	  284  235    -48     -2    594
20210112163514312	  282  235    -51     -2    594
20210112163514546	  282  235    -51     -2    594
20210112163514679	  283  234    -49     -4    595
20210112163514779	  284  235    -48     -2    594
20210112163514913	  281  235    -53     -2    596
20210112163515013	  283  235    -49     -2    594
20210112163515113	  281  234    -53     -4    594
20210112163515246	  284  235    -48     -2    595
20210112163515346	  283  234    -49     -4    594
20210112163515446	  282  235    -51     -2    594
20210112163515579	  283  234    -49     -4    594
20210112163515646	  284  236    -48     -1    595
20210112163515780	  283  234    -49     -4    594
20210112163515913	  284  235    -48     -2    594
20210112163516013	  282  235    -51     -2    594
20210112163516080	  283  235    -49     -2    595
20210112163516180	  283  234    -49     -4    593
20210112163516280	  284  235    -48     -2    595
20210112163516480	  283  234    -49     -4    594
20210112163516513	  284  234    -48     -4    594
20210112163516613	  283  235    -50     -2    595
20210112163516646	  282  235    -51     -2    595
20210112163516713	  283  234    -49     -4    593
20210112163516746	  284  234    -48     -4    594
20210112163516913	  281  234    -53     -4    594
20210112163517147	  282  233    -51     -5    594
20210112163517347	  283  234    -49     -4    594
20210112163517480	  283  233    -49     -5    594
20210112163517580	  283  234    -49     -4    595
20210112163517680	  281  234    -53     -4    595
20210112163517813	  283  234    -50     -4    596
20210112163517913	  283  234    -49     -4    594
20210112163518047	  283  234    -49     -4    595
20210112163518147	  284  235    -48     -2    594
20210112163518280	  281  234    -53     -4    595
20210112163518414	  283  234    -50     -4    595
20210112163518514	  282  235    -51     -2    594
20210112163518647	  284  234    -48     -4    594
20210112163518747	  283  234    -49     -4    595
20210112163518880	  282  235    -51     -2    595
20210112163519014	  283  234    -49     -4    594
20210112163519114	  283  234    -49     -4    595
20210112163519247	  282  234    -51     -4    594
20210112163519314	  283  234    -49     -4    594
20210112163519381	  283  234    -49     -4    594
20210112163519614	  284  234    -48     -4    595
20210112163519714	  282  234    -51     -4    593
20210112163519847	  284  234    -48     -4    594
20210112163519981	  283  234    -49     -4    594
20210112163520081	  283  234    -50     -4    595
20210112163520214	  284  234    -48     -4    593
20210112163520347	  281  234    -53     -4    596
20210112163520481	  282  233    -51     -5    593
20210112163520581	  283  234    -49     -4    594
20210112163520714	  283  234    -49     -4    594
20210112163520848	  281  233    -52     -5    592
20210112163520948	  282  235    -51     -2    593
20210112163521014	  287  239    -43      3    594
20210112163521114	  297  246    -28     14    606
20210112163521181	  301  250    -22     21    608
20210112163521281	  301  254    -22     27    612
20210112163521314	  305  255    -15     29    612
20210112163521448	  311  258     -6     34    619
20210112163521514	  311  258     -6     34    619
20210112163521781	  319  259      6     36    625
20210112163521814	  319  259      6     36    625
20210112163521881	  317  259      3     36    629
20210112163521914	  317  258      3     35    631
20210112163521948	  317  259      3     37    631
20210112163521981	  318  260      5     38    630
20210112163522148	  322  260     11     38    631
20210112163522181	  321  259     10     37    632
20210112163522215	  321  260     10     38    634
20210112163522415	  324  258     15     35    635
20210112163522648	  321  260     10     39    637
20210112163522915	  317  258      3     35    632
20210112163523181	  315  257      0     33    626
20210112163523415	  309  254     -9     28    620
20210112163523648	  305  252    -16     24    614
20210112163523782	  300  250    -24     21    613
20210112163523882	  299  249    -25     19    610
20210112163523982	  298  247    -26     16    606
20210112163524082	  294  246    -33     14    605
20210112163524082	  294  245    -33     13    604
20210112163524182	  293  244    -34     11    605
20210112163524315	  290  241    -39      6    599
20210112163524382	  289  240    -40      5    598
20210112163524615	  286  238    -45      1    595
20210112163524915	  285  237    -46      0    595
20210112163525015	  285  237    -46      0    595
20210112163525082	  283  236    -50     -1    595
20210112163525215	  286  235    -45     -2    594
20210112163525415	  283  235    -50     -2    595
20210112163525549	  284  237    -48      0    595
20210112163525682	  282  236    -51     -1    594
20210112163525782	  284  235    -48     -2    594
20210112163525915	  287  237    -43      0    595
20210112163526049	  283  235    -49     -2    595
20210112163526182	  285  235    -46     -2    593
20210112163526282	  284  236    -48     -1    595
20210112163526416	  282  236    -51     -1    594
20210112163526549	  285  235    -46     -2    594
20210112163526682	  282  234    -51     -4    595
20210112163526782	  283  234    -49     -4    594
20210112163526916	  284  236    -48     -1    595
20210112163527049	  283  235    -49     -2    593
20210112163527182	  282  235    -51     -2    595
20210112163527316	  284  235    -48     -2    594
20210112163527416	  283  234    -50     -4    596
20210112163527549	  282  234    -51     -4    595
20210112163527683	  283  235    -49     -2    595
20210112163527816	  283  235    -49     -2    594
20210112163527916	  284  234    -48     -4    594
20210112163528049	  282  234    -51     -4    595
20210112163528183	  283  235    -49     -2    595
20210112163528316	  283  234    -49     -4    594
20210112163528449	  283  234    -49     -4    595
20210112163528549	  284  235    -48     -2    594
20210112163528683	  283  234    -49     -4    595
20210112163528816	  282  235    -51     -2    596
20210112163528950	  282  235    -51     -2    594
20210112163529083	  282  234    -51     -4    595
20210112163529183	  283  234    -50     -4    595
20210112163529316	  283  234    -49     -4    594
20210112163529450	  282  235    -51     -2    596
20210112163529583	  282  235    -51     -2    596
20210112163529650	  283  234    -49     -4    594
20210112163529816	  281  234    -53     -4    594
20210112163529850	  281  234    -53     -4    597
20210112163529883	  283  234    -49     -4    595
20210112163529916	  283  234    -50     -4    595
20210112163530117	  284  235    -48     -2    595
20210112163530383	  281  234    -53     -4    595
20210112163530583	  283  234    -49     -4    595
20210112163530717	  283  234    -49     -4    594
20210112163530850	  281  234    -53     -4    597
20210112163530983	  284  235    -48     -2    594
20210112163531083	  282  233    -51     -5    594
20210112163531217	  281  233    -53     -5    595
20210112163531350	  283  234    -50     -4    595
20210112163531383	  282  235    -51     -2    595
20210112163531517	  281  234    -53     -4    595
20210112163531650	  284  235    -48     -2    595
20210112163531684	  282  235    -51     -2    597
20210112163531750	  282  235    -51     -2    597
20210112163531784	  283  234    -50     -4    595
20210112163531917	  281  233    -53     -5    594
20210112163532050	  283  234    -49     -4    595
20210112163532317	  283  234    -49     -4    594
20210112163532550	  283  233    -49     -5    594
20210112163532750	  282  234    -51     -4    595
20210112163532884	  281  233    -53     -5    594
20210112163532984	  283  234    -49     -4    595
20210112163533084	  282  233    -51     -5    594
20210112163533251	  283  233    -49     -5    593
20210112163533384	  282  233    -51     -5    594
20210112163533484	  281  233    -53     -5    594
20210112163533617	  282  234    -51     -4    594
20210112163533751	  282  234    -51     -4    596
20210112163533884	  282  234    -51     -4    594
20210112163534017	  283  234    -49     -4    594
20210112163534151	  282  234    -51     -4    595
20210112163534284	  281  234    -53     -4    597
20210112163534384	  283  234    -49     -4    595
20210112163534518	  283  234    -49     -4    594
20210112163534651	  283  234    -49     -4    594
20210112163534784	  283  233    -49     -5    593
20210112163534918	  283  234    -49     -4    595
20210112163535018	  282  234    -51     -4    594
20210112163535151	  283  233    -49     -5    595
20210112163535284	  290  242    -39      8    599
20210112163535418	  301  250    -22     21    610
20210112163535518	  302  254    -20     27    611
20210112163535651	  311  258     -6     34    619
20210112163535785	  312  259     -4     36    624
20210112163535918	  314  258     -1     34    624
20210112163536051	  316  258      1     35    628
20210112163536151	  317  260      3     38    629
20210112163536285	  321  259     10     37    631
20210112163536418	  323  260     13     38    635
20210112163536551	  320  260      8     38    635
20210112163536651	  324  260     15     39    636
20210112163536785	  322  259     11     37    636
20210112163536918	  321  260     10     39    637
20210112163537052	  323  260     13     38    633
20210112163537152	  318  259      5     36    630
20210112163537285	  316  258      1     35    629
20210112163537318	  315  257      0     33    629
20210112163537418	  315  256      0     31    625
20210112163537452	  313  254     -3     28    627
20210112163537485	  311  255     -6     29    621
20210112163537685	  307  253    -12     26    618
20210112163537952	  303  251    -19     23    614
20210112163538219	  296  246    -30     14    608
20210112163538385	  295  243    -31      9    604
20210112163538485	  291  244    -37     11    601
20210112163538619	  289  241    -40      6    599
20210112163538752	  284  238    -48      1    595
20210112163538885	  284  236    -48     -1    594
20210112163538985	  285  237    -46      0    596
20210112163539019	  285  237    -46      0    596
20210112163539119	  285  236    -46     -1    594
20210112163539252	  285  236    -46     -1    595
20210112163539352	  285  236    -46     -1    594
20210112163539386	  283  236    -50     -1    595
20210112163539419	  284  237    -48      0    595
20210112163539552	  283  235    -49     -2    595
20210112163539652	  285  236    -46     -1    595
20210112163539719	  283  236    -50     -1    595
20210112163539752	  283  235    -50     -2    597
20210112163539786	  285  236    -46     -1    594
20210112163539852	  284  235    -48     -2    595
20210112163539886	  284  235    -48     -2    595
20210112163539952	  282  235    -51     -2    594
20210112163540019	  284  235    -48     -2    594
20210112163540119	  283  235    -49     -2    595
20210112163540152	  283  235    -49     -2    595
20210112163540219	  283  236    -49     -1    594
20210112163540452	  283  234    -50     -4    596
20210112163540686	  283  234    -50     -4    596
20210112163540753	  283  233    -50     -5    596
20210112163540886	  283  234    -49     -4    594
20210112163541153	  284  234    -48     -4    593
20210112163541386	  285  236    -46     -1    594
20210112163541653	  282  233    -51     -5    594
20210112163541919	  283  234    -49     -4    594
20210112163542186	  284  235    -48     -2    595
20210112163542453	  283  234    -49     -4    594
20210112163542686	  283  234    -49     -4    595
20210112163542853	  282  234    -51     -4    595
20210112163542986	  282  234    -51     -4    595
20210112163543120	  284  234    -48     -4    595
20210112163543253	  282  234    -51     -4    594
20210112163543353	  283  232    -49     -7    594
20210112163543486	  283  234    -49     -4    595
20210112163543620	  282  234    -51     -4    594
20210112163543753	  282  235    -51     -2    596
20210112163543853	  283  235    -50     -2    595
20210112163543987	  283  233    -49     -5    593
20210112163544087	  282  234    -51     -4    595
20210112163544253	  283  234    -49     -4    593
20210112163544353	  283  234    -49     -4    594
20210112163544487	  283  235    -49     -2    595
20210112163544520	  283  234    -50     -4    596
20210112163544520	  284  235    -48     -2    595
20210112163544587	  282  234    -51     -4    596
20210112163544687	  283  233    -49     -5    594
20210112163544753	  283  234    -49     -4    594
20210112163544820	  282  234    -51     -4    595
20210112163544887	  284  234    -48     -4    596
20210112163544987	  283  234    -50     -4    595
20210112163545220	  283  234    -49     -4    594
20210112163545487	  283  233    -50     -5    595
20210112163545587	  283  234    -49     -4    594
20210112163545854	  283  234    -50     -4    595
20210112163546087	  283  233    -49     -5    594
20210112163546287	  283  234    -49     -4    595
20210112163546421	  282  234    -51     -4    594
20210112163546521	  282  233    -51     -5    594
20210112163546654	  284  233    -48     -5    595
20210112163546821	  282  233    -51     -5    594
20210112163546887	  283  234    -50     -4    596
20210112163546987	  283  232    -49     -7    595
20210112163547087	  283  234    -49     -4    595
20210112163547154	  283  234    -50     -4    595
20210112163547154	  283  233    -50     -5    595
20210112163547421	  282  234    -51     -4    596
20210112163547688	  283  233    -49     -5    594
20210112163547821	  283  234    -49     -4    595
20210112163547888	  283  234    -50     -4    595
20210112163547921	  283  234    -50     -4    596
20210112163548188	  283  232    -49     -7    592
20210112163548321	  283  232    -49     -7    595
20210112163548454	  283  234    -49     -4    595
20210112163548554	  283  232    -49     -7    594
20210112163548688	  282  234    -51     -4    595
20210112163548821	  282  233    -51     -5    594
20210112163548955	  283  232    -49     -7    594
20210112163549088	  282  233    -51     -5    595
20210112163549188	  283  234    -49     -4    594
20210112163549321	  283  232    -49     -7    594
20210112163549455	  283  234    -49     -4    593
20210112163549588	  296  245    -30     13    607
20210112163549688	  299  251    -25     22    612
20210112163549821	  305  255    -16     29    615
20210112163549955	  313  258     -3     34    619
20210112163550088	  311  258     -6     34    621
20210112163550222	  315  258      0     35    627
20210112163550322	  317  259      3     36    629
20210112163550455	  319  258      6     35    632
20210112163550588	  322  259     11     37    634
20210112163550722	  321  259     10     37    634
20210112163550855	  321  259     10     37    633
20210112163550955	  321  259     10     37    633
20210112163551088	  322  260     11     38    635
20210112163551222	  321  259     10     37    635
20210112163551355	  319  259      6     37    635
20210112163551455	  317  257      3     33    631
20210112163551589	  315  256      0     31    626
20210112163551722	  313  256     -3     31    625
20210112163551855	  310  253     -7     26    622
20210112163551989	  308  253    -11     26    618
20210112163552055	  305  252    -16     24    618
20210112163552122	  304  252    -17     24    614
20210112163552255	  302  249    -20     19    612
20210112163552289	  301  248    -22     18    612
20210112163552355	  300  248    -23     18    611
20210112163552389	  299  249    -25     19    609
20210112163552622	  294  244    -33     11    604
20210112163552889	  289  241    -40      6    596
20210112163553156	  285  236    -46     -1    595
20210112163553256	  286  237    -45      0    595
20210112163553389	  284  237    -48      0    595
20210112163553522	  284  235    -48     -2    593
20210112163553656	  285  236    -46     -1    595
20210112163553756	  282  235    -51     -2    595
20210112163553823	  284  235    -48     -2    594
20210112163553856	  285  235    -46     -2    594
20210112163553923	  283  234    -50     -4    595
20210112163553989	  283  235    -49     -2    595
20210112163554056	  284  235    -48     -2    594
20210112163554256	  283  235    -49     -2    594
20210112163554456	  283  235    -49     -2    594
20210112163554656	  284  235    -48     -2    594
20210112163554689	  284  235    -48     -2    595
20210112163554723	  284  235    -48     -2    594
20210112163554789	  284  234    -48     -4    594
20210112163554989	  284  235    -48     -2    595
20210112163555256	  284  234    -48     -4    595
20210112163555523	  283  234    -49     -4    594
20210112163555690	  283  233    -49     -5    594
20210112163555790	  284  234    -48     -4    594
20210112163555823	  284  234    -48     -4    595
20210112163555890	  284  234    -48     -4    596
20210112163555956	  283  235    -49     -2    594
20210112163556223	  284  234    -48     -4    594
20210112163556457	  282  234    -51     -4    595
20210112163556590	  282  234    -51     -4    594
20210112163556723	  282  233    -51     -5    595
20210112163556823	  284  234    -48     -4    594
20210112163556957	  283  234    -49     -4    595
20210112163557090	  283  234    -49     -4    594
20210112163557223	  282  234    -51     -4    597
20210112163557357	  284  233    -48     -5    594
20210112163557457	  283  233    -49     -5    594
20210112163557590	  284  234    -48     -4    593
20210112163557724	  282  235    -51     -2    595
20210112163557857	  283  233    -49     -5    595
20210112163557990	  283  234    -49     -4    594
20210112163558124	  282  233    -51     -5    595
20210112163558257	  283  234    -50     -4    595
20210112163558390	  281  233    -53     -5    595
20210112163558524	  283  233    -49     -5    594
20210112163558657	  283  234    -50     -4    595
20210112163558790	  283  233    -49     -5    594
20210112163558924	  282  234    -51     -4    595
20210112163559057	  283  232    -49     -7    595
20210112163559191	  283  232    -49     -7    595
20210112163559291	  284  234    -48     -4    595
20210112163559357	  283  234    -49     -4    595
20210112163559591	  281  233    -53     -5    595
20210112163559624	  283  233    -49     -5    594
20210112163559691	  283  234    -49     -4    595
20210112163559857	  282  231    -51     -9    593
20210112163559924	  283  233    -49     -5    594
20210112163600091	  283  232    -49     -7    594
20210112163600357	  282  233    -51     -5    594
20210112163600591	  283  233    -49     -5    593
20210112163600758	  281  233    -53     -5    594
20210112163600891	  284  234    -48     -4    595
20210112163601024	  283  232    -49     -7    594
20210112163601058	  282  233    -51     -5    594
20210112163601091	  281  232    -52     -7    593
20210112163601158	  283  234    -49     -4    594
20210112163601258	  283  234    -49     -4    594
20210112163601258	  282  234    -51     -4    595
20210112163601391	  283  234    -49     -4    595
20210112163601458	  283  234    -49     -4    594
20210112163601524	  284  234    -48     -4    595
20210112163601558	  282  234    -51     -4    598
20210112163601691	  281  232    -53     -7    594
20210112163601958	  283  233    -49     -5    595
20210112163602191	  281  233    -53     -5    595
20210112163602258	  281  233    -53     -5    595
20210112163602391	  284  234    -48     -4    594
20210112163602458	  281  233    -53     -5    595
20210112163602491	  284  234    -48     -4    593
20210112163602625	  282  233    -51     -5    594
20210112163602758	  283  233    -49     -5    594
20210112163603058	  281  232    -53     -7    594
20210112163603358	  282  232    -51     -7    594
20210112163603625	  281  234    -53     -4    595
20210112163603658	  282  234    -51     -4    594
20210112163603725	  284  237    -48      0    593
20210112163603992	  301  252    -22     24    611
20210112163604258	  311  259     -6     36    620
20210112163604592	  316  259      1     36    629
20210112163604859	  320  259      8     37    632
20210112163605059	  321  259     10     37    634
20210112163605192	  322  259     11     37    634
20210112163605359	  322  260     11     38    634
20210112163605492	  323  258     13     35    635
20210112163605625	  318  258      5     35    635
20210112163605792	  315  257      0     33    627
20210112163605926	  313  256     -3     31    625
20210112163606059	  311  254     -6     28    622
20210112163606192	  308  253    -11     26    619
20210112163606326	  305  252    -16     24    616
20210112163606492	  301  249    -22     19    612
20210112163606626	  298  247    -27     16    609
20210112163606759	  297  245    -28     13    606
20210112163606926	  293  244    -34     11    604
20210112163607059	  291  242    -37      8    601
20210112163607092	  290  241    -39      6    599
20210112163607226	  287  239    -43      3    595
20210112163607293	  284  238    -48      1    596
20210112163607359	  285  236    -46     -1    593
20210112163607493	  285  236    -46     -1    595
20210112163607659	  284  237    -48      0    595
20210112163607826	  285  235    -46     -2    593
20210112163608093	  284  236    -48     -1    594
20210112163608326	  284  235    -48     -2    594
20210112163608493	  284  235    -48     -2    594
20210112163608626	  283  234    -50     -4    596
20210112163608760	  283  235    -50     -2    595
20210112163608893	  283  232    -49     -7    595
20210112163608960	  283  234    -50     -4    595
20210112163608993	  284  235    -48     -2    595
20210112163609160	  284  234    -48     -4    594
20210112163609226	  283  235    -50     -2    596
20210112163609260	  283  235    -50     -2    596
20210112163609326	  284  234    -48     -4    596
20210112163609360	  284  235    -48     -2    595
20210112163609526	  283  234    -50     -4    596
20210112163609593	  285  235    -46     -2    594
20210112163609693	  284  235    -48     -2    595
20210112163609993	  285  235    -46     -2    595
20210112163610293	  282  234    -51     -4    596
20210112163610460	  285  234    -46     -4    595
20210112163610527	  283  234    -49     -4    594
20210112163610593	  282  233    -51     -5    594
20210112163610827	  283  234    -49     -4    595
20210112163611127	  283  232    -49     -7    595
20210112163611394	  282  234    -51     -4    595
20210112163611460	  283  232    -49     -7    595
20210112163611594	  282  233    -51     -5    594
20210112163611860	  283  232    -49     -7    594
20210112163612027	  283  233    -49     -5    594
20210112163612160	  282  233    -51     -5    595
20210112163612327	  283  233    -49     -5    594
20210112163612461	  283  234    -49     -4    595
20210112163612594	  282  233    -51     -5    594
20210112163612761	  282  233    -51     -5    596
20210112163612894	  284  232    -48     -7    594
20210112163613027	  283  233    -50     -5    595
20210112163613161	  281  234    -53     -4    596
20210112163613327	  281  232    -53     -7    595
20210112163613461	  283  233    -49     -5    595
20210112163613594	  283  232    -49     -7    594
20210112163613728	  283  233    -49     -5    594
20210112163613894	  283  233    -49     -5    595
20210112163614028	  282  233    -51     -5    595
20210112163614161	  282  233    -51     -5    593
20210112163614328	  282  233    -51     -5    594
20210112163614461	  282  233    -51     -5    594
20210112163614594	  282  233    -51     -5    595
20210112163614728	  282  233    -51     -5    594
20210112163614861	  282  233    -51     -5    594
20210112163614961	  283  234    -49     -4    595
20210112163614995	  281  233    -53     -5    595
20210112163615161	  282  231    -51     -9    594
20210112163615228	  282  233    -51     -5    595
20210112163615328	  281  232    -53     -7    595
20210112163615495	  282  233    -51     -5    594
20210112163615628	  283  233    -49     -5    595
20210112163615961	  281  233    -53     -5    594
20210112163616162	  282  233    -51     -5    593
20210112163616328	  282  233    -51     -5    593
20210112163616462	  283  234    -49     -4    594
20210112163616595	  283  232    -49     -7    593
20210112163616728	  282  233    -51     -5    594
20210112163616795	  281  232    -53     -7    594
20210112163616795	  282  232    -51     -7    594
20210112163616928	  283  231    -49     -9    593
20210112163617028	  282  233    -51     -5    594
20210112163617095	  282  233    -51     -5    594
20210112163617128	  281  232    -53     -7    594
20210112163617395	  281  232    -53     -7    595
20210112163617562	  282  232    -51     -7    594
20210112163617562	  284  233    -48     -5    594
20210112163617629	  284  233    -48     -5    594
20210112163617729	  282  232    -51     -7    596
20210112163617762	  281  233    -53     -5    595
20210112163617862	  282  233    -51     -5    594
20210112163617929	  281  233    -53     -5    594
20210112163618029	  290  241    -39      6    596
20210112163618295	  304  255    -17     29    612
20210112163618595	  312  260     -4     38    621
20210112163618896	  316  258      1     35    629
20210112163619162	  322  259     11     37    633
20210112163619462	  323  260     13     38    635
20210112163619796	  321  259     10     37    635
20210112163620096	  313  257     -3     33    629
20210112163620229	  312  255     -4     29    622
20210112163620363	  310  253     -7     26    621
20210112163620529	  306  252    -14     24    617
20210112163620663	  302  250    -20     21    616
20210112163620796	  301  249    -22     19    611
20210112163620929	  298  247    -27     16    607
20210112163621096	  293  245    -34     13    605
20210112163621229	  292  240    -36      5    603
20210112163621363	  290  239    -39      3    598
20210112163621496	  286  238    -45      1    596
20210112163621663	  285  236    -46     -1    595
20210112163621796	  286  236    -45     -1    595
20210112163621930	  283  235    -49     -2    594
20210112163622063	  285  235    -46     -2    595
20210112163622230	  283  235    -49     -2    594
20210112163622363	  284  235    -48     -2    595
20210112163622496	  285  234    -46     -4    593
20210112163622630	  285  236    -46     -1    596
20210112163622763	  283  235    -49     -2    594
20210112163622863	  284  235    -48     -2    594
20210112163623030	  285  235    -46     -2    595
20210112163623096	  283  235    -50     -2    597
20210112163623163	  284  234    -48     -4    594
20210112163623463	  283  234    -50     -4    596
20210112163623697	  284  234    -48     -4    594
20210112163623830	  283  235    -50     -2    596
20210112163623930	  283  234    -49     -4    594
20210112163624063	  283  234    -50     -4    595
20210112163624097	  284  235    -48     -2    594
20210112163624163	  283  233    -49     -5    594
20210112163624230	  284  234    -48     -4    594
20210112163624263	  282  233    -51     -5    595
20210112163624430	  284  234    -48     -4    594
20210112163624564	  285  235    -46     -2    595
20210112163624864	  283  234    -49     -4    594
20210112163625164	  282  234    -51     -4    596
20210112163625397	  283  233    -49     -5    594
20210112163625564	  282  234    -51     -4    595
20210112163625697	  282  234    -51     -4    594
20210112163625831	  283  234    -49     -4    595
20210112163625964	  281  233    -53     -5    594
20210112163626031	  282  233    -51     -5    594
20210112163626097	  283  233    -49     -5    594
20210112163626231	  284  234    -48     -4    594
20210112163626564	  282  233    -51     -5    593
20210112163626697	  283  233    -49     -5    594
20210112163626864	  282  234    -51     -4    594
20210112163626997	  282  233    -51     -5    596
20210112163627097	  282  233    -51     -5    593
20210112163627131	  282  233    -51     -5    594
20210112163627397	  281  234    -53     -4    596
20210112163627564	  283  233    -49     -5    593
20210112163627698	  282  233    -51     -5    594
20210112163627831	  283  233    -49     -5    593
20210112163627998	  283  233    -49     -5    592
20210112163628131	  283  234    -50     -4    596
20210112163628264	  282  233    -51     -5    594
20210112163628398	  281  233    -53     -5    595
20210112163628564	  282  233    -51     -5    593
20210112163628698	  282  233    -51     -5    595
20210112163628831	  282  232    -51     -7    593
20210112163628965	  283  234    -49     -4    595
20210112163629131	  282  234    -51     -4    595
20210112163629265	  282  233    -51     -5    594
20210112163629398	  283  233    -49     -5    593
20210112163629531	  283  233    -49     -5    594
20210112163629665	  282  232    -51     -7    593
20210112163629831	  282  233    -51     -5    594
20210112163629998	  282  233    -51     -5    595
20210112163630132	  282  233    -51     -5    593
20210112163630265	  282  233    -51     -5    595
20210112163630398	  283  233    -49     -5    593
20210112163630565	  282  232    -51     -7    594
20210112163630698	  282  232    -51     -7    593
20210112163630832	  282  233    -51     -5    595
20210112163630998	  282  233    -51     -5    594
20210112163631132	  282  233    -51     -5    593
20210112163631265	  283  234    -49     -4    594
20210112163631399	  283  234    -50     -4    596
20210112163631565	  282  232    -51     -7    594
20210112163631632	  282  233    -51     -5    593
20210112163631799	  283  233    -49     -5    594
20210112163631832	  282  233    -51     -5    594
20210112163631932	  283  232    -49     -7    593
20210112163632165	  282  234    -51     -4    594
20210112163632399	  300  249    -23     19    610
20210112163632532	  305  253    -15     26    612
20210112163632699	  311  258     -6     34    619
20210112163632832	  312  256     -4     31    620
20210112163632966	  315  257      0     33    625
20210112163633099	  317  259      3     37    630
20210112163633266	  322  257     11     33    632
20210112163633266	  321  258     10     35    633
20210112163633332	  319  259      6     37    635
20210112163633399	  319  259      6     37    635
20210112163633466	  320  259      8     37    635
20210112163633499	  321  258     10     35    634
20210112163633532	  320  258      8     35    635
20210112163633599	  322  259     11     37    635
20210112163633666	  322  259     11     37    636
20210112163633866	  322  258     11     35    635
20210112163633899	  322  259     11     37    635
20210112163633999	  322  259     11     37    636
20210112163634166	  319  259      6     36    630
20210112163634399	  312  256     -4     31    627
20210112163634433	  313  255     -3     30    624
20210112163634533	  310  254     -8     28    622
20210112163634633	  308  253    -11     26    619
20210112163634966	  301  249    -22     19    613
20210112163635233	  296  245    -30     13    606
20210112163635533	  294  244    -33     11    605
20210112163635566	  294  244    -33     11    605
20210112163635633	  293  243    -34      9    605
20210112163635866	  292  243    -36      9    604
20210112163636133	  285  237    -46      0    595
20210112163636433	  284  236    -48     -1    593
20210112163636733	  284  235    -48     -2    594
20210112163637033	  284  235    -48     -2    594
20210112163637167	  283  235    -50     -2    595
20210112163637333	  283  234    -49     -4    595
20210112163637467	  284  234    -48     -4    595
20210112163637634	  284  234    -48     -4    595
20210112163637767	  283  234    -50     -4    595
20210112163637934	  283  232    -50     -7    595
20210112163638067	  285  235    -46     -2    595
20210112163638200	  282  235    -51     -2    597
20210112163638367	  283  232    -49     -7    595
20210112163638500	  283  234    -50     -4    596
20210112163638667	  283  234    -49     -4    594
20210112163638801	  283  234    -50     -4    597
20210112163638967	  283  234    -50     -4    595
20210112163639101	  283  234    -49     -4    595
20210112163639267	  283  235    -50     -2    596
20210112163639401	  283  234    -50     -4    596
20210112163639534	  283  234    -50     -4    595
20210112163639567	  284  233    -48     -5    595
20210112163639634	  284  235    -48     -2    595
20210112163639734	  282  233    -51     -5    596
20210112163639901	  282  234    -51     -4    597
20210112163640201	  284  233    -48     -5    595
20210112163640401	  284  233    -48     -5    595
20210112163640468	  282  233    -51     -5    594
20210112163640534	  282  233    -51     -5    594
20210112163640801	  283  232    -49     -7    595
20210112163641101	  284  232    -48     -7    595
20210112163641234	  282  233    -51     -5    593
20210112163641301	  282  233    -51     -5    594
20210112163641435	  284  234    -48     -4    595
20210112163641501	  284  233    -48     -5    594
20210112163641601	  282  233    -51     -5    595
20210112163641668	  282  233    -51     -5    596
20210112163641768	  283  233    -49     -5    593
20210112163641801	  282  233    -51     -5    594
20210112163641868	  283  234    -50     -4    596
20210112163641935	  283  233    -49     -5    595
20210112163642068	  282  233    -51     -5    594
20210112163642301	  284  232    -48     -7    594
20210112163642635	  282  233    -51     -5    595
20210112163642935	  282  233    -51     -5    595
20210112163643268	  284  233    -48     -5    593
20210112163643568	  283  231    -49     -9    594
20210112163643735	  283  233    -49     -5    595
20210112163643902	  282  232    -51     -7    594
20210112163644068	  284  233    -48     -5    595
20210112163644202	  282  232    -51     -7    594
20210112163644369	  283  233    -49     -5    594
20210112163644535	  283  233    -49     -5    595
20210112163644669	  283  232    -49     -7    593
20210112163644835	  284  234    -48     -4    594
20210112163645002	  281  232    -53     -7    594
20210112163645169	  284  234    -48     -4    594
20210112163645302	  282  231    -51     -9    594
20210112163645469	  282  233    -51     -5    594
20210112163645635	  283  232    -49     -7    594
20210112163645802	  283  231    -49     -9    594
20210112163645902	  282  232    -51     -7    594
20210112163646102	  282  231    -51     -9    595
20210112163646269	  283  233    -50     -5    595
20210112163646402	  283  235    -49     -2    593
20210112163646536	  297  246    -28     14    607
20210112163646669	  301  251    -22     22    610
20210112163646769	  306  254    -14     27    613
20210112163646769	  308  256    -11     31    616
20210112163646869	  310  257     -7     33    620
20210112163647036	  312  257     -4     33    620
20210112163647203	  315  259      0     36    627
20210112163647536	  322  259     11     37    633
20210112163647869	  321  259     10     37    636
20210112163648169	  321  259     10     37    636
20210112163648470	  316  257      1     33    627
20210112163648603	  313  256     -3     31    628
20210112163648703	  311  254     -6     28    623
20210112163648836	  308  253    -11     26    619
20210112163648870	  307  253    -12     26    619
20210112163648903	  305  253    -16     26    618
20210112163648936	  306  253    -14     26    618
20210112163649103	  302  249    -20     19    615
20210112163649336	  298  248    -27     18    608
20210112163649670	  291  243    -38      9    604
20210112163650003	  285  236    -46     -1    595
20210112163650203	  285  236    -46     -1    595
20210112163650303	  286  236    -45     -1    596
20210112163650403	  283  235    -50     -2    596
20210112163650437	  284  236    -48     -1    595
20210112163650603	  285  235    -47     -2    597
20210112163650937	  284  235    -48     -2    594
20210112163651170	  284  234    -48     -4    597
20210112163651337	  284  234    -48     -4    595
20210112163651504	  284  234    -48     -4    595
20210112163651670	  283  235    -50     -2    596
20210112163651804	  285  234    -46     -4    594
20210112163651970	  283  234    -49     -4    595
20210112163652137	  283  234    -49     -4    594
20210112163652304	  283  235    -50     -2    596
20210112163652437	  285  234    -46     -4    594
20210112163652604	  283  233    -49     -5    595
20210112163652771	  284  233    -48     -5    594
20210112163652937	  284  233    -48     -5    595
20210112163653071	  282  233    -51     -5    592
20210112163653237	  284  232    -48     -7    595
20210112163653404	  282  234    -51     -4    595
20210112163653537	  284  234    -48     -4    593
20210112163653704	  282  233    -51     -5    595
20210112163653871	  283  233    -49     -5    595
20210112163654038	  282  232    -51     -7    596
20210112163654171	  282  233    -51     -5    595
20210112163654338	  283  233    -49     -5    594
20210112163654504	  283  233    -49     -5    594
20210112163654638	  283  233    -49     -5    594
20210112163654738	  282  233    -51     -5    595
20210112163654804	  283  233    -49     -5    594
20210112163654838	  282  233    -51     -5    594
20210112163654971	  282  232    -51     -7    595
20210112163655171	  282  232    -51     -7    594
20210112163655505	  283  231    -49     -9    595
20210112163655771	  283  233    -49     -5    594
20210112163655938	  284  232    -48     -7    594
20210112163656071	  282  233    -51     -5    597
20210112163656238	  283  233    -49     -5    595
20210112163656372	  282  233    -51     -5    595
20210112163656472	  282  232    -51     -7    595
20210112163656538	  284  233    -48     -5    594
20210112163656572	  283  232    -49     -7    594
20210112163656572	  282  232    -51     -7    595
20210112163656738	  283  231    -49     -9    595
20210112163656805	  283  232    -49     -7    594
20210112163656938	  283  234    -50     -4    596
20210112163657005	  283  233    -50     -5    596
20210112163657172	  284  233    -48     -5    595
20210112163657372	  282  233    -51     -5    594
20210112163657438	  284  233    -48     -5    593
20210112163657505	  283  233    -49     -5    594
20210112163657572	  282  232    -51     -7    594
20210112163657805	  283  231    -49     -9    594
20210112163658105	  285  232    -46     -7    595
20210112163658372	  283  232    -49     -7    594
20210112163658706	  284  234    -48     -4    594
20210112163659006	  284  233    -48     -5    593
20210112163659339	  282  232    -51     -7    594
20210112163659672	  282  232    -51     -7    596
20210112163700006	  282  232    -51     -7    594
20210112163700206	  282  232    -51     -7    593
20210112163700373	  282  232    -51     -7    596
20210112163700539	  282  231    -51     -9    592
20210112163700706	  290  241    -39      6    598
20210112163700839	  298  249    -27     19    609
20210112163701006	  305  256    -16     31    615
20210112163701173	  311  258     -6     34    621
20210112163701340	  313  256     -3     31    621
20210112163701473	  317  259      3     36    626
20210112163701640	  319  258      6     35    632
20210112163701806	  321  258     10     35    632
20210112163701940	  320  259      8     37    635
20210112163702106	  321  259     10     37    635
20210112163702173	  322  259     11     37    634
20210112163702240	  321  259     10     37    634
20210112163702373	  322  260     11     38    636
20210112163702440	  321  257     10     33    634
20210112163702507	  321  259     10     37    634
20210112163702707	  316  255      1     30    628
20210112163702973	  313  254     -3     28    622
20210112163703040	  309  254     -9     28    620
20210112163703140	  308  253    -11     26    618
20210112163703173	  309  254     -9     28    618
20210112163703240	  306  252    -14     24    615
20210112163703273	  305  251    -16     23    616
20210112163703440	  301  249    -22     19    614
20210112163703507	  302  249    -20     19    611
20210112163703573	  299  247    -25     16    607
20210112163703707	  297  245    -28     13    607
20210112163703807	  295  245    -31     13    605
20210112163703840	  294  243    -33      9    605
20210112163704007	  290  241    -39      6    598
20210112163704040	  289  241    -40      6    599
20210112163704107	  288  239    -42      3    598
20210112163704307	  284  235    -48     -2    594
20210112163704507	  285  236    -46     -1    596
20210112163704874	  284  235    -48     -2    595
20210112163705174	  284  235    -48     -2    596
20210112163705507	  284  235    -48     -2    595
20210112163705874	  284  233    -48     -5    593
20210112163706174	  283  233    -49     -5    595
20210112163706507	  284  234    -48     -4    593
20210112163706841	  283  232    -50     -7    595
20210112163707041	  282  232    -51     -7    594
20210112163707208	  281  233    -53     -5    596
20210112163707374	  283  233    -50     -5    595
20210112163707508	  282  234    -51     -4    596
20210112163707674	  284  232    -48     -7    595
20210112163707808	  283  234    -50     -4    596
20210112163707808	  284  234    -48     -4    595
20210112163708041	  283  234    -50     -4    595
20210112163708375	  282  233    -51     -5    596
20210112163708508	  284  235    -48     -2    595
20210112163708675	  282  233    -51     -5    595
20210112163708841	  283  234    -50     -4    596
20210112163708975	  282  233    -51     -5    595
20210112163709141	  282  231    -51     -9    595
20210112163709308	  282  233    -51     -5    594
20210112163709475	  282  233    -51     -5    595
20210112163709608	  283  234    -50     -4    595
20210112163709775	  282  233    -51     -5    595
20210112163709942	  282  232    -51     -7    593
20210112163710108	  282  233    -51     -5    595
20210112163710242	  283  232    -49     -7    594
20210112163710342	  282  233    -51     -5    594
20210112163710442	  283  233    -49     -5    594
20210112163710508	  282  234    -51     -4    595
20210112163710575	  282  232    -51     -7    595
20210112163710642	  282  233    -51     -5    596
20210112163710642	  283  233    -50     -5    595
20210112163710742	  283  233    -49     -5    594
20210112163710809	  283  233    -49     -5    594
20210112163710809	  282  234    -51     -4    597
20210112163710875	  283  234    -50     -4    596
20210112163710909	  283  234    -50     -4    597
20210112163710975	  284  234    -48     -4    594
20210112163711009	  283  232    -49     -7    594
20210112163711075	  282  232    -51     -7    593
20210112163711142	  282  233    -51     -5    594
20210112163711209	  283  234    -50     -4    595
20210112163711242	  282  233    -51     -5    594
20210112163711309	  284  234    -48     -4    593
20210112163711375	  283  233    -49     -5    594
20210112163711409	  283  231    -49     -9    595
20210112163711475	  281  232    -53     -7    595
20210112163711509	  281  232    -53     -7    595
20210112163711509	  281  232    -53     -7    595
20210112163711609	  284  234    -48     -4    594
20210112163711709	  281  231    -52     -9    593
20210112163711742	  282  232    -51     -7    595
20210112163711842	  282  232    -51     -7    596
20210112163711975	  282  232    -51     -7    595
20210112163712042	  283  232    -49     -7    594
20210112163712142	  283  232    -49     -7    594
20210112163712242	  282  232    -51     -7    593
20210112163712309	  282  232    -51     -7    594
20210112163712342	  282  233    -51     -5    594
20210112163712442	  283  232    -49     -7    594
20210112163712576	  283  232    -49     -7    594
20210112163712609	  282  231    -51     -9    594
20210112163712809	  282  232    -51     -7    595
20210112163713109	  282  231    -51     -9    595
20210112163713442	  282  232    -51     -7    595
20210112163713743	  282  233    -51     -5    597
20210112163714009	  282  234    -51     -4    597
20210112163714276	  283  233    -49     -5    594
20210112163714609	  281  232    -53     -7    595
20210112163714709	  283  233    -49     -5    595
20210112163714910	  281  234    -53     -4    594
20210112163715076	  298  247    -27     16    607
20210112163715110	  299  249    -25     19    608
20210112163715176	  299  249    -25     19    610
20210112163715310	  308  256    -11     31    618
20210112163715376	  311  257     -6     33    619
20210112163715643	  312  258     -4     35    626
20210112163715943	  320  258      8     35    633
20210112163716010	  321  257     10     33    634
20210112163716143	  319  259      6     37    634
20210112163716243	  320  258      8     35    634
20210112163716343	  321  259     10     37    635
20210112163716443	  321  259     10     37    635
20210112163716543	  322  260     11     38    635
20210112163716643	  322  259     11     37    635
20210112163716677	  321  259     10     37    636
20210112163716777	  322  259     11     37    637
20210112163716910	  322  258     11     35    635
20210112163716977	  322  259     11     37    638
20210112163717110	  323  259     13     37    637
20210112163717310	  322  259     11     37    638
20210112163717544	  323  260     13     38    635
20210112163717844	  322  260     11     39    637
20210112163717910	  323  260     13     38    635
20210112163717977	  323  259     13     37    636
20210112163718077	  322  260     12     39    640
20210112163718210	  324  260     15     39    638
20210112163718544	  322  259     11     37    636
20210112163718877	  323  259     13     37    637
20210112163719211	  323  259     13     37    638
20210112163719511	  322  259     11     37    638
20210112163719677	  324  260     15     39    638
20210112163720011	  323  259     13     37    639
20210112163720344	  323  259     13     37    638
20210112163720611	  324  259     15     37    638
20210112163720678	  323  260     13     39    638
20210112163720711	  323  259     13     37    638
20210112163720811	  323  259     13     37    638
20210112163721144	  324  260     15     39    638
20210112163721445	  325  259     17     37    639
20210112163721811	  324  260     15     39    640
20210112163722145	  325  259     17     37    639
20210112163722478	  325  260     17     39    638
20210112163722645	  325  260     17     39    639
20210112163722945	  324  260     15     39    639
20210112163723245	  323  261     13     41    641
20210112163723578	  324  260     15     39    640
20210112163723612	  325  259     17     37    640
20210112163724012	  325  260     17     39    640
20210112163724045	  324  261     15     40    640
