20210109144516029	  310  268     -8     55    672
20210109144516255	  309  268    -10     55    672
20210109144516320	  309  268    -10     55    672
20210109144516418	  310  268     -8     55    672
20210109144516517	  309  268    -10     55    672
20210109144516583	  308  268    -12     55    673
20210109144516682	  310  268     -8     55    672
20210109144516749	  310  267     -8     53    673
20210109144516849	  310  269     -8     57    671
20210109144516949	  310  269     -8     57    671
20210109144517016	  311  268     -6     55    672
20210109144517116	  310  269     -8     57    671
20210109144517250	  310  267     -8     53    672
20210109144517316	  310  268     -8     55    672
20210109144517484	  310  268     -8     55    672
20210109144517584	  311  270     -6     58    672
20210109144517684	  311  268     -6     55    672
20210109144517751	  311  268     -6     55    672
20210109144517852	  311  268     -6     55    672
20210109144517952	  311  268     -6     55    672
20210109144518052	  310  268     -8     55    672
20210109144518153	  309  269    -10     57    672
20210109144518220	  309  269    -10     57    672
20210109144518321	  310  268     -8     55    673
20210109144518421	  311  268     -6     55    673
20210109144518521	  310  268     -8     55    672
20210109144518621	  310  268     -8     55    673
20210109144518721	  310  268     -8     55    671
20210109144518788	  310  268     -8     55    672
20210109144518888	  310  268     -8     55    672
20210109144518988	  310  268     -8     55    672
20210109144519088	  310  268     -8     55    673
20210109144519188	  310  268     -8     55    672
20210109144519288	  310  268     -8     55    672
20210109144519388	  309  267    -10     53    673
20210109144519454	  310  268     -8     55    672
20210109144519554	  310  268     -8     55    672
20210109144519654	  310  268     -8     55    672
20210109144519753	  310  268     -8     55    672
20210109144519853	  310  268     -8     55    673
20210109144519953	  310  268     -8     55    673
20210109144520019	  310  268     -8     55    673
20210109144520119	  310  267     -8     53    673
20210109144520218	  310  268     -8     55    672
20210109144520318	  310  268     -8     55    672
20210109144520418	  310  269     -8     57    672
20210109144520517	  310  269     -8     57    671
20210109144520584	  310  268     -8     55    672
20210109144520684	  310  268     -8     55    672
20210109144520783	  310  268     -8     55    672
20210109144520950	  310  268     -8     55    672
20210109144521049	  310  268     -8     55    672
20210109144521116	  310  268     -8     55    672
20210109144521215	  310  267     -8     53    673
20210109144521315	  310  268     -8     55    673
20210109144521414	  310  268     -8     55    673
20210109144521514	  310  268     -8     55    673
20210109144521614	  310  268     -8     55    672
20210109144521713	  310  268     -8     55    673
20210109144521779	  310  268     -8     55    672
20210109144521879	  310  268     -8     55    673
20210109144521978	  310  268     -8     55    673
20210109144522078	  310  268     -8     55    672
20210109144522177	  310  268     -8     55    672
20210109144522276	  310  268     -8     55    672
20210109144522342	  310  268     -8     55    672
20210109144522442	  310  268     -8     55    672
20210109144522542	  310  269     -8     57    672
20210109144522642	  309  268    -10     55    672
20210109144522742	  310  268     -8     55    673
20210109144522843	  310  268     -8     55    672
20210109144522909	  310  268     -8     55    672
20210109144523009	  310  268     -8     55    673
20210109144523109	  310  268     -8     55    673
20210109144523209	  310  268     -8     55    672
20210109144523309	  310  269     -8     57    671
20210109144523409	  310  268     -8     55    672
20210109144523509	  310  268     -8     55    673
20210109144523576	  309  268    -10     55    673
20210109144523676	  310  268     -8     55    672
20210109144523776	  310  268     -8     55    673
20210109144523876	  310  268     -8     55    672
20210109144523976	  310  268     -8     55    672
20210109144524076	  310  268     -8     55    673
20210109144524176	  310  268     -8     55    672
20210109144524243	  310  269     -8     57    672
20210109144524343	  310  268     -8     55    673
20210109144524443	  310  268     -8     55    672
20210109144524543	  310  268     -8     55    673
20210109144524643	  310  268     -8     55    673
20210109144524710	  310  269     -8     57    672
20210109144524810	  310  269     -8     57    672
20210109144524910	  309  268    -10     55    673
20210109144525010	  310  268     -8     55    673
20210109144525110	  310  268     -8     55    673
20210109144525210	  310  268     -8     55    672
20210109144525310	  311  269     -6     57    672
20210109144525376	  310  268     -8     55    672
20210109144525476	  310  268     -8     55    672
20210109144525576	  310  268     -8     55    673
20210109144525676	  310  267     -8     53    674
20210109144525776	  310  268     -8     55    673
20210109144525876	  309  268    -10     55    673
20210109144525943	  310  268     -8     55    672
20210109144526043	  309  268    -10     55    672
20210109144526143	  310  269     -8     57    672
20210109144526243	  310  269     -8     57    672
20210109144526343	  310  268     -8     55    672
20210109144526443	  309  268    -10     55    673
20210109144526543	  309  268    -10     55    672
20210109144526610	  309  268    -10     55    673
20210109144526710	  310  269     -8     57    672
20210109144526810	  310  268     -8     55    673
20210109144526910	  310  269     -8     57    672
20210109144527010	  310  268     -8     55    673
20210109144527110	  310  268     -8     55    673
20210109144527177	  310  269     -8     57    673
20210109144527277	  310  268     -8     55    673
20210109144527377	  310  269     -8     57    673
20210109144527477	  310  268     -8     55    673
20210109144527577	  309  269    -10     57    675
20210109144527677	  308  269    -12     57    681
20210109144527744	  307  270    -14     59    683
20210109144527844	  305  269    -17     58    686
20210109144527944	  304  269    -19     58    691
20210109144528044	  302  270    -23     60    694
20210109144528144	  302  270    -23     61    698
20210109144528244	  302  270    -23     61    701
20210109144528344	  302  269    -23     60    706
20210109144528411	  301  270    -25     62    708
20210109144528511	  301  269    -26     60    712
20210109144528611	  300  269    -28     60    716
20210109144528711	  300  268    -28     59    718
20210109144528811	  300  269    -28     61    718
20210109144528911	  300  268    -28     59    722
20210109144528977	  300  267    -28     57    724
20210109144529077	  300  268    -28     59    725
20210109144529177	  301  268    -26     59    726
20210109144529277	  299  269    -30     61    727
20210109144529377	  300  268    -28     60    732
20210109144529477	  300  268    -28     60    729
20210109144529544	  300  268    -28     60    729
20210109144529644	  300  268    -28     60    731
20210109144529744	  299  268    -30     60    731
20210109144529844	  300  268    -28     60    734
20210109144529944	  300  268    -28     60    735
20210109144530044	  301  267    -26     58    732
20210109144530111	  299  268    -30     60    732
20210109144530211	  299  268    -30     60    736
20210109144530311	  299  268    -30     60    736
20210109144530411	  299  268    -30     60    736
20210109144530511	  298  268    -32     60    735
20210109144530611	  298  268    -33     60    738
20210109144530678	  298  268    -32     60    737
20210109144530778	  298  268    -32     60    737
20210109144530878	  299  269    -30     62    737
20210109144530978	  299  267    -30     58    737
20210109144531078	  298  268    -32     60    737
20210109144531178	  298  268    -32     60    738
20210109144531278	  299  269    -30     62    738
20210109144531345	  298  268    -32     60    737
20210109144531445	  298  268    -32     60    738
20210109144531545	  299  268    -30     61    740
20210109144531645	  298  268    -32     60    737
20210109144531745	  299  267    -30     58    738
20210109144531845	  298  267    -32     58    737
20210109144531945	  299  267    -30     58    738
20210109144532011	  298  268    -32     60    739
20210109144532112	  300  268    -28     60    737
20210109144532212	  302  268    -24     59    726
20210109144532312	  302  268    -24     59    727
20210109144532412	  301  269    -26     62    730
20210109144532512	  302  269    -24     62    730
20210109144532578	  302  269    -24     61    727
20210109144532678	  302  269    -24     61    727
20210109144532778	  302  269    -24     62    729
20210109144532878	  302  268    -24     60    728
20210109144532978	  303  268    -22     60    728
20210109144533078	  303  268    -22     60    730
20210109144533145	  303  269    -22     62    729
20210109144533245	  303  269    -22     61    727
20210109144533345	  303  268    -22     60    729
20210109144533445	  303  269    -22     61    728
20210109144533545	  303  268    -22     60    729
20210109144533645	  303  269    -22     61    728
20210109144533712	  304  269    -20     62    732
20210109144533812	  303  268    -22     60    730
20210109144533912	  302  269    -24     61    727
20210109144534012	  303  269    -22     61    726
20210109144534112	  303  268    -22     60    730
20210109144534212	  302  269    -24     61    728
20210109144534279	  303  269    -22     62    730
20210109144534379	  303  270    -22     63    728
20210109144534479	  303  268    -22     59    727
20210109144534579	  304  269    -20     61    726
20210109144534679	  304  269    -20     62    729
20210109144534746	  305  269    -18     61    723
20210109144534846	  308  267    -12     57    717
20210109144534946	  308  269    -12     60    717
20210109144535046	  308  269    -13     61    719
20210109144535146	  308  270    -12     62    716
20210109144535246	  309  270    -11     62    716
20210109144535312	  309  269    -11     61    717
20210109144535412	  309  268    -11     59    718
20210109144535512	  310  269     -9     61    718
20210109144535612	  309  270    -11     62    717
20210109144535712	  309  270    -11     62    716
20210109144535812	  309  268    -11     59    716
20210109144535913	  309  270    -11     62    718
20210109144535979	  310  269     -9     60    716
20210109144536079	  309  269    -11     61    717
20210109144536179	  309  268    -11     59    716
20210109144536279	  309  269    -11     60    715
20210109144536379	  310  268     -9     59    717
20210109144536479	  310  269     -9     61    717
20210109144536546	  310  269     -9     61    718
20210109144536646	  309  269    -11     60    716
20210109144536746	  309  269    -11     60    716
20210109144536846	  310  270     -9     62    717
20210109144536946	  310  269     -9     60    715
20210109144537046	  309  269    -11     60    713
20210109144537146	  310  269     -9     60    714
20210109144537246	  310  269     -9     60    710
20210109144537346	  312  268     -5     58    706
20210109144537413	  315  268      0     57    702
20210109144537513	  316  267      2     55    698
20210109144537613	  317  269      3     59    699
20210109144537746	  317  269      3     59    699
20210109144537813	  317  269      3     59    696
20210109144537946	  316  267      2     55    694
20210109144538046	  317  267      3     55    695
20210109144538113	  316  267      2     55    697
20210109144538213	  317  268      3     57    695
20210109144538313	  316  267      2     55    694
20210109144538413	  318  268      5     57    693
20210109144538513	  316  268      2     57    694
20210109144538613	  318  268      5     57    693
20210109144538680	  317  268      3     57    694
20210109144538780	  318  266      5     53    693
20210109144538880	  317  267      3     55    693
20210109144538980	  318  266      5     53    693
20210109144539080	  318  267      5     55    693
20210109144539180	  317  266      3     53    694
20210109144539247	  318  267      5     55    692
20210109144539347	  318  268      5     57    694
20210109144539447	  316  268      2     57    692
20210109144539547	  318  268      5     56    691
20210109144539647	  317  268      3     57    692
20210109144539747	  318  268      5     57    692
20210109144539813	  316  268      2     56    691
20210109144539947	  321  266     11     52    685
20210109144540047	  324  263     16     47    680
20210109144540114	  324  265     16     50    676
20210109144540214	  325  264     18     48    675
20210109144540314	  325  264     17     48    675
20210109144540414	  326  263     19     46    674
20210109144540514	  325  263     17     46    673
20210109144540614	  323  264     14     48    674
20210109144540680	  325  264     17     48    674
20210109144540780	  326  263     19     46    671
20210109144540880	  325  263     17     46    671
20210109144540980	  326  263     19     46    671
20210109144541080	  327  264     21     48    672
20210109144541180	  327  264     21     48    669
20210109144541247	  326  263     19     46    670
20210109144541347	  325  263     17     46    671
20210109144541447	  326  264     19     48    671
20210109144541547	  327  263     21     46    670
20210109144541647	  327  263     21     46    670
20210109144541747	  327  263     21     46    669
20210109144541847	  327  262     21     44    669
20210109144541914	  327  263     21     46    668
20210109144542014	  329  262     24     44    671
20210109144542114	  327  263     21     46    669
20210109144542214	  327  263     21     46    669
20210109144542314	  328  263     23     46    670
20210109144542414	  327  262     21     44    669
20210109144542514	  328  261     23     42    666
20210109144542614	  331  259     28     38    663
20210109144542714	  332  259     29     38    660
20210109144542814	  333  258     31     36    658
20210109144542914	  334  257     33     35    658
20210109144543014	  336  257     36     35    657
20210109144543114	  335  257     34     34    654
20210109144543181	  335  256     34     33    656
20210109144543281	  337  255     38     31    655
20210109144543381	  338  255     40     31    657
20210109144543481	  334  256     32     33    655
20210109144543614	  335  255     34     31    652
20210109144543714	  336  255     36     31    653
20210109144543814	  336  256     36     33    654
20210109144543914	  335  255     34     31    652
20210109144544014	  337  253     38     27    652
20210109144544115	  337  255     38     31    652
20210109144544215	  337  255     38     31    652
20210109144544348	  336  254     36     29    651
20210109144544448	  337  254     38     29    652
20210109144544548	  335  255     34     31    652
20210109144544648	  335  255     34     31    653
20210109144544781	  335  254     34     29    652
20210109144544848	  335  255     34     31    652
20210109144544948	  338  253     39     27    653
20210109144545081	  337  254     37     29    651
20210109144545181	  339  251     41     24    647
20210109144545281	  341  251     44     24    647
20210109144545382	  340  249     42     20    645
20210109144545482	  344  249     49     20    642
20210109144545682	  343  248     47     18    641
20210109144545915	  343  249     47     20    638
20210109144546015	  342  247     45     17    639
20210109144546215	  344  247     48     17    638
20210109144546448	  344  245     48     13    638
20210109144546548	  346  247     52     17    638
20210109144546749	  344  247     49     17    638
20210109144546982	  345  247     50     17    637
20210109144547082	  344  251     48     23    638
20210109144547215	  346  245     51     14    636
20210109144547315	  346  248     52     18    637
20210109144547415	  345  246     50     15    636
20210109144547549	  345  247     50     17    636
20210109144547649	  346  248     52     18    637
20210109144547749	  342  249     46     20    646
20210109144547849	  337  253     37     27    650
20210109144547949	  335  255     34     31    656
20210109144548082	  333  259     31     38    664
20210109144548182	  332  262     30     44    673
20210109144548282	  330  262     26     45    676
20210109144548416	  329  264     25     49    685
20210109144548516	  327  265     22     51    691
20210109144548616	  326  266     20     53    697
20210109144548749	  325  266     18     54    706
20210109144548849	  324  267     17     56    711
20210109144548949	  323  267     15     57    718
20210109144549082	  321  266     11     55    723
20210109144549182	  320  267      9     58    727
20210109144549316	  320  267      9     58    733
20210109144549416	  320  266      9     56    734
20210109144549516	  320  267      9     58    735
20210109144549616	  318  267      6     58    736
20210109144549749	  320  266      9     56    738
20210109144549849	  318  267      6     58    737
20210109144549949	  319  267      8     59    740
20210109144550083	  319  267      8     59    740
20210109144550183	  318  267      6     59    739
20210109144550283	  319  266      8     57    742
20210109144550416	  317  267      4     59    743
20210109144550516	  319  267      8     59    744
20210109144550616	  317  267      4     59    744
20210109144550716	  318  268      6     61    744
20210109144550850	  318  267      6     59    744
20210109144550950	  317  267      4     59    744
20210109144551050	  317  267      4     59    748
20210109144551183	  317  267      4     59    750
20210109144551283	  317  267      4     59    747
20210109144551383	  318  266      6     57    749
20210109144551516	  318  267      5     59    748
20210109144551716	  316  267      2     59    748
20210109144551850	  317  267      4     59    749
20210109144551950	  317  267      4     59    750
20210109144552050	  317  266      4     57    750
20210109144552183	  318  267      5     59    749
20210109144552283	  318  268      6     60    737
20210109144552383	  318  268      6     60    737
20210109144552517	  318  268      6     61    740
20210109144552617	  317  268      4     60    738
20210109144552717	  318  268      6     61    740
20210109144552817	  319  268      8     60    738
20210109144552950	  318  268      6     61    740
20210109144553050	  318  268      6     60    738
20210109144553150	  319  268      8     60    738
20210109144553284	  318  268      6     60    738
20210109144553384	  316  269      2     62    738
20210109144553484	  318  268      6     60    740
20210109144553617	  318  267      6     59    740
20210109144553717	  318  268      6     60    738
20210109144553817	  319  269      8     62    738
20210109144553950	  318  268      6     60    739
20210109144554050	  318  267      6     59    740
20210109144554150	  319  267      8     59    741
20210109144554284	  317  268      4     61    740
20210109144554384	  318  269      6     62    739
20210109144554484	  318  268      6     60    738
20210109144554584	  317  268      4     60    738
20210109144554717	  317  268      4     60    740
20210109144554817	  318  267      6     58    734
20210109144554917	  320  268      9     59    725
20210109144555051	  319  269      7     61    724
20210109144555151	  320  268      9     59    724
20210109144555251	  320  268      9     59    723
20210109144555384	  320  269      9     61    723
20210109144555484	  320  269      9     61    723
20210109144555584	  320  268      9     59    723
20210109144555717	  319  268      7     59    720
20210109144555817	  319  268      7     59    720
20210109144555917	  319  269      7     61    720
20210109144556051	  319  268      7     59    718
20210109144556151	  319  269      7     61    718
20210109144556251	  318  269      5     61    721
20210109144556384	  320  269      9     61    720
20210109144556484	  319  269      7     61    720
20210109144556584	  319  269      7     61    717
20210109144556684	  320  268      9     59    718
20210109144556818	  319  269      7     61    717
20210109144556918	  318  268      5     59    719
20210109144557018	  320  268      9     58    715
20210109144557151	  319  269      7     60    717
20210109144557251	  319  268      7     59    716
20210109144557351	  319  270      7     62    718
20210109144557485	  320  269      9     60    706
20210109144557585	  319  266      7     54    700
20210109144557685	  320  266      9     53    698
20210109144557818	  321  266     11     53    699
20210109144557918	  320  267      9     55    697
20210109144558018	  321  267     11     55    697
20210109144558151	  321  267     11     55    696
20210109144558251	  321  267     11     55    696
20210109144558351	  322  267     13     55    696
20210109144558451	  320  267      9     55    697
20210109144558585	  322  268     13     57    695
20210109144558685	  321  267     11     55    695
20210109144558785	  321  266     11     53    695
20210109144558918	  320  268      9     57    695
20210109144559018	  321  267     11     55    693
20210109144559118	  321  267     11     55    694
20210109144559252	  321  267     11     55    695
20210109144559352	  321  267     11     55    694
20210109144559452	  321  268     11     57    691
20210109144559585	  321  266     11     53    692
20210109144559685	  320  266      9     53    693
20210109144559785	  321  267     11     55    692
20210109144559919	  320  266      9     53    693
20210109144600019	  322  265     12     51    691
20210109144600119	  322  265     12     50    680
20210109144600252	  323  262     14     45    676
20210109144600352	  323  264     14     48    676
20210109144600452	  323  263     14     46    676
20210109144600552	  321  264     10     48    674
20210109144600685	  324  265     16     50    674
20210109144600785	  322  263     12     46    674
20210109144600885	  322  263     12     46    674
20210109144601019	  323  263     14     46    673
20210109144601119	  321  264     10     48    673
20210109144601219	  323  263     14     46    674
20210109144601352	  323  262     14     44    671
20210109144601452	  323  263     14     46    672
20210109144601552	  324  263     16     46    670
20210109144601652	  324  262     16     44    674
20210109144601786	  324  263     16     46    672
20210109144601886	  323  262     14     44    671
20210109144601986	  325  263     17     46    672
20210109144602119	  323  262     14     44    671
20210109144602219	  324  263     16     46    671
20210109144602319	  324  261     16     42    671
20210109144602453	  323  263     14     46    671
20210109144602553	  323  262     14     44    671
20210109144602653	  323  260     14     40    664
20210109144602786	  324  258     15     36    657
20210109144602886	  324  258     15     36    656
20210109144602986	  325  257     17     35    656
20210109144603119	  325  256     17     32    650
20210109144603219	  324  257     15     34    648
20210109144603319	  324  257     15     34    650
20210109144603453	  323  256     13     32    647
20210109144603553	  323  256     13     32    646
20210109144603653	  324  256     15     32    647
20210109144603786	  322  256     12     32    646
20210109144603886	  324  256     15     32    646
20210109144603986	  323  255     13     31    645
20210109144604120	  324  256     15     32    646
20210109144604220	  323  255     13     31    646
20210109144604320	  322  255     12     31    646
20210109144604420	  324  255     15     31    645
20210109144604553	  323  256     13     32    646
20210109144604653	  324  255     15     30    643
20210109144604753	  323  255     13     31    645
20210109144604886	  323  255     13     31    646
20210109144604986	  324  256     15     32    645
20210109144605086	  323  254     13     29    643
20210109144605220	  323  253     13     27    642
20210109144605320	  323  252     13     25    639
20210109144605420	  326  251     18     23    637
20210109144605553	  323  249     13     20    634
20210109144605653	  327  250     20     22    632
20210109144605753	  325  247     16     17    632
20210109144605887	  327  247     20     17    631
20210109144606087	  325  247     16     16    630
20210109144606320	  326  247     18     16    628
20210109144606454	  326  246     18     15    629
20210109144606554	  327  246     20     15    628
20210109144606654	  328  245     21     13    629
20210109144606754	  329  247     23     16    630
20210109144606987	  329  247     23     16    628
20210109144607220	  329  245     23     13    627
20210109144607320	  329  246     23     15    627
20210109144607454	  326  245     18     13    626
20210109144607554	  328  246     21     15    629
20210109144607654	  330  246     25     15    628
20210109144607787	  328  248     21     18    630
20210109144607887	  327  250     20     22    638
20210109144607987	  328  254     22     29    648
20210109144608121	  330  257     26     35    657
20210109144608221	  330  259     26     38    664
20210109144608321	  329  260     24     41    671
20210109144608454	  330  262     27     45    679
20210109144608554	  331  264     29     49    684
20210109144608654	  332  263     31     47    691
20210109144608787	  332  264     31     50    699
20210109144608887	  333  264     33     50    707
20210109144608988	  333  264     34     50    710
20210109144609088	  333  264     34     51    714
20210109144609221	  333  265     34     53    722
20210109144609321	  332  264     32     52    724
20210109144609421	  333  265     34     54    726
20210109144609554	  334  265     36     54    728
20210109144609654	  335  265     38     54    729
20210109144609754	  334  265     36     54    730
20210109144609888	  333  266     35     56    735
20210109144610088	  332  266     33     56    738
20210109144610321	  334  266     37     56    736
20210109144610455	  332  266     33     56    737
20210109144610555	  334  266     37     57    739
20210109144610788	  332  264     33     53    738
20210109144611121	  334  266     37     57    739
20210109144611355	  334  265     37     55    739
20210109144611488	  332  264     33     53    742
20210109144611688	  333  264     35     53    741
20210109144611922	  335  265     39     55    741
20210109144612055	  335  266     39     57    742
20210109144612255	  334  266     37     57    741
20210109144612488	  334  265     36     54    731
20210109144612622	  334  266     36     56    734
20210109144612722	  332  266     33     56    735
20210109144612855	  333  266     34     56    732
20210109144612955	  333  266     34     56    732
20210109144613055	  332  267     33     58    733
20210109144613189	  332  266     33     56    733
20210109144613289	  333  266     34     56    732
20210109144613389	  332  266     32     56    732
20210109144613522	  332  266     33     56    733
20210109144613622	  332  267     33     58    735
20210109144613722	  333  267     34     58    732
20210109144613855	  332  267     33     58    736
20210109144613955	  332  267     32     58    730
20210109144614089	  331  267     30     58    729
20210109144614189	  332  267     32     58    730
20210109144614289	  331  267     30     58    728
20210109144614422	  332  266     32     56    731
20210109144614522	  332  266     32     56    729
20210109144614622	  331  266     30     56    729
20210109144614756	  332  266     32     56    731
20210109144614856	  332  266     32     56    728
20210109144614956	  329  267     26     57    725
20210109144615056	  328  266     24     55    721
20210109144615189	  330  267     28     57    717
20210109144615289	  329  266     26     55    718
20210109144615389	  329  266     26     55    718
20210109144615522	  329  266     26     55    715
20210109144615622	  329  267     26     57    718
20210109144615723	  329  267     26     57    716
20210109144615856	  330  268     28     59    716
20210109144615956	  330  268     28     58    713
20210109144616056	  329  267     26     57    716
20210109144616189	  328  268     24     59    718
20210109144616289	  328  267     24     57    716
20210109144616389	  328  267     24     57    716
20210109144616523	  329  267     26     57    716
20210109144616623	  328  267     24     57    716
20210109144616723	  329  267     26     56    714
20210109144616856	  329  267     26     56    713
20210109144616956	  328  267     24     56    714
20210109144617090	  327  267     22     56    713
20210109144617190	  328  267     24     56    714
20210109144617290	  327  266     22     54    712
20210109144617423	  326  267     20     57    714
20210109144617523	  326  266     20     54    711
20210109144617656	  324  266     16     53    699
20210109144617756	  325  266     18     53    697
20210109144617856	  326  266     20     53    700
20210109144617990	  325  266     18     53    698
20210109144618090	  324  265     16     51    697
20210109144618190	  325  267     18     55    697
20210109144618323	  323  266     14     53    696
20210109144618423	  324  266     16     53    694
20210109144618523	  324  265     16     51    695
20210109144618657	  323  266     14     53    694
20210109144618790	  324  267     16     55    694
20210109144618890	  324  266     16     53    694
20210109144618990	  325  267     18     55    694
20210109144619123	  322  267     12     55    693
20210109144619223	  324  266     16     53    693
20210109144619323	  322  267     12     55    693
20210109144619457	  323  266     14     53    695
20210109144619557	  322  266     13     53    694
20210109144619690	  323  266     14     53    692
20210109144619790	  324  266     16     53    694
20210109144619890	  324  266     16     53    693
20210109144620024	  323  266     14     53    692
20210109144620157	  321  266     11     53    687
20210109144620257	  319  264      7     48    678
20210109144620390	  319  264      7     48    677
20210109144620524	  320  263      9     47    679
20210109144620657	  318  264      5     48    676
20210109144620757	  319  263      7     46    676
20210109144620890	  318  265      5     50    678
20210109144621024	  319  264      7     48    676
20210109144621124	  318  263      5     46    676
20210109144621257	  320  264      9     48    676
20210109144621357	  318  263      5     46    675
20210109144621491	  319  263      7     46    674
20210109144621591	  318  263      5     46    675
20210109144621724	  318  263      5     46    675
20210109144621824	  319  263      7     46    676
20210109144621957	  318  263      5     46    672
20210109144622091	  317  263      3     46    673
20210109144622224	  318  263      5     46    672
20210109144622324	  317  263      3     46    672
20210109144622458	  318  264      5     48    672
20210109144622591	  317  264      3     48    674
20210109144622724	  316  261      1     42    667
20210109144622824	  315  261      0     42    664
20210109144622958	  314  259     -1     38    660
20210109144623091	  312  259     -5     38    660
20210109144623224	  311  260     -6     40    661
20210109144623358	  312  259     -4     38    658
20210109144623491	  313  259     -3     38    659
20210109144623625	  311  258     -6     36    657
20210109144623758	  313  259     -3     38    658
20210109144623891	  312  259     -4     38    657
20210109144624025	  311  258     -6     36    657
20210109144624125	  313  258     -3     36    656
20210109144624258	  313  259     -3     38    656
20210109144624391	  312  258     -4     36    656
20210109144624525	  312  259     -4     38    657
20210109144624658	  311  258     -6     36    656
20210109144624758	  311  258     -6     36    657
20210109144624892	  312  257     -4     34    655
20210109144625025	  312  258     -4     36    656
20210109144625158	  312  256     -4     33    656
20210109144625292	  311  257     -6     34    655
20210109144625392	  309  255    -10     31    650
20210109144625525	  309  254    -10     29    645
20210109144625658	  307  253    -13     27    647
20210109144625792	  307  253    -13     27    645
20210109144625925	  306  253    -15     27    643
20210109144626025	  306  252    -15     25    644
20210109144626159	  308  253    -11     27    644
20210109144626292	  305  251    -16     24    641
20210109144626425	  306  254    -15     29    642
20210109144626559	  306  251    -15     24    642
20210109144626659	  305  251    -16     24    641
20210109144626792	  305  252    -16     25    641
20210109144626925	  307  251    -13     24    640
20210109144627059	  306  251    -14     23    639
20210109144627192	  306  250    -14     22    639
20210109144627292	  305  250    -16     22    638
20210109144627426	  305  250    -16     22    638
20210109144627559	  304  251    -18     23    638
20210109144627692	  303  249    -19     20    636
20210109144627826	  304  250    -18     22    637
20210109144627926	  307  252    -13     25    641
20210109144628059	  309  258    -10     36    658
20210109144628192	  312  260     -5     40    665
20210109144628326	  317  260      3     40    666
20210109144628459	  321  262     10     44    674
20210109144628559	  324  263     16     46    677
20210109144628692	  328  262     23     45    680
20210109144628826	  334  263     34     47    689
20210109144628959	  335  261     36     44    694
20210109144629093	  338  262     42     46    697
20210109144629226	  340  262     46     46    703
20210109144629326	  341  260     48     43    706
20210109144629459	  342  259     50     41    712
20210109144629593	  342  260     50     43    710
20210109144629726	  345  261     56     45    713
20210109144629859	  345  261     56     45    713
20210109144629959	  345  261     56     45    712
20210109144630093	  347  262     60     47    716
20210109144630226	  346  262     58     47    714
20210109144630360	  348  260     62     43    716
20210109144630460	  347  261     60     45    716
20210109144630593	  346  261     58     45    717
20210109144630726	  347  261     60     45    718
20210109144630860	  347  261     60     45    717
20210109144630993	  346  262     58     47    719
20210109144631093	  348  261     62     46    720
20210109144631226	  348  261     62     46    720
20210109144631360	  346  262     59     47    720
20210109144631493	  346  262     59     48    722
20210109144631627	  347  262     60     47    720
20210109144631760	  348  261     62     46    721
20210109144631860	  347  261     60     46    720
20210109144631993	  347  262     61     48    721
20210109144632127	  348  261     62     46    721
20210109144632260	  348  261     62     46    719
20210109144632393	  345  258     57     40    722
20210109144632493	  344  263     54     49    715
20210109144632627	  344  263     54     49    714
20210109144632760	  345  263     55     49    716
20210109144632894	  343  263     52     49    713
20210109144633027	  343  263     53     49    716
20210109144633127	  344  263     54     49    716
20210109144633260	  344  263     54     49    716
20210109144633394	  343  262     53     47    716
20210109144633527	  344  266     54     55    714
20210109144633660	  343  263     53     49    716
20210109144633760	  343  263     52     49    715
20210109144633894	  343  263     52     49    714
20210109144634027	  340  264     47     51    714
20210109144634261	  343  263     52     49    713
20210109144634394	  341  260     49     43    716
20210109144634527	  342  262     51     47    716
20210109144634661	  343  263     52     49    714
20210109144634794	  342  263     51     49    715
20210109144634894	  343  264     52     51    715
20210109144635027	  341  264     49     51    713
20210109144635161	  337  264     41     51    709
20210109144635294	  337  261     41     45    710
20210109144635427	  338  264     43     51    710
20210109144635528	  336  264     39     50    709
20210109144635661	  337  264     41     50    708
20210109144635794	  338  263     43     49    709
20210109144635928	  337  264     41     50    709
20210109144636061	  336  264     39     50    709
20210109144636161	  336  264     39     50    707
20210109144636294	  337  264     41     50    707
20210109144636428	  337  265     41     52    709
20210109144636561	  337  264     41     50    707
20210109144636694	  336  264     39     50    707
20210109144636828	  334  263     35     49    710
20210109144636928	  336  265     39     52    708
20210109144637061	  336  264     39     50    707
20210109144637195	  335  265     37     52    708
20210109144637328	  336  264     39     50    707
20210109144637461	  336  265     39     52    709
20210109144637595	  334  265     35     52    707
20210109144637695	  331  265     29     52    702
20210109144637828	  329  264     25     50    697
20210109144637961	  330  265     27     51    697
20210109144638095	  328  264     24     50    697
20210109144638195	  328  266     24     53    700
20210109144638328	  328  264     24     50    699
20210109144638462	  328  265     24     52    698
20210109144638595	  327  266     22     53    698
20210109144638728	  328  265     24     51    697
20210109144638828	  328  266     24     53    699
20210109144638962	  328  265     24     51    697
20210109144639095	  328  265     24     51    695
20210109144639228	  327  264     22     50    696
20210109144639362	  327  265     22     51    696
20210109144639462	  327  265     22     51    693
20210109144639595	  326  266     20     53    692
20210109144639728	  325  265     18     51    692
20210109144639862	  326  266     20     53    691
20210109144639995	  325  266     18     53    692
20210109144640095	  324  266     16     53    691
20210109144640229	  323  264     14     49    688
20210109144640362	  318  264      5     49    686
20210109144640495	  317  265      3     51    685
20210109144640595	  315  265      0     51    685
20210109144640729	  316  264      2     49    686
20210109144640862	  315  264      0     49    683
20210109144640995	  315  264      0     49    683
20210109144641129	  316  265      2     50    683
20210109144641229	  315  265      0     50    683
20210109144641362	  315  265      0     50    683
20210109144641496	  315  265      0     50    684
20210109144641629	  314  264     -1     48    681
20210109144641762	  315  264      0     48    681
20210109144641862	  315  265      0     50    682
20210109144641996	  314  264     -1     49    681
20210109144642129	  315  264      0     48    681
20210109144642262	  315  265      0     50    682
20210109144642429	  314  266     -1     52    682
20210109144642529	  313  265     -3     50    681
20210109144642663	  314  264     -1     48    680
20210109144642796	  314  264     -1     48    681
20210109144642929	  309  263    -10     46    676
20210109144643029	  306  261    -15     43    675
20210109144643163	  306  263    -15     47    676
20210109144643296	  305  262    -17     44    673
20210109144643429	  304  262    -19     44    673
20210109144643563	  304  262    -19     44    673
20210109144643663	  304  262    -19     44    673
20210109144643796	  303  262    -21     44    673
20210109144643930	  302  262    -22     44    674
20210109144644063	  303  262    -21     44    674
20210109144644163	  301  262    -24     44    674
20210109144644296	  301  261    -24     42    672
20210109144644430	  303  262    -21     44    674
20210109144644563	  302  262    -22     44    675
20210109144644696	  301  261    -24     43    673
20210109144644796	  303  262    -21     45    675
20210109144644930	  300  263    -26     46    674
20210109144645063	  302  261    -22     43    674
20210109144645197	  301  262    -24     44    674
20210109144645330	  301  260    -24     41    672
20210109144645430	  302  261    -22     42    674
20210109144645563	  297  258    -31     37    671
20210109144645697	  294  259    -36     39    668
20210109144645830	  294  258    -36     37    668
20210109144645930	  293  258    -38     37    668
20210109144646063	  293  257    -38     35    667
20210109144646197	  292  258    -40     37    667
20210109144646330	  291  258    -41     37    667
20210109144646464	  290  256    -43     33    664
20210109144646564	  292  257    -40     35    668
20210109144646697	  290  257    -43     35    664
20210109144646830	  291  257    -41     35    662
20210109144646964	  290  257    -43     35    664
20210109144647097	  289  256    -45     33    662
20210109144647197	  289  256    -45     33    661
20210109144647330	  289  256    -45     33    661
20210109144647464	  288  254    -46     29    659
20210109144647597	  289  255    -45     31    661
20210109144647731	  288  255    -46     31    660
20210109144647831	  288  256    -46     33    660
20210109144647964	  286  256    -50     33    661
20210109144648097	  291  253    -40     27    646
20210109144648231	  292  257    -39     34    651
20210109144648364	  295  259    -34     38    662
20210109144648464	  294  260    -36     40    659
20210109144648597	  296  260    -32     40    662
20210109144648731	  297  260    -31     41    669
20210109144648864	  296  259    -33     39    669
20210109144648998	  298  260    -29     41    673
20210109144649098	  299  260    -28     41    672
20210109144649231	  299  258    -27     37    664
20210109144649364	  300  257    -26     35    666
20210109144649498	  300  259    -26     39    670
20210109144649631	  302  259    -22     39    668
20210109144649731	  301  258    -24     37    665
20210109144649864	  301  257    -24     35    669
20210109144649998	  301  258    -24     37    669
20210109144650131	  302  258    -22     37    667
20210109144650265	  301  258    -24     37    669
20210109144650365	  301  257    -24     35    669
20210109144650498	  302  258    -22     37    668
20210109144650631	  301  256    -24     33    669
20210109144650765	  302  258    -22     37    669
20210109144650865	  301  258    -24     37    669
20210109144650998	  302  258    -22     37    669
20210109144651131	  302  256    -22     34    670
20210109144651265	  302  256    -22     33    667
20210109144651398	  302  256    -22     33    670
20210109144651532	  302  257    -22     35    668
20210109144651632	  301  257    -24     35    667
20210109144651798	  301  256    -24     33    667
20210109144651898	  301  257    -24     35    668
20210109144652032	  301  257    -24     35    669
20210109144652165	  301  257    -24     35    667
20210109144652298	  300  256    -26     33    669
20210109144652432	  301  257    -24     35    668
20210109144652565	  302  258    -22     37    661
20210109144652665	  307  258    -13     36    660
20210109144652799	  305  256    -17     33    657
20210109144652932	  307  258    -13     36    658
20210109144653065	  306  257    -15     35    658
20210109144653199	  306  256    -15     33    656
20210109144653299	  306  257    -15     35    657
20210109144653432	  307  257    -13     35    658
20210109144653565	  307  257    -13     34    655
20210109144653699	  307  255    -13     31    654
20210109144653832	  306  256    -15     33    656
20210109144653932	  307  257    -13     35    655
20210109144654066	  307  255    -13     31    654
20210109144654199	  306  256    -15     33    655
20210109144654332	  306  256    -15     33    652
20210109144654466	  306  257    -15     34    655
20210109144654599	  305  256    -17     33    654
20210109144654699	  306  256    -15     33    654
20210109144654866	  306  256    -15     33    652
20210109144654966	  306  258    -15     36    655
20210109144655099	  307  256    -13     32    649
20210109144655233	  312  257     -4     34    647
20210109144655366	  313  256     -3     32    639
20210109144655499	  311  254     -6     28    637
20210109144655599	  313  254     -3     29    639
20210109144655733	  312  255     -4     30    636
20210109144655866	  313  253     -3     27    639
20210109144655999	  313  255     -3     30    637
20210109144656133	  312  253     -4     27    636
20210109144656266	  313  255     -3     30    638
20210109144656399	  314  254     -1     28    636
20210109144656533	  314  254     -1     28    635
20210109144656666	  314  254     -1     28    636
20210109144656800	  315  254      0     28    637
20210109144656933	  312  254     -4     28    637
20210109144657066	  313  254     -3     28    635
20210109144657200	  314  253     -1     27    634
20210109144657333	  314  255     -1     30    636
20210109144657500	  313  253     -3     27    634
20210109144657600	  315  253      0     27    635
20210109144657766	  317  252      3     25    630
20210109144657867	  321  252     10     25    628
20210109144658000	  321  251      9     23    618
20210109144658133	  322  248     11     18    616
20210109144658267	  322  250     11     21    618
20210109144658433	  321  248      9     18    616
20210109144658567	  324  249     14     19    618
20210109144658700	  321  249      9     19    617
20210109144658833	  323  248     13     18    616
20210109144659000	  323  249     13     19    616
20210109144659134	  322  248     11     18    615
20210109144659267	  323  248     13     18    615
20210109144659400	  323  248     13     18    617
20210109144659534	  324  247     14     16    615
20210109144659667	  324  249     14     19    615
20210109144659834	  326  249     18     19    615
20210109144659967	  322  249     11     19    614
20210109144700100	  325  248     16     18    616
20210109144700267	  324  248     14     18    612
20210109144700401	  329  246     22     14    612
20210109144700534	  328  244     20     11    606
20210109144700667	  332  240     27      5    599
20210109144700834	  333  242     28      8    602
20210109144700967	  333  240     28      5    599
20210109144701101	  335  240     31      5    598
20210109144701267	  334  240     30      5    597
20210109144701401	  335  242     31      8    598
20210109144701534	  335  239     31      3    598
20210109144701668	  334  239     30      3    596
20210109144701834	  335  239     31      3    597
20210109144701968	  334  240     30      5    598
20210109144702234	  334  241     30      6    596
20210109144702868	  334  240     30      5    596
20210109144703135	  341  235     40     -2    588
20210109144703268	  341  229     40    -11    582
20210109144703435	  341  230     40    -10    583
20210109144703568	  344  228     44    -13    581
20210109144703701	  343  228     42    -13    578
20210109144704235	  345  227     45    -14    576
20210109144704468	  343  224     42    -19    576
20210109144704735	  347  227     48    -14    576
20210109144705002	  345  225     45    -17    574
20210109144705135	  345  224     45    -19    575
20210109144705268	  344  223     43    -20    572
20210109144705435	  344  225     44    -17    575
20210109144705702	  350  221     52    -23    572
20210109144705935	  351  216     53    -31    567
20210109144706102	  351  214     53    -34    567
20210109144706869	  353  213     56    -35    564
20210109144707236	  354  211     58    -38    564
20210109144707502	  353  212     56    -37    566
20210109144707636	  354  211     57    -38    563
20210109144707769	  351  214     53    -34    565
20210109144707936	  354  211     57    -38    563
20210109144708069	  353  211     56    -38    566
20210109144708202	  348  219     49    -26    571
20210109144708369	  337  232     34     -7    591
20210109144708502	  340  239     39      3    599
20210109144708636	  336  241     33      6    605
20210109144708769	  334  245     30     13    612
20210109144708903	  333  249     29     20    622
20210109144709069	  332  250     28     21    628
20210109144709203	  331  252     27     25    636
20210109144709336	  329  253     23     27    640
20210109144709469	  327  253     20     27    642
20210109144709636	  326  255     18     31    648
20210109144709769	  324  254     15     29    651
20210109144709903	  324  254     15     29    651
20210109144710070	  325  254     17     29    655
20210109144710203	  324  254     15     29    654
20210109144710336	  323  255     14     31    657
20210109144710470	  325  256     17     33    656
20210109144710636	  323  255     14     31    658
20210109144710770	  324  255     15     31    658
20210109144710903	  324  255     15     31    659
20210109144711036	  324  256     15     33    660
20210109144711203	  323  256     14     33    660
20210109144711337	  323  255     14     31    660
20210109144711470	  324  254     15     30    661
20210109144711603	  324  254     15     30    660
20210109144711770	  324  257     15     35    661
20210109144711903	  323  256     14     33    661
20210109144712037	  324  254     15     30    661
20210109144712203	  323  256     14     33    662
20210109144712337	  323  256     14     33    663
20210109144712470	  322  255     12     31    664
20210109144712604	  323  257     14     35    660
20210109144712770	  324  256     15     33    651
20210109144712904	  324  256     15     33    651
20210109144713037	  325  256     17     33    652
20210109144713170	  324  254     15     29    651
20210109144713337	  323  255     13     31    650
20210109144713470	  323  255     13     31    651
20210109144713604	  324  254     15     29    651
20210109144713737	  324  254     15     29    650
20210109144713904	  324  254     15     29    650
20210109144714037	  324  254     15     29    651
20210109144714171	  324  254     15     29    650
20210109144714304	  324  256     15     33    650
20210109144714437	  323  254     13     29    651
20210109144714604	  325  256     17     32    650
20210109144714737	  323  256     13     32    650
20210109144714871	  325  256     17     32    650
20210109144715037	  324  255     15     31    650
20210109144715171	  324  255     15     31    650
20210109144715304	  325  253     17     27    639
20210109144715438	  326  252     18     25    636
20210109144715604	  325  252     16     25    637
20210109144715738	  326  253     18     27    637
20210109144715871	  325  253     16     27    636
20210109144716004	  325  253     16     27    636
20210109144716171	  325  252     16     25    636
20210109144716304	  326  252     18     25    635
20210109144716438	  324  252     15     25    635
20210109144716605	  325  251     16     23    634
20210109144716738	  325  252     16     25    635
20210109144716871	  325  251     16     23    634
20210109144717005	  325  251     16     23    635
20210109144717171	  325  252     16     25    636
20210109144717305	  326  252     18     25    635
20210109144717438	  325  252     16     25    632
20210109144717605	  326  252     18     25    634
20210109144717738	  325  251     16     23    633
20210109144717872	  325  250     16     21    626
20210109144718005	  327  248     19     18    619
20210109144718172	  329  247     22     16    618
20210109144718305	  327  248     19     18    616
20210109144718438	  327  247     19     16    614
20210109144718605	  326  247     17     16    614
20210109144718738	  327  247     19     16    610
20210109144718872	  326  246     17     14    609
20210109144719005	  324  247     14     16    611
20210109144719172	  327  246     19     14    607
20210109144719305	  327  246     19     14    608
20210109144719439	  325  246     16     14    606
20210109144719572	  326  246     17     14    607
20210109144719739	  326  244     17     11    606
20210109144719872	  326  246     17     14    606
20210109144720005	  326  246     17     14    607
20210109144720139	  326  245     17     13    605
20210109144720306	  325  246     16     14    606
20210109144720439	  326  244     17     11    604
20210109144720739	  328  238     20      1    591
20210109144721006	  330  238     23      1    592
20210109144721139	  328  238     20      1    590
20210109144721272	  329  239     21      3    590
20210109144721406	  326  239     17      3    590
20210109144721573	  332  237     26      0    590
20210109144721706	  327  237     18      0    588
20210109144721839	  328  236     20     -1    589
20210109144721973	  330  236     23     -1    590
20210109144722139	  327  236     18     -1    587
20210109144722273	  330  236     23     -1    588
20210109144722406	  330  235     23     -2    588
20210109144722539	  328  236     20     -1    587
20210109144723106	  329  234     21     -4    580
20210109144723340	  335  225     30    -17    573
20210109144723506	  334  226     28    -16    573
20210109144723640	  332  227     25    -14    572
20210109144723773	  335  226     30    -16    571
20210109144723940	  335  226     30    -16    570
20210109144724206	  334  223     28    -20    569
20210109144724607	  335  222     30    -22    569
20210109144724873	  333  225     27    -17    570
20210109144725040	  335  224     30    -19    569
20210109144725173	  334  225     28    -17    570
20210109144725307	  332  225     25    -17    570
20210109144725473	  330  224     22    -19    569
20210109144725607	  335  221     30    -23    567
20210109144725740	  334  219     28    -26    562
20210109144725874	  333  213     26    -35    559
20210109144726040	  333  212     26    -36    557
20210109144726174	  336  212     30    -36    557
20210109144726440	  334  210     27    -39    556
20210109144726740	  335  210     29    -39    554
20210109144726874	  336  209     30    -40    555
20210109144727007	  335  210     29    -39    554
20210109144727307	  331  210     23    -39    554
20210109144727574	  334  210     27    -39    553
20210109144727841	  333  209     26    -40    553
20210109144728241	  333  210     26    -39    557
20210109144728508	  337  229     33    -12    583
20210109144728674	  338  235     36     -2    595
20210109144728808	  338  240     36      5    604
20210109144728941	  337  242     35      8    611
20210109144729074	  339  245     39     13    618
20210109144729241	  339  247     39     16    627
20210109144729374	  339  247     39     16    629
20210109144729508	  339  247     40     16    629
20210109144729641	  340  249     42     20    637
20210109144729841	  340  249     42     20    640
20210109144730008	  341  250     44     22    646
20210109144730141	  341  249     44     20    645
20210109144730275	  340  249     42     20    646
20210109144730441	  341  250     44     22    647
20210109144730575	  342  251     46     24    650
20210109144730708	  341  251     44     24    649
20210109144730841	  340  249     42     20    648
20210109144731008	  341  251     44     24    650
20210109144731142	  341  251     44     24    652
20210109144731275	  340  251     43     24    649
20210109144731408	  341  251     44     24    653
20210109144731542	  342  251     46     24    652
20210109144731708	  339  250     41     22    653
20210109144731842	  341  251     44     24    651
20210109144731975	  340  252     43     26    655
20210109144732108	  342  251     46     24    653
20210109144732275	  341  252     45     26    655
20210109144732409	  341  252     45     26    654
20210109144732542	  342  251     46     24    657
20210109144732675	  341  251     44     24    652
20210109144732842	  338  253     39     27    652
20210109144732975	  340  251     42     24    646
20210109144733109	  340  250     42     22    642
20210109144733242	  338  250     39     22    646
20210109144733409	  339  251     40     24    643
20210109144733542	  338  251     39     24    644
20210109144733676	  338  251     39     24    644
20210109144733809	  340  250     42     22    643
20210109144733976	  338  252     39     25    646
20210109144734109	  339  251     40     24    644
20210109144734242	  340  250     42     22    645
20210109144734409	  338  252     39     25    643
20210109144734542	  341  251     44     24    646
20210109144734676	  338  250     39     22    642
20210109144734809	  339  245     41     14    646
20210109144734943	  338  251     39     24    641
20210109144735109	  339  250     40     22    642
20210109144735243	  339  249     40     20    642
20210109144735376	  337  251     37     23    637
20210109144735509	  335  252     33     25    636
20210109144735676	  336  249     34     20    628
20210109144735809	  336  249     34     20    628
20210109144735943	  336  250     34     21    629
20210109144736076	  336  248     34     18    624
20210109144736243	  334  249     31     20    623
20210109144736376	  334  248     31     18    626
20210109144736510	  335  248     32     18    621
20210109144736643	  335  249     33     20    625
20210109144736810	  335  249     33     20    624
20210109144736943	  334  248     31     18    622
20210109144737076	  335  248     33     18    623
20210109144737210	  334  248     31     18    622
20210109144737377	  336  248     34     18    623
20210109144737510	  335  249     33     20    623
20210109144737643	  333  249     29     20    622
20210109144737777	  333  248     29     18    624
20210109144737943	  333  247     29     16    618
20210109144738077	  329  247     22     16    615
20210109144738210	  331  245     25     13    610
20210109144738377	  330  245     24     13    608
20210109144738510	  328  245     20     13    606
20210109144738644	  327  243     19      9    605
20210109144738777	  328  245     20     13    606
20210109144738944	  330  243     24      9    606
20210109144739077	  328  244     20     11    604
20210109144739210	  331  244     25     11    606
20210109144739377	  328  244     20     11    604
20210109144739510	  327  243     19      9    604
20210109144739644	  329  242     22      8    604
20210109144739810	  328  242     20      8    604
20210109144740111	  328  243     20      9    602
20210109144740511	  328  243     20      9    602
20210109144740644	  324  242     14      8    600
20210109144740811	  324  239     14      3    590
20210109144740944	  325  237     15      0    586
20210109144741111	  322  237     11      0    588
20210109144741244	  325  237     15      0    586
20210109144741544	  323  238     12      1    586
20210109144741811	  321  237      9      0    586
20210109144741978	  322  238     11      1    586
20210109144742144	  322  238     10      1    585
20210109144742278	  324  237     14      0    586
20210109144742444	  322  237     10      0    585
20210109144742578	  321  236      9     -1    585
20210109144742711	  321  235      9     -2    586
20210109144742845	  322  236     10     -1    585
20210109144743011	  320  235      7     -2    584
20210109144743145	  320  234      7     -4    582
20210109144743311	  319  230      6    -10    576
20210109144743678	  317  230      3    -10    573
20210109144743811	  317  227      3    -14    571
20210109144743845	  314  229     -1    -11    571
20210109144744078	  318  229      4    -11    571
20210109144744078	  316  229      1    -11    571
20210109144744478	  319  228      6    -13    570
20210109144744478	  316  224      1    -19    570
20210109144744812	  315  227      0    -14    569
20210109144744978	  315  227      0    -14    569
20210109144745279	  315  226      0    -16    567
20210109144745645	  315  225      0    -17    568
20210109144745912	  312  220     -4    -24    562
20210109144746212	  309  219     -8    -26    558
20210109144746345	  310  214     -7    -33    558
20210109144746479	  307  214    -11    -33    556
20210109144746679	  309  215     -8    -32    557
20210109144746812	  307  213    -11    -34    555
20210109144746979	  311  215     -5    -32    558
20210109144747112	  307  213    -11    -34    556
20210109144747446	  308  213    -10    -35    557
20210109144747612	  307  214    -11    -33    555
20210109144747846	  306  214    -12    -33    555
20210109144747979	  306  212    -12    -36    555
20210109144748279	  306  213    -12    -34    555
20210109144748446	  310  225     -7    -17    569
20210109144748546	  311  234     -5     -4    584
20210109144748813	  323  240     12      5    596
20210109144748979	  327  243     19      9    602
20210109144749113	  334  243     30      9    607
20210109144749213	  336  244     33     11    609
20210109144749446	  343  243     45     10    612
20210109144749546	  344  243     47     10    615
20210109144749780	  349  241     55      6    618
20210109144749946	  352  240     60      5    621
20210109144750046	  352  241     60      6    622
20210109144750213	  354  239     64      3    626
20210109144750413	  353  242     63      8    628
20210109144750580	  356  241     67      6    627
20210109144750880	  354  243     64     10    628
20210109144750947	  356  241     67      6    628
20210109144751147	  357  240     69      5    629
20210109144751280	  357  241     69      6    630
20210109144751280	  357  242     69      8    630
20210109144751647	  357  241     69      6    630
20210109144751814	  356  241     68      7    631
20210109144751980	  357  242     69      8    631
20210109144752014	  357  242     69      8    630
20210109144752280	  356  241     68      6    629
20210109144752480	  357  242     70      8    633
20210109144752547	  356  243     68     10    632
20210109144752814	  357  242     70      8    631
20210109144752947	  352  244     61     11    626
20210109144753081	  351  243     59     10    625
20210109144753414	  351  243     59     10    625
20210109144753547	  354  244     64     11    626
20210109144753714	  351  243     59     10    624
20210109144753847	  349  242     55      8    621
20210109144754014	  350  243     57     10    623
20210109144754214	  349  242     55      8    621
20210109144754348	  349  244     55     11    623
20210109144754514	  352  244     61     11    625
20210109144754614	  352  242     60      8    622
20210109144754981	  349  243     55     10    623
20210109144755214	  349  243     55     10    623
20210109144755414	  349  244     55     11    621
20210109144755548	  344  245     47     13    615
20210109144755748	  344  244     47     11    616
20210109144755781	  345  243     48     10    615
20210109144756048	  345  245     48     13    616
20210109144756215	  343  243     45     10    613
20210109144756381	  344  243     47     10    613
20210109144756481	  343  243     45     10    613
20210109144756681	  343  244     45     11    614
20210109144756848	  342  243     43     10    610
20210109144756948	  342  243     43     10    614
20210109144757015	  343  244     45     11    611
20210109144757348	  343  243     45     10    613
20210109144757482	  343  244     45     11    615
20210109144757648	  342  243     43     10    613
20210109144757815	  342  243     43     10    612
20210109144757948	  342  243     43     10    613
20210109144758115	  338  243     37      9    608
20210109144758282	  332  244     27     11    606
20210109144758449	  335  242     32      8    605
20210109144758582	  333  242     28      8    604
20210109144758715	  334  242     30      8    604
20210109144758915	  332  243     27      9    605
20210109144759082	  334  242     30      8    604
20210109144759215	  334  240     30      5    603
20210109144759349	  333  241     28      6    599
20210109144759515	  332  240     27      5    599
20210109144759716	  330  242     23      8    599
20210109144759882	  333  241     28      6    598
20210109144800016	  332  243     27      9    599
20210109144800082	  331  242     25      8    597
20210109144800349	  331  242     25      8    599
20210109144800482	  331  241     25      6    598
20210109144800649	  327  241     19      6    598
20210109144800782	  324  240     14      5    593
20210109144800983	  321  239      9      3    593
20210109144801116	  320  239      7      3    591
20210109144801149	  320  239      7      3    593
20210109144801149	  320  240      7      5    593
20210109144801616	  319  239      6      3    591
20210109144801749	  317  238      3      1    590
20210109144801916	  316  239      1      3    590
20210109144802083	  319  239      6      3    589
20210109144802216	  317  239      3      3    591
20210109144802383	  318  238      4      1    588
20210109144802550	  317  240      3      4    589
20210109144802716	  316  238      1      1    589
20210109144802850	  318  239      4      3    589
20210109144803016	  316  237      1      0    588
20210109144803183	  314  238     -1      1    588
20210109144803316	  312  236     -4     -1    585
20210109144803483	  308  232    -10     -7    583
20210109144803650	  308  235    -10     -2    583
20210109144803817	  305  234    -15     -4    583
20210109144804117	  302  233    -19     -5    581
20210109144804383	  307  233    -12     -5    580
20210109144804517	  303  233    -18     -5    580
20210109144804683	  306  233    -13     -5    581
20210109144804917	  304  232    -16     -7    580
20210109144805050	  302  232    -19     -7    579
20210109144805217	  303  233    -18     -5    579
20210109144805384	  300  232    -22     -7    581
20210109144805550	  303  232    -18     -7    580
20210109144805850	  300  232    -22     -7    579
20210109144806117	  293  227    -33    -14    576
20210109144806284	  292  226    -34    -16    575
20210109144806451	  291  227    -36    -14    576
20210109144806617	  290  226    -37    -16    575
20210109144806751	  292  226    -34    -16    575
20210109144806917	  290  224    -37    -19    574
20210109144807084	  290  225    -37    -17    574
20210109144807217	  290  225    -37    -17    575
20210109144807384	  289  225    -39    -17    573
20210109144807551	  287  224    -42    -19    573
20210109144807718	  288  224    -40    -19    573
20210109144807851	  288  225    -40    -17    573
20210109144808018	  286  224    -43    -19    574
20210109144808184	  289  223    -39    -20    573
20210109144808351	  287  224    -42    -19    573
20210109144808518	  293  225    -32    -17    566
20210109144808651	  295  229    -30    -11    576
20210109144808818	  297  235    -27     -2    583
20210109144808985	  297  235    -27     -2    588
20210109144809151	  298  239    -26      3    595
20210109144809285	  299  239    -25      3    599
20210109144809451	  300  241    -23      6    602
20210109144809618	  300  235    -23     -2    592
20210109144809751	  302  233    -19     -5    589
20210109144809918	  301  232    -21     -7    588
20210109144810085	  303  231    -18     -8    585
20210109144810252	  301  231    -21     -8    586
20210109144810385	  301  231    -21     -8    585
20210109144810552	  303  233    -18     -5    585
20210109144810718	  300  232    -22     -7    585
20210109144810852	  303  231    -18     -8    586
20210109144811018	  301  233    -21     -5    585
20210109144811185	  303  231    -18     -8    584
20210109144811352	  302  232    -19     -7    585
20210109144811485	  302  233    -19     -5    585
20210109144811652	  303  232    -18     -7    586
20210109144811819	  303  233    -18     -5    585
20210109144811952	  302  232    -19     -7    585
20210109144812119	  302  233    -19     -5    586
20210109144812285	  303  233    -18     -5    585
20210109144812452	  302  231    -19     -8    586
20210109144812585	  303  232    -18     -7    585
20210109144812752	  303  230    -18    -10    586
20210109144812919	  303  231    -18     -8    583
20210109144813086	  305  230    -15    -10    579
20210109144813219	  307  229    -11    -11    576
20210109144813386	  307  229    -11    -11    577
20210109144813552	  306  229    -13    -11    576
20210109144813719	  308  227    -10    -14    574
20210109144813852	  308  228    -10    -13    575
20210109144814019	  306  228    -13    -13    575
20210109144814186	  307  228    -11    -13    573
20210109144814319	  307  228    -11    -13    575
20210109144814486	  309  227     -8    -14    573
20210109144814653	  308  228    -10    -13    573
20210109144814819	  307  227    -11    -14    573
20210109144814953	  309  228     -8    -13    573
20210109144815119	  308  228    -10    -13    572
20210109144815286	  307  228    -11    -13    573
20210109144815419	  307  227    -11    -14    573
20210109144815653	  317  227      3    -14    569
20210109144815820	  314  226     -1    -16    563
20210109144815986	  318  222      4    -21    559
20210109144816120	  317  223      3    -20    559
20210109144816286	  317  221      3    -23    559
20210109144816453	  317  222      3    -21    557
20210109144816620	  317  222      3    -21    558
20210109144816920	  317  221      3    -23    555
20210109144817620	  316  220      1    -24    554
20210109144817920	  318  219      4    -25    552
20210109144818087	  318  219      4    -25    552
20210109144818220	  323  216     11    -30    548
20210109144818387	  327  215     17    -31    544
20210109144818554	  327  213     17    -33    540
20210109144818720	  328  212     18    -35    541
20210109144818854	  328  211     18    -36    540
20210109144819020	  328  212     18    -35    540
20210109144819621	  331  210     22    -38    539
20210109144819887	  329  209     20    -39    538
20210109144820054	  329  210     19    -37    537
20210109144820221	  328  210     18    -37    536
20210109144820387	  330  210     21    -38    537
20210109144820521	  331  207     22    -42    536
20210109144820854	  336  202     29    -49    534
20210109144821288	  338  198     32    -53    526
20210109144821588	  338  196     31    -56    524
20210109144821721	  338  196     31    -56    523
20210109144821888	  340  196     34    -56    523
20210109144822055	  339  194     33    -58    520
20210109144822221	  340  192     34    -61    523
20210109144822521	  342  194     37    -58    520
20210109144822821	  339  192     33    -61    520
20210109144822955	  340  188     34    -67    522
20210109144823121	  340  193     34    -60    521
20210109144823288	  342  194     37    -58    521
20210109144823422	  343  189     38    -65    518
20210109144823588	  344  190     39    -64    519
20210109144823755	  347  182     43    -74    513
20210109144824088	  347  180     43    -76    513
20210109144824355	  351  174     48    -85    513
20210109144824522	  348  180     44    -76    512
20210109144824689	  349  176     45    -82    511
20210109144824855	  349  175     45    -83    510
20210109144825022	  350  176     46    -81    509
20210109144825155	  351  174     48    -84    510
20210109144825322	  351  175     48    -83    509
20210109144825489	  350  175     47    -83    511
20210109144825622	  350  174     47    -84    509
20210109144825789	  350  174     47    -84    509
20210109144825956	  350  174     47    -84    511
20210109144826556	  359  164     58    -97    507
20210109144828256	  360  156     59   -107    503
20210109144828523	  359  158     58   -104    503
20210109144828690	  348  175     44    -83    513
20210109144828856	  343  190     38    -64    522
20210109144829023	  343  200     39    -51    531
20210109144829323	  342  215     39    -31    547
20210109144829623	  336  221     31    -23    563
20210109144829756	  336  225     31    -17    569
20210109144829923	  334  227     28    -14    572
20210109144830090	  328  225     19    -17    575
20210109144830257	  327  225     18    -17    575
20210109144830423	  329  227     21    -14    577
20210109144830590	  329  226     21    -16    575
20210109144830723	  329  227     21    -14    578
20210109144830890	  328  228     19    -13    578
20210109144831057	  329  228     21    -13    581
20210109144831224	  327  228     18    -13    579
20210109144831357	  327  229     18    -11    581
20210109144831524	  327  229     18    -11    581
20210109144831690	  327  228     18    -13    581
20210109144831857	  327  229     18    -12    583
20210109144831990	  326  229     17    -12    583
20210109144832157	  327  229     18    -12    583
20210109144832324	  326  229     17    -11    582
20210109144832491	  327  230     18    -10    583
20210109144832624	  326  230     17    -10    583
20210109144832791	  325  230     15    -10    583
20210109144832957	  326  230     17    -10    584
20210109144833124	  328  227     19    -14    575
20210109144833257	  326  228     16    -13    575
20210109144833424	  327  227     18    -14    572
20210109144833591	  328  227     19    -14    573
20210109144833758	  327  226     18    -16    572
20210109144833924	  327  226     18    -16    572
20210109144834058	  328  225     19    -17    571
20210109144834258	  327  226     18    -16    570
20210109144834391	  327  226     18    -16    570
20210109144834558	  325  224     15    -19    569
20210109144834724	  326  225     16    -17    569
20210109144834891	  326  225     16    -17    569
20210109144835058	  326  225     16    -17    569
20210109144835225	  327  226     18    -16    570
20210109144835391	  327  226     18    -16    571
20210109144835525	  327  226     18    -16    570
20210109144835691	  332  223     25    -20    565
20210109144835858	  328  222     19    -21    559
20210109144836025	  329  220     20    -24    555
20210109144836325	  328  219     19    -26    554
20210109144836625	  330  220     22    -24    554
20210109144836958	  328  219     19    -26    553
20210109144837125	  332  221     25    -23    554
20210109144837292	  331  219     23    -25    553
20210109144837425	  326  219     16    -26    554
20210109144837592	  330  220     21    -24    553
20210109144837759	  330  218     21    -27    553
20210109144837925	  331  219     23    -26    553
20210109144838092	  330  220     22    -24    553
20210109144838259	  331  217     23    -28    549
20210109144838425	  335  212     28    -35    542
20210109144838592	  332  210     24    -38    540
20210109144838759	  330  209     21    -39    538
20210109144838959	  331  209     22    -39    538
20210109144839125	  331  205     22    -44    535
20210109144839459	  329  206     19    -43    534
20210109144839726	  330  207     21    -41    533
20210109144839892	  332  207     24    -42    534
20210109144840059	  336  203     29    -47    534
20210109144840226	  329  206     19    -43    533
20210109144840392	  331  207     22    -41    533
20210109144840592	  330  206     21    -43    533
20210109144840759	  329  204     19    -45    531
20210109144840926	  336  201     29    -49    527
20210109144841093	  334  196     26    -56    521
20210109144841293	  333  193     24    -59    519
20210109144841459	  335  192     27    -61    519
20210109144841626	  330  188     20    -66    519
20210109144841793	  333  192     24    -61    517
20210109144841960	  334  191     26    -62    518
20210109144842160	  334  190     26    -63    517
20210109144842326	  332  191     23    -62    518
20210109144842493	  335  189     27    -65    515
20210109144842660	  333  191     24    -62    517
20210109144842860	  334  191     26    -62    517
20210109144843026	  336  190     28    -63    516
20210109144843627	  336  180     28    -76    511
20210109144844360	  327  171     16    -87    505
20210109144844660	  326  171     14    -87    506
20210109144845827	  327  164     16    -96    502
20210109144849528	  341  218     37    -27    551
20210109144849795	  343  221     41    -23    562
20210109144849962	  343  221     41    -23    564
20210109144850162	  344  221     43    -23    567
20210109144850328	  346  220     46    -25    567
20210109144850495	  348  219     49    -26    567
20210109144850662	  348  219     49    -26    568
20210109144850862	  346  218     46    -28    568
20210109144851028	  346  219     46    -26    569
20210109144851195	  347  218     48    -28    569
20210109144851362	  346  221     46    -23    571
20210109144851562	  346  221     46    -23    571
20210109144851729	  347  222     48    -22    571
20210109144851895	  346  221     46    -23    573
20210109144852062	  347  220     48    -25    574
20210109144852229	  346  221     46    -23    573
20210109144852429	  348  222     50    -22    574
20210109144852596	  346  221     47    -23    575
20210109144852762	  346  222     47    -22    575
20210109144852929	  347  221     48    -24    575
20210109144853129	  348  222     50    -22    573
20210109144853296	  343  221     42    -23    569
20210109144853462	  347  218     47    -28    566
20210109144853629	  344  218     43    -28    566
20210109144853796	  345  217     44    -29    567
20210109144853996	  345  219     44    -26    566
20210109144854163	  345  219     44    -26    566
20210109144854329	  344  219     43    -26    566
20210109144854496	  345  219     44    -26    563
20210109144854663	  345  220     44    -25    563
20210109144854863	  346  218     46    -27    562
20210109144855029	  344  216     43    -30    562
20210109144855196	  344  216     43    -30    562
20210109144855363	  345  220     44    -24    562
20210109144855563	  346  218     46    -27    564
20210109144855730	  345  218     44    -27    561
20210109144856063	  344  215     42    -31    551
20210109144856330	  341  214     37    -33    551
20210109144856530	  344  213     42    -34    550
20210109144856697	  342  216     39    -30    551
20210109144856863	  339  213     35    -34    551
20210109144857197	  341  213     37    -34    550
20210109144857497	  342  215     39    -31    548
20210109144857664	  340  214     36    -33    548
20210109144857830	  341  212     37    -35    549
20210109144857997	  340  214     36    -33    550
20210109144858164	  341  210     37    -38    547
20210109144858364	  340  211     36    -37    545
20210109144858530	  335  209     28    -39    540
20210109144858697	  336  207     29    -42    538
20210109144858864	  335  208     28    -40    536
20210109144859030	  336  206     29    -43    538
20210109144859364	  335  204     28    -46    535
20210109144859831	  337  201     31    -50    536
20210109144900097	  335  204     28    -46    534
20210109144900731	  335  202     28    -48    531
20210109144901198	  327  195     16    -57    521
20210109144901464	  328  193     17    -59    517
20210109144901631	  328  191     17    -62    516
20210109144901831	  329  190     19    -63    516
20210109144901998	  328  189     17    -65    515
20210109144902165	  326  190     15    -63    516
20210109144902498	  327  187     16    -67    515
20210109144902698	  328  190     17    -63    515
20210109144902865	  322  188      9    -66    516
20210109144903031	  325  189     13    -64    513
20210109144903198	  326  188     15    -66    513
20210109144903365	  326  189     15    -64    513
20210109144903698	  324  179     12    -78    513
20210109144904198	  321  172      8    -86    503
20210109144904932	  324  168     12    -91    502
20210109144905199	  323  166     10    -93    503
20210109144905465	  322  169      9    -90    505
20210109144905632	  324  168     12    -91    504
20210109144905966	  324  169     12    -90    505
20210109144908933	  317  179      2    -78    514
20210109144909233	  320  198      7    -53    526
20210109144909400	  332  205     24    -44    532
20210109144909567	  336  208     29    -40    538
20210109144909733	  345  208     43    -41    543
20210109144909900	  349  210     49    -38    549
20210109144910267	  355  208     58    -42    556
20210109144910734	  363  205     69    -46    551
20210109144911034	  364  204     71    -47    553
20210109144911200	  365  204     73    -47    553
20210109144911567	  365  205     73    -46    555
20210109144912034	  364  207     72    -43    558
20210109144912301	  366  206     75    -45    558
20210109144912501	  365  200     74    -54    561
20210109144912667	  367  206     76    -45    559
20210109144912834	  365  207     73    -43    558
20210109144913001	  365  205     73    -46    558
20210109144913167	  367  204     76    -48    560
20210109144913334	  359  204     64    -48    556
20210109144913701	  359  209     64    -40    555
20210109144914001	  358  207     62    -43    552
20210109144914168	  361  204     67    -47    552
20210109144914334	  361  206     67    -44    552
20210109144914501	  358  202     62    -50    555
20210109144915135	  360  205     65    -46    551
20210109144915435	  361  206     67    -44    552
20210109144915802	  359  209     64    -40    552
20210109144916102	  354  205     56    -45    545
20210109144916268	  353  205     54    -45    542
20210109144916435	  352  205     53    -45    542
20210109144916602	  352  205     52    -45    540
20210109144917235	  352  204     52    -46    539
20210109144917569	  350  202     49    -49    538
20210109144917735	  352  204     52    -46    540
20210109144917902	  350  203     49    -48    539
20210109144918069	  351  204     51    -46    538
20210109144918235	  351  205     51    -45    539
20210109144918435	  350  201     49    -50    537
20210109144918602	  339  205     33    -44    534
20210109144918769	  340  201     35    -50    532
20210109144918936	  340  201     35    -50    531
20210109144919136	  338  201     32    -50    531
20210109144919302	  338  200     32    -51    527
20210109144919469	  337  200     30    -51    527
20210109144919803	  337  202     30    -48    527
20210109144920869	  340  200     34    -51    527
20210109144921170	  329  193     19    -60    524
20210109144921336	  326  196     15    -56    520
20210109144921503	  325  195     13    -57    521
20210109144921670	  325  196     13    -56    520
20210109144921870	  323  193     11    -60    520
20210109144922036	  322  194      9    -58    518
20210109144922203	  322  192      9    -61    517
20210109144922370	  321  193      8    -59    518
20210109144922703	  323  194     11    -58    518
20210109144923170	  322  193      9    -59    516
20210109144923470	  322  192      9    -61    517
20210109144923837	  311  189     -5    -64    514
20210109144924137	  309  187     -7    -67    513
20210109144924470	  309  188     -7    -66    513
20210109144924770	  308  186     -9    -68    512
20210109144924937	  307  186    -10    -68    511
20210109144925104	  304  184    -14    -71    511
20210109144925304	  304  185    -14    -69    510
20210109144925471	  308  183     -9    -72    513
20210109144925637	  306  183    -11    -72    510
20210109144926004	  304  183    -14    -72    509
20210109144926271	  299  182    -21    -73    510
20210109144926471	  296  180    -25    -76    510
20210109144926637	  292  177    -30    -80    509
20210109144926804	  292  178    -30    -79    509
20210109144926971	  293  178    -29    -79    509
20210109144927138	  290  176    -33    -81    508
20210109144927338	  287  176    -37    -81    507
20210109144927504	  290  176    -33    -81    508
20210109144927671	  291  173    -31    -85    508
20210109144927838	  290  175    -33    -82    507
20210109144928004	  287  174    -37    -84    507
20210109144928205	  288  175    -35    -82    507
20210109144928371	  292  174    -30    -84    510
20210109144928538	  289  175    -34    -82    507
20210109144928705	  286  174    -38    -84    507
20210109144928871	  292  176    -30    -81    506
20210109144929071	  295  189    -26    -64    513
20210109144929238	  292  191    -31    -62    515
20210109144929405	  294  201    -28    -49    526
20210109144929572	  299  203    -22    -47    531
20210109144929772	  298  209    -23    -39    539
20210109144929938	  299  207    -22    -42    537
20210109144930105	  299  204    -22    -46    534
20210109144930272	  301  202    -19    -49    532
20210109144930438	  301  202    -19    -48    531
20210109144930638	  301  201    -19    -50    529
20210109144930805	  301  198    -19    -54    528
20210109144930972	  301  200    -19    -51    527
20210109144931139	  301  198    -19    -54    527
20210109144931305	  301  198    -19    -53    527
20210109144931539	  300  199    -20    -52    528
20210109144931705	  302  198    -17    -54    527
20210109144931872	  303  198    -16    -54    528
20210109144932039	  303  199    -16    -52    528
20210109144932239	  301  198    -19    -54    528
20210109144932406	  305  200    -13    -51    529
20210109144932572	  303  198    -16    -54    527
20210109144932739	  302  200    -17    -51    528
20210109144932906	  304  199    -15    -52    529
20210109144933106	  301  198    -19    -54    529
20210109144933272	  302  199    -17    -52    529
20210109144933439	  306  196    -12    -56    522
20210109144933639	  305  195    -13    -57    520
20210109144933806	  306  194    -12    -58    519
20210109144933973	  309  197     -8    -54    518
20210109144934139	  308  194     -9    -58    518
20210109144934339	  307  192    -10    -61    517
20210109144934506	  310  192     -6    -61    517
20210109144934673	  309  193     -8    -59    517
20210109144934840	  307  193    -10    -59    516
20210109144935040	  309  192     -7    -61    516
20210109144935206	  308  194     -9    -58    516
20210109144935373	  309  191     -8    -62    517
20210109144935573	  306  192    -12    -61    517
20210109144935740	  307  192    -10    -61    516
20210109144935907	  309  192     -7    -60    515
20210109144936107	  316  188      1    -65    511
20210109144936273	  316  186      1    -67    506
20210109144936473	  315  184      0    -70    505
20210109144936640	  317  183      2    -71    505
20210109144936807	  317  183      2    -71    504
20210109144936974	  318  182      4    -72    504
20210109144937174	  317  184      2    -70    504
20210109144937340	  317  183      2    -71    503
20210109144937507	  318  182      4    -72    502
20210109144937707	  319  181      5    -73    501
20210109144937874	  318  180      3    -74    501
20210109144938040	  319  182      4    -72    501
20210109144938207	  318  180      3    -74    501
20210109144938407	  319  180      5    -75    500
20210109144938574	  322  179      9    -76    498
20210109144938741	  324  174     11    -82    495
20210109144938941	  328  168     16    -89    491
20210109144939107	  327  169     15    -87    491
20210109144939307	  326  167     14    -90    489
20210109144939474	  329  167     18    -90    489
20210109144939641	  329  166     18    -91    489
20210109144939808	  328  167     16    -89    488
20210109144940008	  329  166     18    -91    487
20210109144940641	  329  164     18    -93    487
20210109144940941	  330  164     19    -93    487
20210109144941875	  335  153     25   -106    482
20210109144942375	  335  151     25   -108    482
20210109144942675	  336  149     26   -111    481
20210109144943042	  336  148     26   -112    481
20210109144943342	  337  150     28   -110    483
20210109144944009	  346  140     39   -121    477
20210109144944309	  351  133     45   -129    475
20210109144944475	  353  130     47   -133    474
20210109144944642	  352  132     46   -130    475
20210109144944809	  354  130     48   -133    474
20210109144945009	  354  131     49   -132    477
20210109144945176	  354  128     48   -135    473
20210109144945376	  356  130     51   -133    476
20210109144945709	  354  127     48   -136    473
20210109144946009	  354  125     48   -138    470
20210109144946209	  355  126     49   -137    471
20210109144946409	  361  121     57   -143    472
20210109144946576	  363  120     59   -145    474
20210109144946776	  363  114     59   -152    472
20210109144946943	  363  108     59   -158    469
20210109144947143	  364  105     60   -162    469
20210109144947309	  367  108     64   -159    471
20210109144947509	  365  105     61   -162    470
20210109144947676	  365  104     61   -163    470
20210109144947876	  364  102     60   -166    469
20210109144948043	  366  104     62   -164    470
20210109144948210	  363  101     59   -167    469
20210109144948410	  365  102     61   -166    470
20210109144948576	  366  100     62   -168    469
20210109144948743	  367  101     64   -167    469
20210109144948943	  366  105     62   -162    469
20210109144949143	  357  129     52   -135    477
20210109144949477	  345  161     38    -98    490
20210109144949777	  347  178     42    -78    506
20210109144949977	  341  190     35    -63    513
20210109144950143	  342  195     37    -57    520
20210109144950344	  333  193     25    -60    525
20210109144950544	  333  198     25    -53    526
20210109144950744	  332  199     23    -52    527
20210109144950910	  330  197     20    -55    525
20210109144951110	  329  196     19    -56    525
20210109144951477	  331  198     22    -53    526
20210109144951777	  330  197     20    -55    526
20210109144951977	  331  198     22    -54    527
20210109144952144	  330  198     21    -54    527
20210109144952344	  330  198     21    -54    527
20210109144952544	  330  198     21    -54    528
20210109144952711	  327  198     16    -54    528
20210109144952911	  330  198     21    -54    528
20210109144953111	  330  198     21    -54    528
20210109144953311	  330  199     21    -52    529
20210109144953478	  328  196     18    -56    524
20210109144953678	  332  195     23    -57    522
20210109144953878	  331  193     22    -60    519
20210109144954044	  332  191     23    -62    520
20210109144954245	  330  193     20    -60    519
20210109144954445	  333  194     24    -58    519
20210109144954611	  331  193     22    -60    519
20210109144954811	  335  191     27    -62    520
20210109144955011	  331  192     22    -61    519
20210109144955178	  330  191     20    -62    519
20210109144955378	  330  191     20    -62    519
20210109144955578	  329  190     19    -64    520
20210109144955745	  330  192     20    -61    519
20210109144955945	  332  190     23    -63    518
20210109144956145	  332  186     22    -68    509
20210109144956478	  333  184     24    -70    506
20210109144957279	  331  183     21    -71    505
20210109144957579	  332  183     22    -71    505
20210109144957779	  333  181     24    -74    504
20210109144957979	  333  183     24    -71    505
20210109144958146	  330  182     20    -73    505
20210109144958512	  332  180     22    -75    503
20210109144958812	  336  172     27    -84    497
20210109144959012	  338  170     30    -87    494
20210109144959212	  337  171     28    -85    493
20210109144959379	  333  170     23    -86    493
20210109144959579	  339  164     31    -94    491
20210109144959779	  336  167     27    -90    491
20210109145000146	  337  166     28    -91    491
20210109145000446	  337  167     28    -90    491
20210109145000646	  336  166     27    -91    491
20210109145000813	  337  165     28    -92    490
20210109145001013	  337  167     28    -90    491
20210109145001980	  332  149     21   -111    481
20210109145002280	  333  149     22   -111    481
20210109145002480	  331  143     20   -119    482
20210109145002680	  334  148     24   -112    481
20210109145005747	  334  121     23   -142    468
20210109145005914	  333  119     22   -144    468
20210109145006114	  332  120     21   -143    468
20210109145006314	  333  119     22   -144    468
20210109145006681	  337  109     26   -155    465
20210109145006981	  339   98     29   -167    460
20210109145007148	  341   98     31   -168    461
20210109145007348	  342   97     32   -169    461
20210109145007548	  339   96     29   -170    460
20210109145007715	  342   96     32   -170    460
20210109145007915	  341   94     31   -172    460
20210109145008115	  340   91     30   -175    458
20210109145008281	  340   91     30   -175    458
20210109145008481	  342   92     32   -174    459
20210109145008682	  340   92     30   -174    459
20210109145008848	  339   90     28   -176    458
20210109145009048	  340   95     30   -170    459
20210109145009248	  338  116     28   -147    465
20210109145009415	  335  134     24   -129    477
20210109145009615	  333  150     23   -110    483
20210109145009815	  346  165     40    -93    493
20210109145009982	  346  175     41    -81    501
20210109145010182	  347  182     43    -73    509
20210109145010382	  350  186     47    -68    514
20210109145010582	  351  188     49    -66    518
20210109145010749	  350  188     47    -66    518
20210109145010949	  351  187     49    -68    518
20210109145011149	  350  188     47    -66    519
20210109145011316	  354  184     53    -72    519
20210109145011516	  353  188     52    -66    519
20210109145011716	  353  186     52    -69    519
20210109145011882	  353  189     52    -65    521
20210109145012082	  353  187     52    -68    520
20210109145012282	  353  187     52    -68    520
20210109145012449	  357  188     57    -67    522
20210109145012649	  354  187     53    -68    522
20210109145012849	  354  187     53    -68    521
20210109145013016	  355  188     55    -67    521
20210109145013216	  354  190     53    -64    523
20210109145013416	  354  190     53    -64    522
20210109145013585	  354  187     53    -68    519
20210109145013788	  353  185     51    -70    517
20210109145013991	  351  184     48    -71    513
20210109145014194	  350  184     47    -71    513
20210109145014565	  352  183     50    -72    512
20210109145014865	  348  184     44    -71    513
20210109145015064	  357  183     56    -73    513
20210109145015231	  352  183     49    -72    512
20210109145015430	  349  181     46    -75    512
20210109145015630	  348  183     44    -72    513
20210109145015797	  350  183     47    -72    513
20210109145015996	  349  183     46    -72    512
20210109145016196	  351  178     48    -78    507
20210109145016363	  347  178     42    -78    506
20210109145016562	  346  178     41    -77    501
20210109145016762	  347  175     42    -81    500
20210109145016929	  344  174     38    -82    500
20210109145017128	  346  178     40    -77    500
20210109145017328	  345  177     39    -78    499
20210109145017694	  345  172     39    -85    498
20210109145018027	  340  174     33    -82    499
20210109145018194	  345  173     39    -83    499
20210109145018393	  345  175     39    -81    498
20210109145018593	  343  174     36    -82    498
20210109145019159	  340  161     32    -97    489
20210109145019658	  338  161     29    -96    485
20210109145020457	  336  160     26    -97    483
20210109145021556	  322  153      9   -107    483
20210109145021889	  320  143      6   -118    478
20210109145027016	  312  115     -3   -149    465
20210109145027349	  313  108     -2   -156    461
20210109145027548	  312  107     -3   -157    461
20210109145027915	  312  107     -3   -157    461
20210109145028214	  312  105     -3   -159    460
20210109145028414	  312  105     -3   -159    460
20210109145028614	  311  106     -4   -158    461
20210109145028814	  311  105     -4   -159    460
20210109145028980	  312  104     -3   -160    459
20210109145030150	  350  174     46    -83    502
20210109145030654	  366  174     68    -84    509
20210109145030987	  367  171     69    -88    507
20210109145031187	  373  169     77    -90    507
20210109145031354	  373  166     77    -94    508
20210109145031554	  374  167     79    -93    508
20210109145031754	  369  169     72    -91    510
20210109145031954	  373  171     77    -88    510
20210109145032121	  371  169     75    -91    509
20210109145032321	  373  171     78    -88    511
20210109145032521	  374  169     79    -91    511
20210109145032688	  371  169     75    -91    511
20210109145032888	  374  171     79    -88    512
20210109145033088	  374  173     79    -86    513
20210109145033254	  376  171     82    -88    512
20210109145033454	  373  172     78    -87    513
20210109145033654	  373  171     78    -88    510
20210109145033821	  364  168     65    -91    507
20210109145034021	  367  170     69    -89    505
20210109145034221	  371  171     74    -87    506
20210109145034388	  364  171     65    -87    506
20210109145034588	  367  169     69    -90    505
20210109145034955	  367  169     69    -90    505
20210109145035288	  365  168     66    -91    504
20210109145035488	  367  166     69    -94    504
20210109145035655	  369  168     71    -91    505
20210109145035855	  367  170     69    -88    505
20210109145036055	  366  168     67    -91    505
20210109145036255	  368  164     69    -96    501
20210109145036422	  357  170     55    -87    498
20210109145037455	  356  161     53    -98    492
20210109145037756	  356  164     53    -94    492
20210109145037956	  358  162     55    -96    491
20210109145038156	  353  162     49    -96    491
20210109145038322	  355  161     51    -97    490
20210109145038722	  358  162     55    -96    491
20210109145039023	  342  160     34    -98    486
20210109145039223	  345  154     38   -105    484
20210109145046825	  300  132    -18   -130    472
20210109145047025	  297  128    -22   -134    471
20210109145047191	  293  129    -27   -133    471
20210109145047391	  291  128    -29   -134    470
20210109145047591	  291  127    -29   -135    470
20210109145047758	  290  128    -30   -134    470
20210109145047958	  290  128    -30   -134    471
20210109145048158	  289  126    -31   -136    468
20210109145048358	  288  126    -33   -136    469
20210109145048525	  288  126    -33   -136    470
20210109145048725	  288  125    -33   -137    469
20210109145048925	  288  125    -33   -138    469
20210109145049125	  288  125    -33   -137    469
20210109145049292	  287  125    -34   -138    470
20210109145049492	  286  123    -35   -140    467
20210109145049692	  286  125    -35   -137    469
20210109145049859	  292  148    -29   -112    482
20210109145050059	  294  181    -28    -75    513
20210109145050459	  295  248    -31     17    593
20210109145050759	  302  255    -20     29    612
20210109145050959	  304  257    -17     33    625
20210109145051126	  307  258    -13     35    627
20210109145051326	  306  258    -14     35    632
20210109145051526	  307  258    -13     35    633
20210109145051692	  308  260    -11     38    634
20210109145051892	  308  261    -11     40    636
20210109145052093	  308  261    -11     40    638
20210109145052259	  310  261     -8     40    638
20210109145052459	  309  261     -9     40    640
20210109145052659	  311  262     -6     42    639
20210109145052826	  309  262     -9     42    642
20210109145053026	  309  262     -9     42    642
20210109145053226	  310  262     -8     42    643
20210109145053393	  310  262     -8     42    643
20210109145053593	  311  262     -6     42    644
20210109145053793	  310  263     -8     44    645
20210109145053993	  309  262    -10     43    645
20210109145054193	  309  263    -10     44    645
20210109145054393	  309  263    -10     44    647
20210109145054560	  310  262     -8     43    646
20210109145054760	  309  263    -10     44    648
20210109145054960	  310  264     -8     46    648
20210109145055127	  309  264    -10     46    648
20210109145055327	  309  264    -10     46    649
20210109145055527	  309  264    -10     46    648
20210109145055727	  309  263    -10     44    648
20210109145055927	  309  264    -10     46    649
20210109145056094	  310  265     -8     48    649
20210109145056294	  309  264    -10     46    650
20210109145056494	  309  264    -10     46    651
20210109145056660	  309  264    -10     46    651
20210109145056894	  309  264    -10     46    651
20210109145057061	  309  264    -10     46    652
20210109145057261	  310  265     -8     48    651
20210109145057461	  309  264    -10     46    651
20210109145057661	  309  265    -10     48    653
20210109145057861	  309  263    -10     45    652
20210109145058061	  309  265    -10     48    652
20210109145058261	  309  265    -10     48    654
