20210112164456695	  307  303    -13    113    649
20210112164456927	  306  303    -15    113    648
20210112164456993	  306  303    -15    113    649
20210112164457192	  306  303    -15    113    649
20210112164457293	  306  303    -15    113    649
20210112164457395	  306  303    -15    113    649
20210112164457496	  306  302    -15    111    650
20210112164457563	  306  303    -15    113    649
20210112164457663	  306  303    -15    113    649
20210112164457764	  306  303    -15    113    648
20210112164457864	  307  304    -13    115    648
20210112164457964	  307  302    -13    111    650
20210112164458030	  307  302    -13    111    650
20210112164458130	  306  303    -15    113    649
20210112164458263	  305  304    -16    114    647
20210112164458362	  307  302    -13    111    649
20210112164458429	  305  304    -16    114    647
20210112164458528	  305  304    -16    115    648
20210112164458627	  307  304    -13    115    649
20210112164458726	  306  304    -15    114    648
20210112164458826	  305  304    -16    114    647
20210112164458892	  307  304    -13    114    648
20210112164458992	  306  303    -15    113    648
20210112164459092	  306  303    -15    113    649
20210112164459225	  304  304    -18    114    647
20210112164459292	  307  301    -13    110    650
20210112164459391	  306  303    -15    113    648
20210112164459491	  306  304    -15    114    647
20210112164459557	  305  304    -16    114    648
20210112164459657	  305  304    -16    114    647
20210112164459756	  306  303    -15    113    648
20210112164459823	  304  304    -18    114    648
20210112164459922	  306  304    -15    115    648
20210112164500022	  307  304    -13    115    649
20210112164500121	  306  303    -15    113    648
20210112164500187	  306  304    -15    115    649
20210112164500287	  306  303    -15    113    648
20210112164500386	  307  302    -13    111    650
20210112164500485	  306  303    -15    113    649
20210112164500551	  307  304    -13    115    649
20210112164500650	  306  303    -15    113    648
20210112164500749	  306  303    -15    113    649
20210112164500849	  307  304    -13    115    649
20210112164500949	  306  302    -15    111    649
20210112164501015	  305  302    -16    111    649
20210112164501115	  306  303    -15    113    649
20210112164501214	  307  301    -13    110    650
20210112164501314	  307  303    -13    113    650
20210112164501380	  304  304    -18    114    648
20210112164501480	  306  303    -15    113    648
20210112164501580	  307  304    -13    114    648
20210112164501679	  306  303    -15    113    648
20210112164501779	  307  304    -13    115    649
20210112164501846	  306  303    -15    113    649
20210112164501945	  306  303    -15    113    648
20210112164502045	  307  303    -13    113    649
20210112164502145	  304  304    -18    114    648
20210112164502245	  307  301    -13    110    651
20210112164502312	  307  304    -13    114    648
20210112164502412	  304  304    -18    114    648
20210112164502512	  306  303    -15    113    649
20210112164502612	  305  304    -16    114    648
20210112164502711	  304  304    -18    114    648
20210112164502778	  305  304    -16    115    649
20210112164502878	  307  303    -13    113    650
20210112164502978	  305  302    -16    111    650
20210112164503078	  306  303    -15    113    650
20210112164503178	  306  303    -15    113    650
20210112164503245	  306  304    -15    115    650
20210112164503344	  306  304    -15    115    649
20210112164503444	  306  303    -15    113    649
20210112164503544	  308  304    -11    115    650
20210112164503644	  306  303    -15    113    649
20210112164503744	  304  304    -18    115    649
20210112164503811	  304  304    -18    114    648
20210112164503911	  305  302    -16    111    649
20210112164504011	  306  304    -15    115    648
20210112164504111	  306  303    -15    113    650
20210112164504211	  306  303    -15    113    649
20210112164504311	  307  304    -13    115    649
20210112164504378	  306  304    -15    115    649
20210112164504478	  307  303    -13    113    650
20210112164504577	  305  304    -16    115    649
20210112164504677	  307  304    -13    115    648
20210112164504777	  307  304    -13    115    649
20210112164504844	  304  304    -18    115    649
20210112164504944	  306  303    -15    113    650
20210112164505044	  307  301    -13    110    651
20210112164505144	  307  304    -13    114    648
20210112164505244	  307  303    -13    113    650
20210112164505311	  307  304    -13    115    649
20210112164505411	  304  304    -18    115    649
20210112164505511	  306  303    -15    113    648
20210112164505611	  306  303    -15    113    649
20210112164505711	  303  303    -20    112    646
20210112164505777	  302  303    -21    112    644
20210112164505877	  301  304    -23    113    642
20210112164505977	  301  304    -23    113    642
20210112164506077	  297  304    -30    113    639
20210112164506177	  298  303    -28    111    637
20210112164506244	  295  304    -33    112    632
20210112164506344	  294  304    -34    111    629
20210112164506444	  292  303    -37    109    627
20210112164506544	  290  303    -40    109    624
20210112164506611	  289  302    -42    107    622
20210112164506711	  287  302    -45    106    618
20210112164506811	  285  301    -48    104    618
20210112164506911	  285  301    -48    104    614
20210112164507011	  283  301    -51    103    611
20210112164507077	  280  301    -55    103    609
20210112164507177	  279  299    -57     99    608
20210112164507277	  278  298    -58     98    608
20210112164507377	  275  298    -63     97    602
20210112164507477	  272  296    -67     93    599
20210112164507544	  273  297    -66     95    599
20210112164507644	  275  297    -63     95    601
20210112164507744	  274  297    -64     95    602
20210112164507844	  273  297    -65     95    598
20210112164507944	  274  297    -64     95    599
20210112164508044	  272  296    -67     93    598
20210112164508144	  273  296    -65     93    598
20210112164508211	  273  297    -65     94    598
20210112164508311	  275  296    -63     93    601
20210112164508411	  273  296    -65     93    598
20210112164508511	  272  296    -67     93    597
20210112164508577	  272  296    -67     93    596
20210112164508677	  273  297    -66     95    599
20210112164508777	  273  295    -66     92    600
20210112164508877	  272  294    -67     90    598
20210112164508978	  273  295    -65     91    597
20210112164509078	  273  297    -65     95    599
20210112164509145	  273  294    -66     90    599
20210112164509279	  272  295    -67     91    597
20210112164509346	  272  295    -67     91    597
20210112164509446	  271  295    -69     91    598
20210112164509547	  271  296    -69     93    598
20210112164509647	  272  295    -67     91    599
20210112164509748	  271  296    -68     93    597
20210112164509848	  272  296    -67     93    598
20210112164509915	  271  295    -68     91    597
20210112164510015	  272  295    -67     91    599
20210112164510115	  272  296    -67     93    597
20210112164510215	  272  295    -67     91    597
20210112164510315	  270  295    -70     91    598
20210112164510415	  270  294    -70     90    598
20210112164510482	  271  295    -68     91    596
20210112164510582	  272  296    -67     93    597
20210112164510682	  271  295    -68     91    597
20210112164510782	  271  295    -68     91    597
20210112164510882	  271  294    -68     90    597
20210112164510948	  271  295    -69     91    598
20210112164511048	  272  294    -67     90    597
20210112164511149	  271  295    -68     91    595
20210112164511249	  272  296    -67     93    598
20210112164511349	  272  294    -67     90    597
20210112164511415	  271  295    -68     91    595
20210112164511515	  271  294    -68     89    596
20210112164511615	  271  295    -68     91    597
20210112164511715	  271  293    -68     88    596
20210112164511815	  270  295    -70     91    596
20210112164511915	  270  294    -70     89    596
20210112164512049	  270  294    -70     90    596
20210112164512149	  270  295    -70     91    598
20210112164512249	  270  293    -70     88    595
20210112164512315	  270  294    -70     90    597
20210112164512416	  271  295    -68     91    596
20210112164512516	  269  295    -71     91    595
20210112164512616	  270  295    -70     91    595
20210112164512716	  271  295    -68     91    595
20210112164512816	  271  295    -68     91    595
20210112164512882	  271  294    -69     90    598
20210112164512982	  270  293    -70     88    595
20210112164513082	  271  294    -68     90    597
20210112164513182	  270  293    -70     88    595
20210112164513282	  271  295    -69     91    598
20210112164513349	  271  294    -68     90    596
20210112164513449	  270  294    -70     89    595
20210112164513549	  270  293    -70     88    596
20210112164513649	  270  295    -70     91    596
20210112164513749	  269  295    -72     91    597
20210112164513816	  268  294    -73     89    595
20210112164513916	  270  293    -70     88    595
20210112164514016	  270  294    -70     90    596
20210112164514116	  270  293    -70     88    595
20210112164514216	  269  293    -71     88    596
20210112164514316	  271  295    -68     91    595
20210112164514383	  269  294    -71     90    596
20210112164514483	  270  294    -70     89    594
20210112164514583	  271  293    -68     88    597
20210112164514683	  269  294    -71     89    595
20210112164514783	  271  295    -68     91    596
20210112164514849	  269  293    -72     88    596
20210112164514949	  270  293    -70     88    596
20210112164515049	  271  293    -69     88    598
20210112164515150	  269  294    -71     89    594
20210112164515250	  270  293    -70     88    596
20210112164515350	  271  295    -68     91    595
20210112164515450	  270  294    -70     89    595
20210112164515550	  270  293    -70     88    595
20210112164515616	  270  294    -70     89    595
20210112164515716	  269  293    -71     88    595
20210112164515816	  270  293    -70     88    596
20210112164515916	  270  294    -70     89    595
20210112164516016	  269  294    -71     89    594
20210112164516116	  271  295    -68     91    595
20210112164516183	  270  294    -70     89    595
20210112164516283	  270  294    -70     89    594
20210112164516383	  270  293    -70     88    595
20210112164516483	  270  294    -70     89    594
20210112164516550	  269  293    -71     88    596
20210112164516650	  270  293    -70     88    593
20210112164516750	  269  293    -71     88    595
20210112164516850	  269  293    -71     88    594
20210112164516950	  271  294    -68     89    595
20210112164517050	  268  293    -73     88    594
20210112164517150	  271  295    -68     91    594
20210112164517250	  270  294    -70     89    596
20210112164517350	  269  294    -71     89    594
20210112164517517	  271  293    -68     88    597
20210112164517583	  270  294    -70     90    596
20210112164517683	  270  294    -70     89    596
20210112164517783	  271  295    -68     91    597
20210112164517884	  271  294    -68     89    594
20210112164517984	  269  294    -71     89    595
20210112164518084	  270  296    -70     92    594
20210112164518184	  284  302    -49    104    607
20210112164518250	  290  304    -40    109    618
20210112164518350	  292  307    -37    115    622
20210112164518450	  297  308    -29    118    630
20210112164518550	  298  306    -28    115    632
20210112164518650	  298  307    -28    117    635
20210112164518750	  299  307    -26    118    638
20210112164518850	  302  307    -21    117    636
20210112164518950	  302  304    -21    113    642
20210112164519017	  301  304    -23    114    644
20210112164519117	  303  303    -20    113    648
20210112164519217	  305  305    -16    116    649
20210112164519317	  307  305    -13    117    652
20210112164519417	  308  305    -11    117    653
20210112164519517	  305  304    -16    115    653
20210112164519617	  307  305    -13    117    652
20210112164519717	  308  303    -11    114    654
20210112164519817	  307  305    -13    117    655
20210112164519884	  306  304    -15    115    654
20210112164519984	  303  303    -20    113    649
20210112164520084	  303  303    -20    112    645
20210112164520184	  301  305    -23    115    643
20210112164520284	  299  303    -26    112    643
20210112164520384	  299  303    -26    111    639
20210112164520484	  297  304    -29    112    636
20210112164520618	  294  303    -34    110    631
20210112164520718	  293  303    -36    109    627
20210112164520818	  291  303    -39    109    624
20210112164520918	  289  301    -42    105    620
20210112164521018	  286  301    -46    104    616
20210112164521084	  285  300    -48    102    614
20210112164521218	  281  299    -54    100    611
20210112164521318	  281  298    -54     98    610
20210112164521418	  278  297    -58     96    605
20210112164521518	  277  298    -59     97    602
20210112164521618	  274  297    -64     95    598
20210112164521718	  272  295    -67     91    598
20210112164521818	  273  295    -65     91    597
20210112164521918	  273  295    -65     91    598
20210112164522018	  270  295    -70     91    598
20210112164522151	  272  296    -67     93    597
20210112164522251	  272  294    -67     90    598
20210112164522351	  270  295    -70     91    597
20210112164522451	  272  294    -67     90    597
20210112164522551	  271  295    -68     91    597
20210112164522651	  270  295    -70     91    598
20210112164522751	  271  293    -69     88    598
20210112164522851	  270  294    -70     90    596
20210112164522985	  271  295    -68     91    597
20210112164523085	  271  294    -68     90    596
20210112164523185	  271  294    -68     90    597
20210112164523318	  271  294    -68     90    596
20210112164523418	  271  295    -68     91    597
20210112164523518	  271  293    -69     88    598
20210112164523618	  271  295    -68     91    597
20210112164523752	  271  295    -69     91    597
20210112164523852	  270  295    -70     91    598
20210112164523952	  272  294    -67     90    598
20210112164524052	  270  294    -70     90    597
20210112164524185	  270  295    -70     91    598
20210112164524385	  270  295    -70     91    595
20210112164524485	  271  293    -68     88    596
20210112164524585	  269  294    -71     90    596
20210112164524719	  271  295    -68     91    595
20210112164524785	  271  294    -68     89    595
20210112164524919	  269  294    -71     89    595
20210112164525019	  269  294    -71     89    595
20210112164525119	  270  293    -70     88    597
20210112164525219	  269  294    -71     89    595
20210112164525352	  271  293    -68     88    596
20210112164525452	  270  293    -70     88    597
20210112164525552	  271  293    -69     88    599
20210112164525652	  268  293    -73     88    595
20210112164525785	  271  295    -69     91    598
20210112164525886	  270  293    -70     88    596
20210112164525986	  269  294    -71     89    594
20210112164526086	  270  294    -70     89    596
20210112164526219	  270  294    -70     89    596
20210112164526319	  269  293    -71     88    595
20210112164526419	  270  293    -70     88    597
20210112164526519	  268  294    -73     90    596
20210112164526652	  269  294    -71     89    596
20210112164526752	  270  294    -70     89    595
20210112164526852	  270  295    -70     91    595
20210112164526986	  270  294    -70     89    595
20210112164527086	  269  294    -71     89    595
20210112164527186	  270  293    -70     88    595
20210112164527286	  268  293    -73     88    595
20210112164527453	  270  293    -70     88    595
20210112164527553	  269  293    -71     88    596
20210112164527653	  269  293    -71     88    595
20210112164527753	  269  292    -71     86    595
20210112164527853	  268  294    -73     89    594
20210112164527986	  268  293    -73     88    595
20210112164528086	  269  294    -71     89    594
20210112164528186	  268  293    -73     88    595
20210112164528286	  270  294    -70     89    595
20210112164528386	  270  293    -70     87    594
20210112164528620	  269  294    -71     89    594
20210112164528720	  270  294    -70     89    594
20210112164528853	  269  294    -71     89    595
20210112164528953	  268  294    -73     89    595
20210112164529053	  270  294    -70     89    593
20210112164529153	  269  293    -71     88    595
20210112164529286	  269  294    -71     89    595
20210112164529386	  269  292    -71     86    595
20210112164529486	  270  294    -70     89    595
20210112164529587	  268  294    -73     89    595
20210112164529720	  269  292    -71     86    595
20210112164529820	  269  293    -71     88    595
20210112164529920	  271  291    -69     85    597
20210112164530020	  269  294    -71     89    594
20210112164530153	  269  294    -71     89    595
20210112164530253	  269  293    -71     88    595
20210112164530353	  270  293    -70     88    594
20210112164530453	  270  292    -70     86    594
20210112164530587	  269  293    -71     88    596
20210112164530687	  269  293    -71     88    594
20210112164530787	  269  292    -71     86    595
20210112164530887	  268  292    -73     86    596
20210112164531020	  270  293    -70     88    595
20210112164531120	  267  293    -74     88    594
20210112164531220	  270  293    -70     88    594
20210112164531354	  269  292    -71     86    594
20210112164531454	  271  295    -68     91    597
20210112164531554	  270  294    -70     89    593
20210112164531654	  269  294    -71     89    593
20210112164531787	  269  294    -72     90    596
20210112164531887	  268  293    -73     88    594
20210112164532020	  269  292    -71     86    594
20210112164532120	  270  293    -70     88    595
20210112164532220	  270  294    -70     89    594
20210112164532320	  268  294    -73     89    595
20210112164532420	  279  299    -57     99    608
20210112164532554	  291  306    -39    113    621
20210112164532654	  294  308    -34    117    625
20210112164532754	  299  308    -26    118    631
20210112164532887	  298  308    -28    119    635
20210112164532987	  300  308    -24    119    635
20210112164533187	  302  307    -21    118    639
20210112164533321	  303  306    -20    117    641
20210112164533421	  304  306    -18    118    647
20210112164533521	  305  304    -16    115    649
20210112164533621	  307  303    -13    113    651
20210112164533754	  304  305    -18    117    655
20210112164533854	  306  305    -15    117    654
20210112164533954	  306  304    -15    116    655
20210112164534088	  307  303    -13    114    656
20210112164534188	  306  304    -15    115    653
20210112164534288	  303  304    -20    114    647
20210112164534388	  301  304    -23    114    646
20210112164534521	  301  305    -23    116    645
20210112164534621	  299  304    -26    113    639
20210112164534721	  296  303    -31    110    636
20210112164534821	  293  302    -36    108    632
20210112164534954	  292  302    -37    107    627
20210112164535054	  289  301    -42    105    622
20210112164535155	  288  300    -43    103    620
20210112164535255	  286  301    -46    104    617
20210112164535388	  284  299    -50    100    614
20210112164535488	  281  300    -54    101    611
20210112164535588	  278  298    -59     98    608
20210112164535688	  277  298    -60     97    604
20210112164535821	  273  296    -66     93    601
20210112164535921	  272  295    -67     91    598
20210112164536021	  271  295    -69     91    599
20210112164536155	  273  296    -66     93    599
20210112164536255	  270  295    -70     91    598
20210112164536355	  270  294    -70     90    597
20210112164536455	  271  295    -68     91    596
20210112164536622	  270  294    -70     89    595
20210112164536722	  270  294    -70     90    598
20210112164536855	  269  294    -72     90    597
20210112164536955	  271  293    -68     88    597
20210112164537055	  271  295    -68     91    596
20210112164537155	  269  293    -71     88    596
20210112164537288	  268  295    -73     91    597
20210112164537388	  270  293    -70     88    597
20210112164537488	  269  293    -72     88    597
20210112164537588	  268  294    -73     89    595
20210112164537722	  271  295    -68     91    596
20210112164537822	  270  294    -70     90    598
20210112164537922	  271  293    -69     88    598
20210112164538055	  268  293    -73     88    595
20210112164538155	  270  293    -70     88    595
20210112164538255	  270  295    -70     91    597
20210112164538389	  269  294    -71     89    595
20210112164538489	  269  294    -71     89    595
20210112164538589	  269  294    -72     90    598
20210112164538722	  268  293    -73     88    594
20210112164538822	  270  293    -70     88    596
20210112164538922	  268  293    -73     88    594
20210112164539022	  269  293    -71     88    595
20210112164539156	  270  293    -70     88    595
20210112164539256	  269  293    -72     88    596
20210112164539356	  269  292    -71     86    596
20210112164539489	  269  293    -71     87    593
20210112164539589	  268  294    -73     89    595
20210112164539689	  269  293    -71     88    595
20210112164539789	  270  294    -70     89    595
20210112164539922	  269  293    -71     88    595
20210112164540022	  270  293    -70     88    595
20210112164540122	  270  295    -70     91    595
20210112164540222	  267  294    -74     89    594
20210112164540356	  271  293    -69     88    599
20210112164540456	  269  292    -71     86    595
20210112164540556	  268  293    -73     88    594
20210112164540656	  270  293    -70     88    595
20210112164540789	  269  292    -71     86    596
20210112164540889	  270  294    -70     89    594
20210112164540989	  269  294    -71     89    595
20210112164541123	  269  293    -72     88    597
20210112164541223	  269  293    -71     88    594
20210112164541323	  269  294    -72     90    598
20210112164541423	  267  294    -74     89    594
20210112164541556	  269  294    -71     89    596
20210112164541656	  268  293    -73     88    594
20210112164541756	  269  292    -71     86    595
20210112164541890	  269  292    -71     86    595
20210112164541990	  269  294    -71     89    595
20210112164542090	  269  292    -71     86    595
20210112164542190	  269  293    -71     88    596
20210112164542323	  268  292    -73     86    595
20210112164542423	  268  293    -73     88    594
20210112164542523	  269  292    -71     86    596
20210112164542656	  269  292    -71     86    596
20210112164542756	  269  292    -71     86    595
20210112164542857	  269  292    -71     86    595
20210112164542957	  269  292    -71     86    595
20210112164543090	  268  293    -73     88    595
20210112164543190	  268  293    -73     88    595
20210112164543290	  269  293    -71     88    596
20210112164543423	  268  293    -73     88    594
20210112164543557	  269  293    -71     88    595
20210112164543657	  269  294    -71     89    596
20210112164543757	  270  294    -70     89    594
20210112164543857	  268  293    -73     88    596
20210112164543990	  270  293    -70     88    595
20210112164544090	  269  292    -72     86    596
20210112164544190	  270  294    -70     89    595
20210112164544324	  270  293    -70     88    597
20210112164544424	  270  293    -70     88    595
20210112164544624	  267  294    -74     89    595
20210112164544757	  270  292    -70     86    595
20210112164544857	  267  293    -74     87    592
20210112164544957	  268  293    -73     88    594
20210112164545057	  268  292    -73     86    595
20210112164545190	  268  292    -73     86    594
20210112164545290	  269  294    -71     89    594
20210112164545391	  269  292    -71     86    594
20210112164545524	  267  293    -74     87    593
20210112164545624	  266  294    -76     89    595
20210112164545724	  268  292    -73     86    595
20210112164545824	  267  293    -74     87    592
20210112164545957	  269  291    -71     85    596
20210112164546057	  267  293    -74     88    594
20210112164546157	  269  293    -71     88    594
20210112164546257	  267  293    -74     87    593
20210112164546391	  267  293    -74     87    592
20210112164546491	  269  292    -71     86    595
20210112164546591	  270  297    -70     95    599
20210112164546724	  287  304    -45    109    616
20210112164546824	  290  307    -40    115    621
20210112164546924	  296  309    -31    119    628
20210112164547024	  297  306    -29    115    631
20210112164547158	  298  306    -28    115    635
20210112164547258	  298  306    -28    116    637
20210112164547358	  300  306    -25    116    639
20210112164547491	  302  306    -21    116    638
20210112164547591	  302  304    -21    114    644
20210112164547691	  303  304    -20    114    647
20210112164547791	  307  303    -13    113    652
20210112164547924	  306  303    -15    114    655
20210112164548024	  307  305    -13    117    651
20210112164548124	  307  305    -13    117    652
20210112164548258	  305  305    -16    117    652
20210112164548358	  306  303    -15    114    654
20210112164548458	  303  305    -20    116    646
20210112164548625	  302  305    -21    115    644
20210112164548758	  300  303    -25    112    643
20210112164548858	  298  303    -28    111    638
20210112164548958	  295  303    -33    110    634
20210112164549058	  294  303    -34    110    630
20210112164549191	  291  302    -39    107    626
20210112164549291	  289  302    -42    107    622
20210112164549425	  286  301    -46    104    617
20210112164549558	  285  300    -48    102    614
20210112164549691	  282  298    -52     98    611
20210112164549792	  278  298    -58     98    607
20210112164549925	  277  296    -60     94    603
20210112164550025	  274  296    -64     93    599
20210112164550125	  271  295    -69     91    598
20210112164550258	  270  295    -70     91    597
20210112164550358	  273  294    -65     90    598
20210112164550492	  271  295    -68     91    597
20210112164550625	  270  293    -70     88    595
20210112164550725	  270  294    -70     89    595
20210112164550825	  270  293    -70     88    595
20210112164550958	  270  293    -70     88    596
20210112164551092	  271  293    -68     88    597
20210112164551192	  269  294    -71     89    595
20210112164551292	  271  293    -68     88    597
20210112164551425	  270  294    -70     89    595
20210112164551525	  270  295    -70     91    595
20210112164551659	  269  294    -71     89    595
20210112164551759	  271  293    -68     88    596
20210112164551892	  269  293    -72     88    597
20210112164551992	  270  293    -70     88    596
20210112164552125	  268  293    -73     88    595
20210112164552225	  268  293    -73     88    595
20210112164552359	  270  294    -70     89    595
20210112164552492	  268  293    -73     88    595
20210112164552592	  268  294    -73     89    594
20210112164552692	  268  294    -73     89    594
20210112164552826	  270  293    -70     88    595
20210112164552926	  268  293    -73     88    595
20210112164553059	  268  292    -73     86    595
20210112164553192	  268  294    -73     89    595
20210112164553326	  268  293    -73     88    594
20210112164553426	  268  294    -73     89    595
20210112164553559	  269  292    -71     86    595
20210112164553659	  270  294    -70     89    595
20210112164553792	  270  294    -70     89    593
20210112164553893	  268  293    -73     88    594
20210112164553993	  269  292    -71     86    596
20210112164554126	  270  292    -70     86    593
20210112164554226	  270  293    -70     88    595
20210112164554359	  269  293    -71     88    593
20210112164554459	  268  293    -73     88    595
20210112164554593	  270  292    -70     86    596
20210112164554726	  268  292    -73     86    594
20210112164554859	  269  293    -71     88    594
20210112164554959	  269  293    -71     88    595
20210112164555093	  268  293    -73     88    594
20210112164555193	  268  293    -73     87    593
20210112164555326	  269  292    -71     86    594
20210112164555460	  269  292    -71     86    595
20210112164555560	  270  293    -70     88    595
20210112164555660	  269  292    -71     86    595
20210112164555793	  269  292    -71     86    595
20210112164555893	  268  292    -73     86    594
20210112164556026	  268  292    -73     86    596
20210112164556160	  267  293    -74     88    594
20210112164556260	  269  294    -71     89    594
20210112164556393	  269  294    -71     89    595
20210112164556527	  268  293    -73     88    594
20210112164556660	  269  292    -71     86    595
20210112164556760	  269  292    -71     86    595
20210112164556860	  269  292    -71     86    594
20210112164556993	  267  292    -74     86    594
20210112164557127	  270  292    -70     86    594
20210112164557260	  268  293    -73     88    594
20210112164557360	  269  292    -71     86    595
20210112164557493	  268  293    -73     87    593
20210112164557627	  268  293    -73     88    594
20210112164557760	  269  292    -71     86    594
20210112164557860	  267  292    -74     86    594
20210112164557994	  268  292    -73     86    594
20210112164558127	  268  293    -73     88    594
20210112164558260	  268  292    -73     86    595
20210112164558360	  267  293    -74     87    593
20210112164558494	  267  293    -74     87    593
20210112164558627	  268  292    -73     86    595
20210112164558760	  269  293    -71     87    593
20210112164558860	  267  293    -74     87    593
20210112164558994	  269  292    -71     86    594
20210112164559127	  268  292    -73     86    593
20210112164559227	  269  292    -71     86    595
20210112164559361	  269  292    -71     86    594
20210112164559494	  267  291    -74     84    592
20210112164559594	  269  292    -71     86    594
20210112164559761	  267  293    -74     87    592
20210112164559894	  267  293    -74     87    593
20210112164600027	  267  293    -74     88    594
20210112164600127	  268  293    -73     88    594
20210112164600261	  268  293    -73     88    594
20210112164600361	  268  292    -73     86    595
20210112164600494	  267  292    -74     86    593
20210112164600628	  266  292    -76     86    592
20210112164600761	  269  293    -71     88    594
20210112164600861	  274  299    -64     98    603
20210112164600994	  290  305    -40    111    620
20210112164601128	  293  308    -35    117    623
20210112164601228	  296  307    -31    116    627
20210112164601361	  296  308    -31    119    634
20210112164601495	  299  306    -26    116    636
20210112164601628	  302  307    -21    118    637
20210112164601728	  301  306    -23    116    640
20210112164601861	  303  305    -20    115    644
20210112164601995	  305  305    -16    116    647
20210112164602128	  306  305    -15    117    654
20210112164602261	  305  304    -16    115    650
20210112164602361	  307  305    -13    117    651
20210112164602495	  305  305    -16    117    653
20210112164602628	  306  304    -15    115    652
20210112164602762	  301  303    -23    112    645
20210112164602862	  301  305    -23    115    644
20210112164602995	  300  304    -25    113    642
20210112164603128	  294  304    -34    112    636
20210112164603262	  294  304    -34    111    631
20210112164603362	  293  302    -36    108    629
20210112164603495	  290  303    -40    108    623
20210112164603628	  287  302    -45    106    619
20210112164603762	  285  300    -48    102    615
20210112164603862	  283  298    -51     98    611
20210112164603995	  280  298    -55     98    609
20210112164604129	  277  297    -60     95    604
20210112164604262	  274  296    -64     93    600
20210112164604362	  273  294    -65     90    597
20210112164604495	  271  294    -68     90    596
20210112164604629	  272  294    -67     90    600
20210112164604762	  270  294    -70     89    595
20210112164604862	  271  293    -68     88    595
20210112164604995	  269  294    -72     90    597
20210112164605129	  269  293    -71     88    595
20210112164605262	  269  294    -71     89    596
20210112164605362	  271  293    -68     88    596
20210112164605496	  269  292    -71     86    595
20210112164605629	  268  294    -73     89    595
20210112164605762	  270  293    -70     88    595
20210112164605862	  269  294    -71     89    594
20210112164605996	  269  293    -71     88    594
20210112164606129	  270  294    -70     89    594
20210112164606262	  271  294    -68     89    595
20210112164606362	  270  294    -70     89    594
20210112164606496	  269  294    -71     89    595
20210112164606629	  270  293    -70     88    594
20210112164606763	  269  292    -71     86    595
20210112164606863	  269  292    -71     86    595
20210112164606996	  269  293    -71     88    594
20210112164607129	  269  294    -71     89    596
20210112164607263	  268  291    -73     85    595
20210112164607363	  268  293    -73     88    594
20210112164607496	  269  293    -71     88    594
20210112164607629	  269  292    -71     86    594
20210112164607763	  268  292    -73     86    595
20210112164607863	  270  293    -70     88    595
20210112164607996	  267  293    -74     87    592
20210112164608130	  267  292    -75     86    595
20210112164608263	  268  292    -73     86    595
20210112164608396	  267  293    -74     87    593
20210112164608496	  269  292    -72     86    597
20210112164608630	  267  293    -74     87    592
20210112164608763	  268  293    -73     88    595
20210112164608896	  268  293    -73     88    594
20210112164608996	  269  292    -71     86    595
20210112164609130	  269  292    -71     86    595
20210112164609263	  269  292    -71     86    594
20210112164609396	  269  293    -71     88    595
20210112164609497	  268  293    -73     87    593
20210112164609630	  267  292    -74     86    595
20210112164609763	  269  292    -71     86    594
20210112164609897	  268  293    -73     88    594
20210112164610030	  269  292    -71     86    594
20210112164610130	  268  293    -73     88    594
20210112164610263	  269  292    -71     86    595
20210112164610397	  268  292    -73     86    593
20210112164610530	  268  293    -73     88    594
20210112164610630	  268  293    -73     88    593
20210112164610764	  268  292    -73     86    592
20210112164610897	  268  294    -73     89    595
20210112164610997	  269  293    -71     88    594
20210112164611130	  268  292    -73     86    593
20210112164611264	  268  292    -73     86    595
20210112164611397	  269  293    -71     88    595
20210112164611497	  269  292    -71     86    595
20210112164611630	  267  293    -74     87    592
20210112164611764	  267  293    -74     87    593
20210112164611897	  267  292    -74     86    594
20210112164611997	  269  293    -71     88    594
20210112164612131	  268  292    -73     86    594
20210112164612264	  269  293    -71     88    595
20210112164612397	  267  292    -74     86    594
20210112164612531	  269  292    -71     86    595
20210112164612631	  268  293    -73     87    593
20210112164612764	  270  294    -70     89    594
20210112164612897	  267  292    -74     86    595
20210112164612997	  269  293    -71     88    594
20210112164613264	  268  293    -73     88    594
20210112164613398	  267  293    -74     88    594
20210112164613498	  268  292    -73     86    594
20210112164613631	  268  292    -73     86    594
20210112164613764	  269  293    -71     88    595
20210112164613898	  268  293    -73     88    594
20210112164613998	  270  292    -70     86    595
20210112164614131	  267  291    -74     84    592
20210112164614264	  269  293    -71     88    595
20210112164614398	  268  293    -73     88    594
20210112164614498	  266  291    -76     84    592
20210112164614631	  266  292    -76     86    594
20210112164614765	  267  292    -74     86    593
20210112164614898	  267  293    -74     88    593
20210112164614998	  267  293    -73     87    592
20210112164615131	  281  301    -54    102    608
20210112164615265	  289  306    -42    113    620
20210112164615365	  292  308    -37    116    623
20210112164615498	  297  307    -29    116    627
20210112164615631	  297  308    -29    118    630
20210112164615765	  300  306    -24    115    635
20210112164615865	  300  305    -25    114    638
20210112164615998	  301  306    -23    117    641
20210112164616132	  302  304    -21    114    645
20210112164616265	  306  305    -15    117    650
20210112164616365	  306  305    -15    117    652
20210112164616498	  305  303    -16    113    651
20210112164616632	  307  304    -13    115    652
20210112164616732	  306  305    -15    117    652
20210112164616865	  306  304    -15    115    652
20210112164616998	  300  303    -25    112    645
20210112164617132	  301  304    -23    113    643
20210112164617232	  299  302    -26    110    644
20210112164617365	  295  303    -33    110    635
20210112164617499	  294  303    -34    110    632
20210112164617632	  292  301    -37    106    627
20210112164617732	  289  301    -42    105    621
20210112164617865	  288  302    -43    106    618
20210112164617999	  285  299    -48    100    615
20210112164618132	  282  298    -52     98    611
20210112164618265	  278  298    -58     97    606
20210112164618365	  277  296    -60     94    604
20210112164618499	  273  296    -66     93    599
20210112164618632	  270  295    -70     91    595
20210112164618766	  271  293    -69     88    598
20210112164618866	  271  295    -69     91    598
20210112164618999	  271  295    -68     91    596
20210112164619132	  271  293    -68     88    596
20210112164619266	  271  294    -69     90    598
20210112164619366	  270  294    -70     89    595
20210112164619499	  269  293    -72     88    597
20210112164619632	  269  294    -71     89    596
20210112164619766	  268  293    -73     88    596
20210112164619866	  269  293    -71     88    596
20210112164619999	  269  292    -71     86    595
20210112164620133	  270  293    -70     88    594
20210112164620266	  269  293    -71     88    594
20210112164620366	  267  293    -74     88    594
20210112164620499	  270  293    -70     88    595
20210112164620633	  270  294    -70     89    594
20210112164620733	  267  292    -75     86    595
20210112164620866	  268  292    -73     86    595
20210112164620999	  269  292    -71     86    596
20210112164621133	  268  294    -73     89    595
20210112164621233	  268  293    -73     87    593
20210112164621366	  269  292    -71     86    596
20210112164621500	  270  292    -70     86    596
20210112164621633	  267  293    -74     88    595
20210112164621733	  270  293    -70     88    595
20210112164621866	  268  292    -73     86    595
20210112164622000	  269  292    -71     86    595
20210112164622133	  268  293    -73     88    594
20210112164622233	  269  292    -71     86    596
20210112164622366	  268  292    -73     86    595
20210112164622500	  269  292    -71     86    595
20210112164622633	  269  292    -71     86    596
20210112164622733	  268  293    -73     88    595
20210112164622867	  268  293    -73     88    594
20210112164623000	  269  293    -71     88    595
20210112164623133	  268  292    -73     86    594
20210112164623233	  267  292    -75     86    596
20210112164623367	  268  292    -73     86    595
20210112164623500	  268  292    -73     86    594
20210112164623600	  268  293    -73     88    594
20210112164623733	  269  292    -71     86    594
20210112164623867	  269  292    -71     86    595
20210112164624000	  269  292    -71     86    593
20210112164624100	  268  293    -73     88    593
20210112164624234	  267  293    -74     87    593
20210112164624367	  269  293    -71     88    594
20210112164624567	  269  292    -71     86    595
20210112164624700	  268  292    -73     86    594
20210112164624800	  270  294    -70     89    594
20210112164624934	  268  293    -73     87    593
20210112164625067	  268  293    -73     88    594
20210112164625200	  269  292    -71     86    594
20210112164625300	  268  293    -73     88    595
20210112164625434	  269  293    -71     88    594
20210112164625567	  269  292    -71     86    595
20210112164625701	  268  293    -73     88    595
20210112164625834	  268  292    -73     86    596
20210112164625967	  267  293    -74     88    594
20210112164626101	  267  292    -74     86    593
20210112164626234	  268  292    -73     86    595
20210112164626334	  267  293    -74     88    594
20210112164626467	  267  292    -74     86    594
20210112164626601	  268  292    -73     86    596
20210112164626734	  269  292    -71     86    595
20210112164626834	  266  293    -76     87    592
20210112164626968	  269  293    -71     88    595
20210112164627101	  266  292    -76     86    592
20210112164627234	  267  291    -74     84    594
20210112164627334	  266  292    -76     86    593
20210112164627468	  267  292    -74     85    592
20210112164627601	  267  293    -74     87    592
20210112164627734	  268  293    -73     87    593
20210112164627834	  267  293    -74     88    594
20210112164627968	  267  291    -74     84    593
20210112164628101	  267  292    -74     86    595
20210112164628235	  268  291    -73     84    594
20210112164628368	  269  292    -71     86    595
20210112164628501	  269  292    -71     86    595
20210112164628601	  269  292    -71     86    595
20210112164628768	  267  293    -74     88    594
20210112164628901	  268  291    -73     84    593
20210112164629035	  268  293    -73     88    596
20210112164629135	  266  292    -76     86    593
20210112164629302	  268  293    -73     88    595
20210112164629402	  280  300    -55    101    607
20210112164629568	  291  306    -39    113    621
20210112164629702	  296  307    -31    116    628
20210112164629868	  297  305    -29    114    634
20210112164630035	  301  307    -23    117    634
20210112164630135	  301  307    -23    118    639
20210112164630268	  301  305    -23    115    641
20210112164630402	  302  304    -21    114    645
20210112164630535	  306  304    -15    114    648
20210112164630669	  306  305    -15    117    652
20210112164630802	  308  305    -11    117    651
20210112164630935	  307  305    -13    117    652
20210112164631035	  306  304    -15    115    654
20210112164631202	  304  303    -18    112    647
20210112164631302	  300  303    -25    112    645
20210112164631469	  300  302    -25    110    643
20210112164631569	  297  303    -29    111    636
20210112164631736	  295  302    -33    108    632
20210112164631869	  293  302    -36    108    629
20210112164632002	  289  299    -42    102    623
20210112164632102	  288  301    -43    104    619
20210112164632269	  284  299    -50    101    615
20210112164632402	  282  299    -52    100    610
20210112164632536	  277  297    -60     96    605
20210112164632669	  276  296    -61     94    603
20210112164632802	  273  294    -65     90    598
20210112164632936	  269  294    -71     89    595
20210112164633069	  271  293    -68     88    597
20210112164633169	  270  293    -70     88    598
20210112164633336	  269  294    -71     89    596
20210112164633436	  269  294    -71     90    596
20210112164633603	  270  293    -70     88    595
20210112164633736	  269  293    -71     88    595
20210112164633869	  270  294    -70     89    595
20210112164634003	  268  293    -73     88    594
20210112164634136	  269  292    -71     86    596
20210112164634269	  270  292    -70     86    595
20210112164634403	  268  293    -73     88    596
20210112164634570	  268  293    -73     88    593
20210112164634670	  269  292    -71     86    595
20210112164634803	  269  294    -71     89    594
20210112164634936	  268  292    -73     86    594
20210112164635103	  269  293    -71     88    594
20210112164635236	  267  292    -74     86    593
20210112164635370	  269  293    -71     88    594
20210112164635503	  268  293    -73     87    592
20210112164635670	  270  293    -70     88    595
20210112164635803	  267  292    -74     86    593
20210112164635937	  268  292    -73     86    596
20210112164636070	  268  293    -73     88    594
20210112164636237	  268  293    -73     88    594
20210112164636337	  269  292    -71     86    596
20210112164636637	  267  292    -74     86    594
20210112164636770	  268  292    -73     86    595
20210112164636903	  269  291    -71     85    595
20210112164637037	  267  292    -74     85    592
20210112164637204	  270  294    -70     89    594
20210112164637337	  267  292    -74     86    593
20210112164637470	  268  293    -73     88    594
20210112164637604	  269  292    -71     86    595
20210112164637737	  267  292    -74     86    594
20210112164637870	  270  292    -70     86    594
20210112164638004	  268  291    -73     84    593
20210112164638137	  268  292    -73     86    595
20210112164638304	  267  293    -74     87    593
20210112164638437	  267  293    -74     88    594
20210112164638571	  267  293    -74     87    592
20210112164638704	  268  291    -73     84    593
20210112164638871	  268  292    -73     86    594
20210112164639004	  269  293    -71     88    594
20210112164639137	  268  292    -73     86    594
20210112164639271	  269  293    -71     88    594
20210112164639437	  267  292    -74     85    592
20210112164639571	  268  292    -73     86    594
20210112164639704	  267  292    -74     86    594
20210112164639838	  267  291    -74     84    593
20210112164639971	  267  293    -74     88    594
20210112164640138	  267  292    -74     86    594
20210112164640271	  268  293    -73     88    594
20210112164640404	  267  292    -74     86    593
20210112164640538	  266  292    -76     86    594
20210112164640671	  267  293    -74     88    594
20210112164640838	  268  292    -73     86    596
20210112164640971	  268  291    -73     84    594
20210112164641105	  269  293    -71     88    594
20210112164641238	  268  292    -73     86    594
20210112164641371	  268  293    -73     87    593
20210112164641538	  269  293    -71     88    595
20210112164641671	  269  292    -71     86    595
20210112164641805	  268  291    -73     85    594
20210112164641938	  269  292    -71     86    595
20210112164642238	  269  293    -71     88    594
20210112164642372	  267  292    -74     86    592
20210112164642505	  268  292    -73     86    594
20210112164642672	  268  291    -73     84    594
20210112164642805	  268  292    -73     86    593
20210112164642938	  269  292    -71     86    595
20210112164643072	  268  293    -73     88    594
20210112164643238	  267  292    -74     86    594
20210112164643372	  268  292    -73     86    594
20210112164643505	  266  292    -76     86    590
20210112164643638	  278  300    -58    100    602
20210112164643772	  290  305    -40    111    618
20210112164643939	  294  308    -34    117    627
20210112164644072	  296  307    -31    116    631
20210112164644205	  299  308    -26    119    635
20210112164644339	  299  306    -26    116    639
20210112164644505	  300  304    -25    113    640
20210112164644639	  303  306    -20    117    642
20210112164644772	  306  306    -15    118    647
20210112164644905	  306  304    -15    115    653
20210112164645072	  305  303    -16    113    651
20210112164645206	  307  305    -13    117    651
20210112164645339	  307  305    -13    117    653
20210112164645472	  302  305    -21    116    645
20210112164645639	  300  303    -25    112    644
20210112164645772	  299  302    -26    110    641
20210112164645906	  295  303    -33    110    635
20210112164646039	  294  301    -34    106    630
20210112164646172	  288  303    -44    109    625
20210112164646306	  288  301    -43    105    620
20210112164646473	  285  300    -48    102    615
20210112164646739	  279  299    -57     99    607
20210112164646873	  277  297    -60     95    603
20210112164647006	  273  295    -66     92    599
20210112164647173	  271  295    -68     91    596
20210112164647306	  271  293    -69     88    599
20210112164647540	  271  293    -69     88    598
20210112164647673	  269  294    -72     90    597
20210112164647806	  269  294    -71     89    596
20210112164647940	  268  294    -73     90    596
20210112164648106	  269  294    -71     89    595
20210112164648240	  268  292    -73     86    596
20210112164648373	  267  294    -74     89    595
20210112164648506	  268  293    -73     88    596
20210112164648640	  268  294    -73     89    594
20210112164648807	  268  292    -73     86    594
20210112164648940	  269  294    -72     90    597
20210112164649073	  269  292    -71     86    595
20210112164649207	  269  292    -72     86    597
20210112164649340	  269  294    -71     89    594
20210112164649507	  268  293    -73     88    595
20210112164649640	  269  291    -72     85    597
20210112164649773	  268  293    -73     88    594
20210112164649907	  268  292    -73     86    595
20210112164650040	  268  293    -73     88    594
20210112164650207	  268  292    -73     86    595
20210112164650340	  267  293    -74     88    594
20210112164650474	  267  293    -74     88    595
20210112164650607	  268  292    -73     86    595
20210112164650740	  267  293    -74     88    593
20210112164650907	  267  292    -74     86    595
20210112164651040	  267  292    -74     86    592
20210112164651174	  269  292    -71     86    596
20210112164651307	  268  291    -73     84    593
20210112164651474	  267  293    -74     88    594
20210112164651607	  269  292    -71     86    595
20210112164651741	  267  292    -74     86    594
20210112164651874	  268  291    -73     84    594
20210112164652041	  269  292    -71     86    595
20210112164652174	  267  292    -74     86    593
20210112164652307	  269  292    -71     86    596
20210112164652441	  268  291    -73     85    595
20210112164652574	  269  294    -71     89    593
20210112164652741	  268  293    -73     88    595
20210112164652941	  267  292    -74     86    593
20210112164653074	  269  291    -71     85    594
20210112164653208	  268  291    -73     85    595
20210112164653341	  268  292    -73     86    594
20210112164653508	  267  291    -74     84    594
20210112164653641	  267  292    -74     86    593
20210112164653774	  269  293    -71     88    595
20210112164653908	  268  292    -73     86    595
20210112164654041	  267  292    -74     86    594
20210112164654208	  268  291    -73     84    593
20210112164654341	  267  292    -74     86    595
20210112164654508	  269  292    -71     86    596
20210112164654641	  268  292    -73     86    594
20210112164654775	  268  293    -73     88    594
20210112164654908	  268  292    -73     86    594
20210112164655041	  268  293    -73     88    594
20210112164655208	  267  291    -74     85    594
20210112164655341	  268  293    -73     88    595
20210112164655475	  267  292    -74     86    592
20210112164655608	  267  292    -74     86    592
20210112164655742	  268  291    -73     84    594
20210112164655908	  269  291    -71     84    594
20210112164656042	  267  292    -74     86    593
20210112164656175	  268  292    -73     86    594
20210112164656308	  268  291    -73     85    594
20210112164656475	  268  292    -73     86    594
20210112164656608	  267  292    -74     86    593
20210112164656742	  267  292    -74     86    594
20210112164656875	  269  292    -71     86    595
20210112164657042	  265  291    -77     84    593
20210112164657175	  267  292    -74     86    593
20210112164657309	  267  292    -74     86    593
20210112164657442	  267  292    -74     86    593
20210112164657575	  268  293    -73     88    595
20210112164657742	  266  292    -76     86    593
20210112164657875	  276  299    -61     98    603
20210112164658009	  289  306    -42    113    620
20210112164658142	  293  308    -35    117    624
20210112164658275	  297  306    -29    115    631
20210112164658442	  299  308    -26    119    635
20210112164658576	  301  307    -23    117    636
20210112164658709	  301  306    -23    116    640
20210112164658842	  302  305    -21    115    642
20210112164659009	  306  305    -15    116    647
20210112164659142	  305  305    -16    117    651
20210112164659276	  305  305    -16    117    651
20210112164659409	  305  304    -16    115    649
20210112164659542	  306  305    -15    117    652
20210112164659709	  303  305    -20    116    645
20210112164659842	  301  304    -23    114    645
20210112164659976	  300  303    -25    112    642
20210112164700109	  296  303    -31    111    636
20210112164700276	  293  302    -36    108    630
20210112164700409	  293  303    -36    109    627
20210112164700543	  289  300    -42    103    623
20210112164700676	  286  300    -46    102    617
20210112164700809	  283  299    -51    100    613
20210112164700976	  279  298    -57     98    608
20210112164701109	  277  297    -60     96    605
20210112164701243	  275  297    -63     95    601
20210112164701376	  270  295    -70     91    598
20210112164701510	  270  293    -70     88    596
20210112164701643	  272  294    -67     90    598
20210112164701810	  270  292    -70     86    596
20210112164701943	  269  294    -71     89    596
20210112164702076	  269  294    -71     89    596
20210112164702210	  269  292    -71     86    595
20210112164702376	  270  293    -70     88    596
20210112164702510	  268  293    -73     88    594
20210112164702643	  268  292    -73     86    595
20210112164702777	  270  293    -70     87    593
20210112164702910	  269  292    -71     86    595
20210112164703043	  268  293    -73     88    594
20210112164703210	  267  293    -74     88    594
20210112164703343	  269  292    -71     86    595
20210112164703477	  267  293    -74     87    593
20210112164703610	  269  292    -71     86    595
20210112164703777	  268  293    -73     88    595
20210112164703910	  267  293    -74     88    593
20210112164704044	  270  294    -70     89    595
20210112164704177	  267  291    -74     84    593
20210112164704344	  269  293    -71     88    594
20210112164704477	  269  292    -71     86    595
20210112164704610	  268  293    -73     88    595
20210112164704744	  270  292    -70     86    595
20210112164704877	  269  292    -71     86    595
20210112164705044	  268  293    -73     88    595
20210112164705177	  269  293    -71     88    594
20210112164705311	  267  292    -74     86    592
20210112164705444	  267  292    -74     86    595
20210112164705611	  269  292    -71     86    594
20210112164705744	  267  292    -74     86    593
20210112164705877	  267  292    -74     86    594
20210112164706011	  268  290    -73     83    594
20210112164706177	  268  291    -73     84    593
20210112164706311	  267  293    -74     87    593
20210112164706478	  267  292    -74     86    595
20210112164706611	  269  292    -71     86    595
20210112164706744	  267  293    -74     88    594
20210112164706878	  267  291    -74     84    592
20210112164707044	  268  292    -73     86    595
20210112164707178	  268  291    -73     85    594
20210112164707311	  269  293    -71     88    594
20210112164707444	  266  291    -76     84    592
20210112164707611	  268  291    -73     84    593
20210112164707745	  267  292    -74     86    593
20210112164707911	  266  292    -76     86    594
20210112164708045	  267  292    -74     86    593
20210112164708311	  269  293    -71     88    595
20210112164708478	  267  291    -74     84    592
20210112164708611	  268  291    -73     84    594
20210112164708745	  269  292    -71     86    595
20210112164709045	  268  291    -73     84    594
20210112164709312	  266  292    -75     86    592
20210112164709612	  267  292    -74     86    594
20210112164709778	  270  292    -70     86    595
20210112164709912	  267  292    -74     86    594
20210112164710212	  268  293    -73     88    594
20210112164710345	  267  291    -74     84    593
20210112164710512	  267  292    -73     86    592
20210112164710779	  269  293    -71     88    594
20210112164710945	  266  292    -76     86    592
20210112164711245	  266  292    -76     86    592
20210112164711379	  268  291    -73     84    593
20210112164711545	  266  291    -76     84    593
20210112164711679	  266  291    -76     84    591
20210112164711979	  268  291    -73     84    592
20210112164712146	  279  300    -56    100    603
20210112164712279	  289  305    -42    111    618
20210112164712446	  295  307    -32    115    623
20210112164712579	  296  307    -31    116    629
20210112164712712	  298  307    -28    117    633
20210112164712879	  299  304    -26    113    640
20210112164713012	  303  306    -19    116    637
20210112164713179	  303  305    -20    116    645
20210112164713313	  306  305    -15    116    650
20210112164713479	  305  305    -16    117    650
20210112164713613	  306  305    -15    117    651
20210112164713779	  307  305    -13    117    653
20210112164713913	  304  303    -18    113    650
20210112164714046	  301  304    -23    114    645
20210112164714213	  300  304    -25    113    643
20210112164714380	  297  304    -29    112    635
20210112164714513	  293  301    -36    107    633
20210112164714680	  290  301    -40    105    625
20210112164714813	  288  301    -43    105    621
20210112164714980	  285  299    -48    101    616
20210112164715113	  281  299    -54    100    612
20210112164715280	  278  297    -59     96    610
20210112164715446	  276  297    -61     95    602
20210112164715580	  271  294    -69     90    599
20210112164715713	  269  294    -71     89    595
20210112164715880	  271  295    -69     91    598
20210112164716013	  270  294    -70     89    596
20210112164716180	  268  293    -73     88    596
20210112164716313	  270  292    -70     86    597
20210112164716480	  270  293    -70     88    594
20210112164716647	  270  293    -70     88    595
20210112164716780	  269  294    -71     89    595
20210112164716947	  269  293    -71     88    593
20210112164717080	  268  292    -73     86    596
20210112164717247	  268  293    -73     88    595
20210112164717380	  268  292    -73     86    594
20210112164717547	  269  292    -71     86    596
20210112164717714	  266  292    -76     86    593
20210112164717847	  269  292    -71     86    596
20210112164718014	  267  293    -74     88    594
20210112164718147	  268  292    -73     86    593
20210112164718314	  269  292    -71     86    595
20210112164718481	  268  292    -73     86    595
20210112164718614	  268  293    -73     87    593
20210112164718781	  268  293    -73     88    593
20210112164718947	  268  292    -73     86    594
20210112164719081	  268  292    -73     86    595
20210112164719247	  268  292    -73     86    594
20210112164719381	  268  293    -73     88    593
20210112164719548	  269  292    -71     86    595
20210112164719714	  268  293    -73     88    594
20210112164719848	  269  292    -71     86    595
20210112164720014	  267  292    -74     86    594
20210112164720181	  268  293    -73     88    595
20210112164720314	  267  292    -74     86    593
20210112164720481	  267  292    -74     86    594
20210112164720614	  267  292    -74     86    594
20210112164720781	  269  293    -71     88    595
20210112164720915	  268  293    -73     88    594
20210112164721081	  267  292    -74     86    593
20210112164721248	  268  293    -73     88    594
20210112164721381	  269  290    -72     83    596
20210112164721548	  267  292    -74     86    595
20210112164721715	  267  292    -74     86    592
20210112164721881	  268  291    -73     85    594
20210112164722015	  267  291    -74     84    593
20210112164722182	  267  292    -74     86    593
20210112164722348	  266  291    -76     84    593
20210112164722482	  266  293    -76     88    593
20210112164722648	  268  292    -73     86    592
20210112164722815	  269  293    -71     88    595
20210112164722948	  266  292    -75     85    592
20210112164723115	  268  292    -73     86    595
20210112164723282	  267  292    -74     86    594
20210112164723415	  266  292    -76     86    593
20210112164723582	  268  292    -73     86    595
20210112164723749	  266  290    -76     83    593
20210112164723882	  267  293    -74     88    595
20210112164724049	  268  293    -73     88    594
20210112164724215	  267  291    -74     85    594
20210112164724349	  266  292    -76     86    592
20210112164724515	  267  291    -74     84    593
20210112164724682	  266  292    -76     86    594
20210112164724816	  266  292    -76     86    592
20210112164724982	  267  291    -74     85    595
20210112164725149	  267  291    -74     84    593
20210112164725282	  266  292    -76     86    592
20210112164725449	  266  291    -76     84    593
20210112164725616	  268  291    -73     84    594
20210112164725782	  267  291    -74     84    594
20210112164725916	  267  291    -74     84    594
20210112164726083	  266  292    -76     86    594
20210112164726249	  266  292    -76     86    593
20210112164726383	  277  299    -60     98    602
20210112164726549	  290  307    -40    115    621
20210112164726716	  294  308    -34    117    625
20210112164726849	  296  306    -31    115    631
20210112164727016	  299  307    -26    117    636
20210112164727149	  301  306    -23    116    640
20210112164727316	  300  305    -25    115    642
20210112164727483	  305  304    -16    115    649
20210112164727616	  306  305    -15    117    651
20210112164727783	  306  305    -15    117    652
20210112164727950	  307  305    -13    117    653
20210112164728083	  307  305    -13    117    652
20210112164728250	  301  304    -23    114    646
20210112164728416	  298  304    -28    113    642
20210112164728583	  297  303    -30    111    638
20210112164728717	  295  304    -32    111    630
20210112164728883	  292  302    -37    107    627
20210112164729050	  288  301    -43    105    621
20210112164729217	  287  301    -45    104    615
20210112164729350	  282  299    -53    100    612
20210112164729517	  278  297    -58     96    607
20210112164729683	  276  296    -61     94    603
20210112164729817	  272  295    -67     91    598
20210112164729984	  268  294    -73     89    595
20210112164730150	  272  293    -67     88    598
20210112164730317	  268  293    -73     88    594
20210112164730450	  270  294    -70     90    597
20210112164730617	  269  293    -71     87    593
20210112164730784	  269  294    -71     89    595
20210112164730950	  269  292    -71     86    596
20210112164731084	  268  293    -73     88    594
20210112164731251	  268  292    -73     86    596
20210112164731417	  268  293    -73     88    595
20210112164731551	  268  293    -73     88    594
20210112164731717	  269  290    -71     83    595
20210112164731884	  267  292    -74     86    594
20210112164732017	  269  292    -71     86    595
20210112164732184	  268  291    -73     84    593
20210112164732351	  268  292    -73     86    595
20210112164732517	  269  292    -71     86    594
20210112164732651	  269  293    -71     88    595
20210112164732818	  269  291    -71     85    595
20210112164732984	  268  292    -73     86    596
20210112164733118	  267  291    -74     84    593
20210112164733284	  267  292    -74     86    593
20210112164733451	  269  293    -71     88    594
20210112164733618	  267  292    -74     86    593
20210112164733751	  267  291    -74     84    593
20210112164733918	  267  291    -74     84    593
20210112164734085	  267  291    -74     84    593
20210112164734218	  268  291    -73     84    594
20210112164734385	  268  291    -73     85    594
20210112164734551	  269  293    -71     88    594
20210112164734685	  268  291    -73     84    594
20210112164734851	  268  292    -73     86    593
20210112164735018	  268  292    -73     86    594
20210112164735185	  268  292    -73     86    594
20210112164735318	  268  291    -73     85    595
20210112164735485	  267  291    -74     84    592
20210112164735652	  269  292    -71     86    594
20210112164735785	  266  291    -76     84    592
20210112164735952	  267  291    -74     84    593
20210112164736118	  268  292    -73     86    593
20210112164736252	  267  291    -74     84    593
20210112164736418	  266  291    -76     84    592
20210112164736585	  267  291    -74     84    594
20210112164736752	  268  291    -73     84    593
20210112164736885	  267  291    -74     84    592
20210112164737052	  268  291    -73     84    593
20210112164737219	  266  291    -75     84    592
20210112164737352	  268  291    -73     85    594
20210112164737519	  267  291    -74     84    593
20210112164737685	  266  292    -76     86    592
20210112164737819	  267  291    -74     84    592
20210112164737986	  267  291    -74     84    593
20210112164738152	  267  292    -74     86    592
20210112164738286	  267  291    -74     84    593
20210112164738452	  267  291    -74     84    594
20210112164738619	  266  291    -76     84    593
20210112164738786	  266  291    -76     84    592
20210112164738919	  267  291    -74     84    592
20210112164739086	  266  292    -76     86    594
20210112164739253	  267  291    -74     85    595
20210112164739386	  266  291    -76     84    591
20210112164739553	  266  291    -75     84    591
20210112164739719	  268  291    -73     84    593
20210112164739853	  268  290    -73     83    593
20210112164740019	  266  292    -75     86    592
20210112164740186	  268  291    -73     84    592
20210112164740320	  266  292    -76     86    592
20210112164740486	  267  291    -74     84    593
20210112164740653	  281  301    -54    102    607
20210112164740786	  289  305    -42    111    619
20210112164740953	  295  306    -32    114    625
20210112164741120	  296  307    -31    117    632
20210112164741286	  298  307    -28    118    636
20210112164741420	  299  306    -26    116    639
20210112164741586	  301  303    -23    112    643
20210112164741753	  305  304    -16    114    646
20210112164741887	  307  305    -13    117    652
20210112164742053	  306  305    -15    116    649
20210112164742220	  306  304    -15    115    653
20210112164742387	  304  305    -18    117    650
20210112164742520	  301  303    -23    112    644
20210112164742687	  300  304    -25    113    642
20210112164742853	  296  303    -31    111    637
20210112164743020	  293  301    -36    106    630
20210112164743220	  289  301    -42    105    622
20210112164743387	  285  301    -48    104    618
20210112164743554	  281  300    -54    102    612
20210112164743720	  279  297    -57     96    610
20210112164743887	  276  295    -61     92    604
20210112164744054	  270  294    -70     90    600
20210112164744220	  270  293    -70     88    595
20210112164744387	  270  294    -70     90    598
20210112164744554	  270  294    -70     89    594
20210112164744721	  269  293    -71     88    595
20210112164744887	  270  294    -70     89    595
20210112164745054	  268  293    -73     88    595
20210112164745254	  270  293    -70     88    595
20210112164745421	  268  293    -73     88    594
20210112164745554	  269  292    -71     86    596
20210112164745721	  267  293    -74     87    593
20210112164745921	  268  291    -73     85    595
20210112164746088	  268  293    -73     88    595
20210112164746254	  267  292    -74     86    595
20210112164746454	  268  293    -73     88    595
20210112164746621	  267  291    -74     84    594
20210112164746788	  268  293    -73     88    595
20210112164746954	  267  291    -74     84    594
20210112164747121	  270  293    -70     87    593
20210112164747288	  269  292    -71     86    596
20210112164747488	  268  293    -73     88    594
20210112164747655	  267  293    -74     88    595
20210112164747821	  270  292    -70     86    594
20210112164747955	  266  292    -76     86    593
20210112164748121	  269  293    -71     88    594
20210112164748321	  267  291    -74     85    594
20210112164748488	  267  292    -74     86    593
20210112164748655	  267  291    -74     84    594
20210112164748788	  268  291    -73     85    594
20210112164748955	  268  291    -73     85    594
20210112164749288	  267  292    -74     86    592
20210112164749488	  266  292    -76     86    593
20210112164749655	  267  292    -75     86    596
20210112164749822	  267  292    -74     86    595
20210112164750022	  266  292    -76     86    592
20210112164750189	  267  291    -74     85    595
20210112164750322	  267  292    -74     86    593
20210112164750522	  267  291    -75     85    596
20210112164750689	  269  293    -71     88    596
20210112164750822	  266  292    -76     86    594
20210112164751022	  266  291    -76     84    593
20210112164751189	  269  292    -71     86    595
20210112164751322	  265  291    -77     84    592
20210112164751522	  266  292    -76     86    592
20210112164751689	  267  291    -74     85    594
20210112164751989	  266  291    -75     84    592
20210112164752189	  266  292    -76     86    590
20210112164752356	  267  292    -74     86    595
20210112164752489	  265  291    -77     84    590
20210112164752689	  266  291    -76     84    593
20210112164752856	  266  291    -76     84    592
20210112164753023	  266  292    -76     86    594
20210112164753189	  266  292    -76     86    592
20210112164753356	  267  292    -74     86    593
20210112164753523	  267  292    -74     86    592
20210112164753689	  265  291    -77     84    593
20210112164753856	  268  292    -73     86    595
20210112164754056	  267  291    -74     84    594
20210112164754223	  267  291    -74     84    594
20210112164754356	  266  290    -76     83    594
20210112164754556	  267  292    -74     86    593
20210112164754723	  266  291    -76     84    592
20210112164754890	  280  301    -55    102    605
20210112164755056	  289  307    -42    114    620
20210112164755223	  295  307    -32    115    626
20210112164755390	  297  308    -29    118    630
20210112164755590	  300  305    -24    114    638
20210112164755723	  300  304    -25    113    642
20210112164755923	  303  303    -20    112    645
20210112164756090	  306  303    -15    114    654
20210112164756257	  305  304    -16    115    650
20210112164756423	  305  303    -16    113    652
20210112164756623	  308  303    -11    114    654
20210112164756790	  307  305    -13    117    653
20210112164756990	  308  305    -11    117    651
20210112164757157	  307  305    -13    117    654
20210112164757324	  308  304    -11    115    653
20210112164757490	  307  305    -13    117    655
20210112164757657	  306  303    -15    114    654
20210112164757824	  306  304    -15    116    655
20210112164757990	  307  305    -13    117    655
20210112164758157	  307  305    -13    117    654
20210112164758324	  306  303    -15    114    655
20210112164758491	  307  304    -13    116    655
20210112164758657	  307  304    -13    116    655
20210112164758824	  306  305    -15    117    654
20210112164758991	  308  305    -11    117    654
20210112164759157	  306  305    -15    118    656
20210112164759324	  306  305    -15    117    654
20210112164759491	  307  305    -13    118    656
20210112164759658	  308  304    -11    117    659
20210112164759824	  309  305    -10    118    657
20210112164800024	  310  305     -8    118    657
20210112164800191	  309  305    -10    118    656
20210112164800358	  309  304    -10    116    656
20210112164800524	  309  305    -10    117    655
20210112164800691	  308  303    -11    114    657
20210112164800858	  307  305    -13    117    655
20210112164801125	  307  305    -13    118    657
20210112164801291	  310  303     -8    114    657
20210112164801458	  309  304    -10    116    657
20210112164801625	  308  305    -11    118    656
20210112164801791	  307  304    -13    116    657
20210112164801958	  308  304    -11    116    655
20210112164802125	  307  304    -13    116    656
20210112164802325	  309  305    -10    118    656
20210112164802492	  308  305    -11    118    656
20210112164802658	  307  305    -13    118    656
20210112164802925	  308  305    -11    118    656
20210112164803092	  309  305    -10    118    656
20210112164803258	  308  305    -11    118    656
20210112164803425	  307  303    -13    114    656
20210112164803592	  309  304    -10    116    657
20210112164803859	  309  304    -10    116    656
