20210112164456464	  306  268    -15     55    674
20210112164456563	  307  268    -13     55    673
20210112164456662	  306  268    -15     55    674
20210112164456695	  307  268    -13     55    674
20210112164456728	  306  268    -15     55    673
20210112164456827	  306  268    -15     55    674
20210112164456861	  307  268    -13     55    673
20210112164456894	  306  268    -15     55    673
20210112164456927	  306  268    -15     55    673
20210112164456960	  306  268    -15     55    674
20210112164456993	  306  267    -15     53    673
20210112164457093	  307  268    -13     55    674
20210112164457159	  306  269    -15     57    673
20210112164457192	  307  268    -13     55    673
20210112164457293	  306  268    -15     55    673
20210112164457395	  306  269    -15     57    673
20210112164457429	  307  268    -13     55    673
20210112164457496	  307  267    -14     53    674
20210112164457529	  306  268    -15     55    673
20210112164457563	  307  267    -13     53    674
20210112164457663	  308  268    -12     55    673
20210112164457697	  307  269    -13     57    673
20210112164457730	  306  269    -15     57    674
20210112164457764	  307  270    -13     59    673
20210112164457830	  308  269    -12     57    673
20210112164457897	  307  269    -13     57    674
20210112164457930	  307  269    -13     57    672
20210112164457930	  306  269    -15     57    673
20210112164458030	  308  269    -12     57    673
20210112164458063	  308  269    -12     57    674
20210112164458097	  308  269    -12     57    673
20210112164458130	  307  268    -13     55    673
20210112164458163	  308  267    -12     53    674
20210112164458230	  308  269    -12     57    673
20210112164458329	  307  269    -13     57    673
20210112164458362	  307  268    -13     55    674
20210112164458395	  308  269    -12     57    673
20210112164458429	  307  268    -13     55    673
20210112164458462	  307  269    -13     57    673
20210112164458495	  307  269    -13     57    673
20210112164458561	  308  268    -12     55    674
20210112164458594	  307  269    -13     57    673
20210112164458660	  307  268    -13     55    673
20210112164458693	  308  268    -12     55    673
20210112164458726	  307  269    -13     57    673
20210112164458792	  307  269    -13     57    672
20210112164458826	  307  268    -13     55    673
20210112164458859	  308  269    -12     57    673
20210112164458926	  307  269    -13     57    673
20210112164458959	  308  269    -12     57    673
20210112164458992	  307  269    -13     57    673
20210112164459025	  307  268    -13     55    672
20210112164459192	  307  269    -13     57    673
20210112164459258	  306  268    -15     55    673
20210112164459424	  307  269    -13     57    673
20210112164459458	  306  268    -15     55    672
20210112164459491	  307  269    -13     57    673
20210112164459590	  307  269    -13     57    673
20210112164459657	  308  270    -12     59    674
20210112164459723	  306  268    -15     55    673
20210112164459756	  307  269    -13     57    673
20210112164459823	  307  268    -13     55    673
20210112164459889	  307  269    -13     57    673
20210112164459922	  308  268    -12     55    674
20210112164459988	  307  269    -13     57    673
20210112164500022	  307  269    -13     57    672
20210112164500121	  307  269    -13     57    673
20210112164500154	  306  268    -15     55    674
20210112164500187	  307  268    -13     55    674
20210112164500220	  307  268    -13     55    673
20210112164500253	  307  269    -13     57    673
20210112164500287	  308  269    -12     57    674
20210112164500320	  307  269    -13     57    673
20210112164500353	  307  269    -13     57    674
20210112164500386	  307  269    -13     57    673
20210112164500485	  307  269    -13     57    673
20210112164500518	  306  268    -15     55    673
20210112164500584	  306  268    -15     55    673
20210112164500650	  306  268    -15     55    674
20210112164500716	  307  267    -13     53    673
20210112164500782	  307  269    -13     57    673
20210112164500816	  307  269    -13     57    673
20210112164500849	  308  270    -12     59    673
20210112164500882	  307  268    -13     55    673
20210112164500915	  308  269    -12     57    673
20210112164500982	  307  268    -13     55    673
20210112164501048	  307  269    -13     57    673
20210112164501082	  307  269    -13     57    673
20210112164501115	  307  269    -13     57    672
20210112164501148	  307  268    -13     55    673
20210112164501214	  306  268    -15     55    672
20210112164501248	  307  268    -13     55    674
20210112164501281	  307  268    -13     55    673
20210112164501314	  308  269    -12     57    674
20210112164501347	  306  268    -15     55    673
20210112164501414	  307  269    -13     57    673
20210112164501513	  307  268    -13     55    673
20210112164501580	  307  268    -13     55    673
20210112164501646	  307  268    -13     55    673
20210112164501712	  307  269    -13     57    673
20210112164501746	  307  269    -13     57    673
20210112164501812	  307  269    -13     57    672
20210112164501879	  307  268    -13     55    673
20210112164501912	  307  268    -13     55    674
20210112164501945	  307  269    -13     57    673
20210112164501979	  307  269    -13     57    673
20210112164502145	  307  268    -13     55    673
20210112164502179	  306  268    -15     55    674
20210112164502245	  307  268    -13     55    673
20210112164502279	  307  268    -13     55    674
20210112164502312	  306  268    -15     55    673
20210112164502345	  307  269    -13     57    673
20210112164502412	  307  268    -13     55    673
20210112164502445	  308  268    -12     55    674
20210112164502512	  307  268    -13     55    673
20210112164502545	  307  268    -13     55    673
20210112164502612	  306  268    -15     55    673
20210112164502645	  307  269    -13     57    673
20210112164502678	  307  268    -13     55    674
20210112164502778	  307  268    -13     55    674
20210112164502811	  307  266    -13     52    674
20210112164502845	  307  268    -13     55    673
20210112164502911	  306  268    -15     55    673
20210112164502945	  306  268    -15     55    674
20210112164502978	  307  269    -13     57    674
20210112164503045	  307  268    -13     55    673
20210112164503045	  307  269    -13     57    673
20210112164503178	  307  268    -13     55    674
20210112164503211	  306  268    -15     55    673
20210112164503278	  308  268    -12     55    673
20210112164503311	  307  268    -13     55    673
20210112164503344	  307  268    -13     55    674
20210112164503378	  307  269    -13     57    673
20210112164503411	  307  268    -13     55    674
20210112164503444	  308  268    -12     55    674
20210112164503544	  308  268    -12     55    674
20210112164503611	  307  269    -13     57    673
20210112164503678	  307  268    -13     55    674
20210112164503711	  307  268    -13     55    673
20210112164503778	  307  269    -13     57    674
20210112164503778	  308  268    -12     55    674
20210112164503844	  307  268    -13     55    673
20210112164503878	  307  269    -13     57    674
20210112164503911	  306  268    -15     55    674
20210112164503944	  307  269    -13     57    673
20210112164504011	  308  269    -12     57    673
20210112164504044	  307  268    -13     55    673
20210112164504111	  307  269    -13     57    673
20210112164504144	  307  269    -13     57    673
20210112164504211	  307  269    -13     57    673
20210112164504244	  308  269    -12     57    673
20210112164504278	  307  268    -13     55    673
20210112164504311	  307  269    -13     57    674
20210112164504344	  307  269    -13     57    673
20210112164504378	  307  268    -13     55    673
20210112164504444	  307  268    -13     55    673
20210112164504511	  307  268    -13     55    673
20210112164504544	  307  268    -13     55    673
20210112164504644	  306  268    -15     55    673
20210112164504677	  307  268    -13     55    673
20210112164504711	  307  268    -13     55    673
20210112164504744	  307  268    -13     55    673
20210112164504744	  307  268    -13     55    673
20210112164504811	  307  269    -13     57    673
20210112164504844	  308  269    -12     57    673
20210112164504877	  307  268    -13     55    673
20210112164504911	  307  267    -13     53    674
20210112164504944	  308  269    -12     57    674
20210112164505011	  307  268    -13     55    672
20210112164505044	  307  269    -13     57    673
20210112164505077	  307  268    -13     55    673
20210112164505111	  307  269    -13     57    673
20210112164505144	  307  268    -13     55    673
20210112164505177	  307  268    -13     55    674
20210112164505211	  306  268    -15     55    672
20210112164505277	  307  269    -13     57    672
20210112164505344	  306  268    -15     55    673
20210112164505411	  307  268    -13     55    673
20210112164505444	  307  268    -13     55    672
20210112164505477	  307  268    -13     55    673
20210112164505544	  307  268    -13     55    673
20210112164505611	  307  267    -13     53    673
20210112164505677	  305  268    -17     55    672
20210112164505711	  304  268    -19     55    670
20210112164505777	  304  269    -19     56    667
20210112164505811	  304  269    -19     56    667
20210112164505877	  303  269    -20     56    667
20210112164505944	  301  268    -24     54    664
20210112164505977	  301  268    -24     54    664
20210112164506044	  300  268    -26     54    664
20210112164506077	  299  267    -27     52    662
20210112164506111	  299  268    -27     54    661
20210112164506144	  299  267    -27     52    660
20210112164506177	  299  268    -27     54    659
20210112164506244	  295  268    -34     54    657
20210112164506277	  294  268    -36     54    656
20210112164506311	  294  267    -36     52    655
20210112164506377	  295  268    -34     53    655
20210112164506411	  293  267    -37     52    654
20210112164506444	  293  268    -37     53    654
20210112164506477	  291  266    -41     50    653
20210112164506577	  290  266    -42     50    650
20210112164506677	  289  266    -44     49    647
20210112164506711	  289  266    -44     49    647
20210112164506744	  287  265    -47     48    645
20210112164506777	  286  265    -49     47    644
20210112164506811	  286  265    -48     47    644
20210112164506944	  284  265    -52     47    639
20210112164507044	  281  263    -56     44    636
20210112164507077	  280  263    -58     44    636
20210112164507111	  279  263    -60     44    636
20210112164507211	  278  263    -61     43    634
20210112164507277	  277  261    -63     40    633
20210112164507311	  276  261    -64     40    631
20210112164507377	  274  260    -67     38    628
20210112164507477	  272  259    -70     36    625
20210112164507677	  274  261    -67     40    627
20210112164507744	  273  259    -69     36    627
20210112164507777	  272  259    -71     36    625
20210112164507844	  273  259    -69     36    625
20210112164507877	  273  259    -69     36    625
20210112164507911	  274  260    -68     38    625
20210112164507944	  273  260    -68     38    624
20210112164507977	  273  259    -68     36    625
20210112164508011	  272  260    -70     38    624
20210112164508077	  272  260    -70     38    624
20210112164508111	  272  259    -70     36    625
20210112164508177	  271  259    -72     36    625
20210112164508211	  271  259    -72     36    624
20210112164508277	  272  259    -70     36    625
20210112164508311	  272  259    -71     36    625
20210112164508344	  272  259    -70     36    625
20210112164508377	  272  260    -70     38    625
20210112164508411	  271  258    -72     34    624
20210112164508477	  271  259    -72     36    624
20210112164508511	  271  259    -71     36    623
20210112164508577	  272  257    -70     33    623
20210112164508611	  271  259    -72     36    623
20210112164508644	  273  259    -69     36    624
20210112164508744	  271  259    -72     36    626
20210112164508777	  271  258    -72     35    626
20210112164508810	  270  258    -73     35    625
20210112164508877	  271  259    -71     36    623
20210112164508911	  271  258    -71     34    623
20210112164509011	  271  258    -72     34    623
20210112164509045	  271  259    -72     36    624
20210112164509078	  270  258    -73     34    625
20210112164509112	  271  259    -72     36    625
20210112164509145	  269  259    -75     36    624
20210112164509178	  271  258    -72     34    623
20210112164509212	  271  258    -71     34    622
20210112164509245	  270  258    -73     34    623
20210112164509312	  270  257    -73     33    623
20210112164509346	  270  259    -73     36    623
20210112164509379	  269  258    -75     34    624
20210112164509379	  270  259    -73     36    623
20210112164509446	  270  258    -73     34    623
20210112164509480	  268  258    -77     34    623
20210112164509513	  269  257    -75     33    624
20210112164509547	  270  259    -73     36    624
20210112164509580	  270  259    -73     36    623
20210112164509647	  270  259    -73     36    623
20210112164509681	  270  259    -73     36    622
20210112164509748	  270  259    -73     36    623
20210112164509748	  270  259    -73     36    623
20210112164509881	  269  257    -75     33    622
20210112164509915	  269  257    -75     33    622
20210112164509948	  270  259    -73     36    623
20210112164509982	  270  259    -73     36    623
20210112164510048	  270  259    -74     36    624
20210112164510082	  270  259    -73     36    622
20210112164510148	  269  258    -75     34    622
20210112164510182	  270  258    -73     34    623
20210112164510215	  270  259    -73     36    623
20210112164510215	  271  258    -72     34    623
20210112164510282	  270  258    -73     34    622
20210112164510282	  268  258    -76     34    622
20210112164510348	  269  258    -75     34    622
20210112164510415	  269  258    -75     34    622
20210112164510482	  270  257    -73     33    622
20210112164510548	  269  257    -75     33    622
20210112164510582	  269  257    -75     33    623
20210112164510615	  270  258    -73     34    623
20210112164510682	  270  257    -73     33    622
20210112164510748	  269  257    -75     33    623
20210112164510782	  270  258    -73     34    623
20210112164510915	  270  257    -73     33    623
20210112164510948	  270  259    -73     36    623
20210112164511048	  269  257    -75     33    622
20210112164511082	  270  257    -73     33    622
20210112164511215	  271  258    -71     34    623
20210112164511249	  271  258    -72     34    623
20210112164511249	  269  257    -75     33    624
20210112164511382	  270  257    -73     33    621
20210112164511582	  269  257    -75     33    622
20210112164511782	  269  258    -74     34    620
20210112164511949	  267  257    -78     33    622
20210112164512149	  268  257    -76     33    622
20210112164512349	  269  258    -75     34    623
20210112164512549	  268  257    -76     33    621
20210112164512716	  269  257    -75     33    621
20210112164512882	  269  258    -75     34    622
20210112164513082	  269  256    -75     31    621
20210112164513282	  269  258    -75     34    623
20210112164513482	  267  257    -78     33    621
20210112164513582	  268  257    -76     33    621
20210112164513782	  266  257    -79     33    621
20210112164513949	  268  257    -76     33    621
20210112164514149	  266  257    -79     33    620
20210112164514316	  269  257    -75     33    622
20210112164514483	  267  256    -78     31    619
20210112164514716	  269  257    -75     33    621
20210112164514816	  269  256    -75     31    621
20210112164514983	  269  257    -75     33    622
20210112164515183	  266  256    -79     31    618
20210112164515350	  268  257    -76     33    621
20210112164515550	  267  256    -78     31    619
20210112164515716	  268  257    -76     33    620
20210112164515916	  268  257    -76     33    622
20210112164516150	  268  257    -76     33    621
20210112164516316	  267  256    -78     31    619
20210112164516517	  268  257    -76     33    621
20210112164516583	  266  256    -79     31    619
20210112164516650	  268  256    -76     31    619
20210112164516850	  268  257    -76     33    619
20210112164516983	  267  256    -78     31    621
20210112164517183	  268  256    -76     31    621
20210112164517383	  266  256    -79     31    619
20210112164517583	  266  257    -79     33    621
20210112164517750	  268  257    -76     33    621
20210112164517950	  267  256    -78     31    619
20210112164518150	  277  263    -62     43    627
20210112164518317	  288  270    -45     56    645
20210112164518517	  296  272    -32     60    651
20210112164518684	  297  271    -30     59    657
20210112164518884	  299  270    -27     58    661
20210112164519084	  301  270    -24     58    664
20210112164519284	  304  269    -19     57    671
20210112164519484	  304  268    -19     55    673
20210112164519651	  305  269    -17     57    673
20210112164519751	  306  269    -15     57    675
20210112164519951	  303  269    -20     56    670
20210112164520184	  300  268    -26     54    666
20210112164520351	  296  268    -32     54    660
20210112164520551	  294  267    -36     52    655
20210112164520784	  289  265    -44     48    649
20210112164520951	  286  265    -49     47    644
20210112164521051	  283  263    -53     44    639
20210112164521118	  281  262    -56     42    638
20210112164521184	  280  262    -58     42    636
20210112164521218	  279  262    -60     42    636
20210112164521251	  280  263    -58     43    635
20210112164521351	  278  260    -61     38    635
20210112164521384	  277  262    -63     42    632
20210112164521518	  273  259    -69     36    627
20210112164521551	  274  260    -67     38    626
20210112164521718	  270  257    -73     33    624
20210112164521918	  271  258    -72     34    624
20210112164521985	  270  258    -73     34    623
20210112164522018	  269  258    -75     34    623
20210112164522085	  270  258    -73     34    623
20210112164522185	  270  258    -73     34    622
20210112164522251	  269  257    -75     33    624
20210112164522318	  268  257    -76     33    623
20210112164522385	  269  257    -75     33    622
20210112164522518	  269  257    -75     33    623
20210112164522551	  268  258    -76     34    623
20210112164522585	  269  258    -75     34    622
20210112164522651	  268  257    -76     33    622
20210112164522718	  268  257    -76     33    622
20210112164522785	  268  257    -76     33    622
20210112164522885	  269  258    -75     34    621
20210112164522918	  267  257    -78     33    621
20210112164523018	  269  256    -75     31    623
20210112164523151	  268  257    -76     33    622
20210112164523285	  269  257    -75     33    623
20210112164523385	  268  257    -76     33    621
20210112164523418	  266  257    -80     33    622
20210112164523452	  269  257    -75     33    622
20210112164523618	  269  257    -75     33    622
20210112164523852	  268  256    -76     31    622
20210112164524085	  268  256    -76     31    622
20210112164524285	  267  256    -78     31    619
20210112164524518	  268  256    -76     31    622
20210112164524719	  267  256    -78     31    621
20210112164524752	  267  256    -78     31    621
20210112164524952	  267  257    -78     33    620
20210112164525185	  268  257    -76     33    621
20210112164525419	  267  256    -78     31    620
20210112164525619	  266  257    -79     33    621
20210112164525752	  268  258    -76     34    622
20210112164525986	  268  256    -76     31    619
20210112164526119	  269  257    -75     33    622
20210112164526352	  266  256    -79     31    619
20210112164526552	  267  257    -78     33    620
20210112164526752	  267  255    -78     29    621
20210112164526986	  267  256    -78     31    619
20210112164527219	  266  256    -79     31    619
20210112164527486	  266  256    -79     31    620
20210112164527686	  267  256    -78     31    619
20210112164527819	  266  255    -79     29    619
20210112164528053	  267  257    -78     33    619
20210112164528286	  266  257    -79     33    621
20210112164528486	  265  256    -81     31    618
20210112164528686	  267  257    -78     33    619
20210112164528920	  266  256    -79     31    619
20210112164529153	  266  255    -79     29    619
20210112164529386	  265  256    -81     31    618
20210112164529587	  265  255    -81     29    619
20210112164529787	  265  255    -81     29    618
20210112164530020	  265  255    -81     29    618
20210112164530253	  266  256    -79     31    619
20210112164530487	  266  255    -79     29    619
20210112164530687	  267  256    -78     31    619
20210112164530753	  267  256    -77     31    618
20210112164530953	  266  256    -79     31    619
20210112164531187	  267  256    -77     31    618
20210112164531387	  267  254    -78     28    620
20210112164531620	  266  256    -79     31    617
20210112164531820	  267  257    -78     33    620
20210112164532054	  267  256    -77     31    618
20210112164532287	  267  254    -78     28    619
20210112164532487	  285  266    -50     49    640
20210112164532721	  295  272    -34     60    651
20210112164532921	  296  272    -32     61    657
20210112164533154	  298  271    -29     59    664
20210112164533387	  301  269    -24     56    668
20210112164533587	  305  267    -17     53    671
20210112164533821	  305  270    -17     58    672
20210112164533921	  305  269    -17     57    673
20210112164534121	  305  269    -17     57    675
20210112164534154	  305  270    -17     59    674
20210112164534288	  301  269    -24     56    667
20210112164534388	  300  269    -26     56    669
20210112164534588	  296  268    -32     54    660
20210112164534821	  292  267    -39     52    656
20210112164535021	  288  265    -45     48    648
20210112164535221	  283  264    -53     46    642
20210112164535488	  279  262    -60     42    637
20210112164535721	  275  260    -65     38    627
20210112164535855	  270  259    -74     36    626
20210112164535888	  270  258    -74     34    624
20210112164535988	  269  258    -75     34    624
20210112164536021	  269  257    -75     33    624
20210112164536055	  269  257    -75     33    624
20210112164536255	  268  257    -76     33    622
20210112164536488	  269  257    -75     33    622
20210112164536722	  269  257    -75     33    622
20210112164536922	  267  258    -78     34    621
20210112164537155	  267  256    -78     31    621
20210112164537355	  267  255    -78     29    623
20210112164537588	  266  256    -79     31    619
20210112164537822	  267  257    -78     33    622
20210112164538022	  267  257    -78     33    619
20210112164538255	  266  256    -79     31    621
20210112164538455	  266  255    -79     29    619
20210112164538689	  267  257    -78     33    619
20210112164538889	  267  257    -78     33    620
20210112164539122	  267  256    -77     31    617
20210112164539356	  267  256    -78     31    620
20210112164539789	  265  256    -81     31    619
20210112164540256	  266  256    -79     31    619
20210112164540489	  265  255    -81     29    618
20210112164540723	  267  256    -78     31    620
20210112164540923	  267  256    -78     31    619
20210112164541156	  267  256    -78     31    619
20210112164541356	  267  257    -78     33    621
20210112164541590	  267  257    -78     33    620
20210112164541823	  267  255    -78     29    619
20210112164542023	  266  256    -79     31    619
20210112164542223	  266  256    -79     31    619
20210112164542456	  266  256    -79     31    618
20210112164542690	  266  256    -79     31    619
20210112164542857	  267  256    -78     31    620
20210112164543057	  267  256    -78     31    620
20210112164543523	  266  257    -79     33    619
20210112164543757	  268  257    -76     33    620
20210112164543957	  266  256    -79     31    619
20210112164544157	  266  255    -79     29    619
20210112164544424	  267  257    -78     33    619
20210112164544624	  267  256    -78     31    619
20210112164544857	  265  256    -81     31    618
20210112164545024	  266  256    -79     31    619
20210112164545224	  265  255    -81     29    617
20210112164545457	  266  254    -79     28    617
20210112164545691	  266  255    -79     29    619
20210112164545891	  265  255    -81     29    617
20210112164546024	  264  256    -82     31    617
20210112164546257	  264  255    -82     29    617
20210112164546491	  266  255    -79     29    619
20210112164546724	  285  267    -50     51    639
20210112164546924	  292  272    -39     60    649
20210112164547124	  294  271    -35     59    653
20210112164547291	  297  271    -31     59    659
20210112164547491	  299  270    -27     58    664
20210112164547724	  302  269    -22     56    667
20210112164548124	  304  268    -19     55    671
20210112164548591	  300  269    -26     56    667
20210112164548825	  297  268    -31     54    659
20210112164548958	  293  267    -37     52    656
20210112164549058	  293  267    -37     52    653
20210112164549125	  291  267    -40     51    651
20210112164549291	  287  263    -47     44    647
20210112164549391	  285  265    -50     47    643
20210112164549491	  284  264    -52     46    641
20210112164549625	  280  264    -58     45    637
20210112164549725	  278  262    -61     42    634
20210112164549825	  276  261    -64     40    631
20210112164549958	  274  260    -67     38    626
20210112164550058	  270  258    -73     34    624
20210112164550158	  269  258    -75     34    623
20210112164550258	  268  257    -76     33    622
20210112164550392	  270  258    -73     34    622
20210112164550492	  268  257    -76     33    622
20210112164550592	  267  256    -78     31    621
20210112164550725	  268  257    -76     33    619
20210112164550825	  267  257    -78     33    619
20210112164550925	  267  256    -78     31    621
20210112164551058	  269  257    -75     33    621
20210112164551158	  266  257    -79     33    621
20210112164551259	  268  257    -76     33    622
20210112164551392	  268  257    -76     33    620
20210112164551492	  267  257    -78     33    620
20210112164551592	  267  257    -78     33    620
20210112164551725	  268  257    -76     33    621
20210112164551825	  266  256    -79     31    620
20210112164551925	  267  256    -78     31    621
20210112164552059	  267  257    -78     33    619
20210112164552159	  266  256    -79     31    618
20210112164552259	  267  257    -78     33    620
20210112164552392	  267  255    -78     29    620
20210112164552492	  265  256    -81     31    618
20210112164552592	  265  256    -81     31    618
20210112164552692	  267  256    -78     31    619
20210112164552826	  266  254    -79     28    619
20210112164552926	  265  255    -81     29    619
20210112164553026	  266  256    -79     31    619
20210112164553159	  266  256    -79     31    619
20210112164553259	  265  256    -81     31    618
20210112164553359	  264  256    -82     31    618
20210112164553492	  265  255    -81     29    618
20210112164553592	  267  256    -78     31    619
20210112164553692	  266  255    -79     29    619
20210112164553792	  266  255    -79     29    618
20210112164553926	  265  254    -81     28    619
20210112164554026	  266  255    -79     29    619
20210112164554126	  267  256    -77     31    618
20210112164554193	  266  255    -79     29    618
20210112164554359	  266  255    -79     29    618
20210112164554459	  265  256    -81     31    619
20210112164554593	  265  256    -81     31    619
20210112164554693	  265  256    -81     31    617
20210112164554793	  267  256    -78     31    619
20210112164554926	  267  256    -78     31    619
20210112164555026	  266  256    -79     31    618
20210112164555126	  266  256    -79     31    618
20210112164555260	  266  255    -79     29    618
20210112164555360	  266  256    -79     31    618
20210112164555460	  265  255    -81     29    618
20210112164555593	  266  255    -79     29    618
20210112164555693	  265  254    -81     28    618
20210112164555793	  266  256    -79     31    618
20210112164555926	  266  255    -79     29    617
20210112164555993	  264  255    -82     29    618
20210112164556126	  264  255    -82     29    619
20210112164556260	  265  256    -81     31    617
20210112164556360	  266  255    -79     29    618
20210112164556460	  264  256    -82     31    619
20210112164556593	  266  256    -79     31    618
20210112164556693	  266  256    -79     31    619
20210112164556793	  266  256    -79     31    618
20210112164556927	  267  256    -77     31    618
20210112164557027	  265  255    -81     29    618
20210112164557127	  266  255    -79     29    617
20210112164557227	  266  256    -79     31    618
20210112164557360	  266  256    -79     31    618
20210112164557460	  266  256    -79     31    618
20210112164557560	  265  255    -81     29    617
20210112164557694	  266  256    -79     31    618
20210112164557794	  266  256    -79     31    617
20210112164557894	  265  255    -81     29    619
20210112164558027	  265  255    -81     29    618
20210112164558127	  265  254    -81     28    618
20210112164558227	  265  255    -81     29    618
20210112164558360	  265  256    -81     31    617
20210112164558460	  266  255    -79     29    617
20210112164558560	  265  256    -81     31    617
20210112164558694	  266  256    -79     31    618
20210112164558794	  264  255    -82     29    617
20210112164558894	  264  255    -82     29    617
20210112164558994	  266  256    -79     31    618
20210112164559127	  264  254    -82     28    616
20210112164559227	  265  256    -81     31    619
20210112164559327	  266  256    -79     31    618
20210112164559461	  263  254    -84     28    617
20210112164559561	  264  254    -82     28    616
20210112164559661	  266  256    -79     31    619
20210112164559794	  265  253    -81     26    617
20210112164559894	  265  255    -81     29    617
20210112164559994	  264  255    -82     29    617
20210112164600127	  266  256    -79     31    618
20210112164600228	  264  255    -82     29    617
20210112164600328	  265  255    -81     29    619
20210112164600428	  265  255    -80     29    616
20210112164600561	  265  255    -81     29    618
20210112164600661	  263  256    -84     31    617
20210112164600761	  265  255    -81     29    618
20210112164600894	  277  264    -63     45    632
20210112164600994	  287  269    -47     54    642
20210112164601094	  288  270    -45     56    647
20210112164601228	  293  271    -37     58    649
20210112164601328	  292  271    -39     59    655
20210112164601428	  295  270    -34     57    656
20210112164601561	  299  271    -27     59    660
20210112164601661	  298  270    -29     58    662
20210112164601795	  300  270    -26     58    664
20210112164601895	  300  268    -26     55    668
20210112164601995	  303  269    -20     56    667
20210112164602128	  305  270    -17     58    671
20210112164602228	  302  269    -22     57    671
20210112164602328	  304  268    -19     55    670
20210112164602461	  304  269    -19     57    671
20210112164602561	  304  269    -19     57    674
20210112164602695	  301  268    -24     55    669
20210112164602828	  299  268    -27     54    665
20210112164602928	  298  268    -29     54    662
20210112164603028	  297  268    -31     54    661
20210112164603128	  294  267    -36     52    657
20210112164603228	  292  267    -39     52    655
20210112164603328	  291  266    -41     50    652
20210112164603462	  286  266    -49     50    649
20210112164603562	  284  265    -52     48    645
20210112164603695	  283  264    -53     46    642
20210112164603795	  282  264    -55     45    639
20210112164603928	  278  263    -61     43    634
20210112164604028	  277  262    -63     42    632
20210112164604162	  274  259    -67     36    628
20210112164604262	  271  259    -72     36    625
20210112164604395	  268  257    -76     33    623
20210112164604529	  268  257    -76     33    621
20210112164604629	  269  257    -75     33    625
20210112164604729	  269  257    -75     33    622
20210112164604862	  267  256    -78     31    620
20210112164604962	  267  257    -78     33    621
20210112164605095	  268  256    -76     31    619
20210112164605229	  267  257    -78     33    620
20210112164605329	  266  257    -79     33    621
20210112164605462	  267  256    -77     31    618
20210112164605596	  267  256    -78     31    619
20210112164605696	  267  256    -78     31    619
20210112164605829	  267  257    -78     33    619
20210112164605929	  268  256    -76     31    619
20210112164606062	  267  255    -77     29    618
20210112164606196	  266  256    -79     31    619
20210112164606329	  267  256    -77     31    618
20210112164606429	  267  254    -78     28    619
20210112164606562	  266  256    -79     31    618
20210112164606696	  268  256    -76     31    619
20210112164606796	  264  256    -82     31    619
20210112164606929	  267  256    -78     31    619
20210112164607029	  267  256    -78     31    618
20210112164607163	  267  256    -78     31    620
20210112164607296	  267  256    -77     31    618
20210112164607429	  264  256    -82     31    618
20210112164607563	  266  254    -79     28    617
20210112164607663	  266  256    -79     31    618
20210112164607796	  266  256    -79     31    619
20210112164607896	  267  255    -78     29    619
20210112164608029	  264  256    -82     31    618
20210112164608163	  265  256    -81     31    618
20210112164608296	  266  256    -79     31    618
20210112164608430	  264  256    -82     31    618
20210112164608530	  266  256    -79     31    619
20210112164608663	  266  256    -79     31    618
20210112164608796	  265  255    -81     29    619
20210112164608930	  264  256    -82     31    618
20210112164609030	  265  255    -81     29    617
20210112164609196	  266  255    -79     29    619
20210112164609296	  265  255    -80     29    616
20210112164609430	  266  256    -79     31    619
20210112164609563	  265  255    -80     29    616
20210112164609663	  266  256    -79     31    619
20210112164609797	  265  255    -81     29    617
20210112164609930	  265  255    -81     29    617
20210112164610063	  265  255    -81     29    618
20210112164610163	  267  255    -77     29    618
20210112164610297	  264  255    -82     29    618
20210112164610430	  266  255    -79     29    617
20210112164610563	  266  256    -79     31    618
20210112164610697	  265  255    -80     29    616
20210112164610797	  264  255    -82     29    617
20210112164610930	  266  256    -79     31    620
20210112164611064	  265  255    -80     29    615
20210112164611197	  266  256    -79     31    618
20210112164611297	  264  254    -82     28    618
20210112164611430	  267  257    -78     33    620
20210112164611564	  264  254    -82     27    616
20210112164611664	  265  256    -81     31    617
20210112164611697	  265  256    -81     31    617
20210112164611697	  266  255    -79     29    617
20210112164611864	  265  255    -81     29    618
20210112164612131	  264  255    -82     29    617
20210112164612264	  265  255    -81     29    617
20210112164612531	  265  256    -81     31    618
20210112164612631	  265  255    -81     29    617
20210112164612797	  266  255    -79     29    618
20210112164612897	  265  255    -81     29    618
20210112164613031	  266  255    -79     29    617
20210112164613131	  264  254    -82     27    616
20210112164613264	  265  256    -81     31    619
20210112164613398	  265  255    -81     29    617
20210112164613531	  265  255    -81     29    617
20210112164613664	  266  255    -79     29    617
20210112164613764	  266  255    -79     29    618
20210112164613898	  265  255    -81     29    618
20210112164614031	  265  255    -81     29    618
20210112164614164	  264  255    -82     29    617
20210112164614264	  266  256    -79     31    619
20210112164614398	  266  256    -79     31    618
20210112164614531	  264  255    -82     29    617
20210112164614631	  264  255    -82     29    618
20210112164614798	  265  254    -81     28    617
20210112164614931	  264  255    -82     29    617
20210112164615065	  266  257    -80     33    622
20210112164615165	  281  266    -56     49    636
20210112164615298	  285  270    -50     56    644
20210112164615431	  292  270    -39     56    649
20210112164615565	  294  271    -35     58    651
20210112164615698	  295  270    -34     57    654
20210112164615798	  298  270    -29     57    658
20210112164615932	  299  270    -27     58    663
20210112164616065	  300  268    -26     54    664
20210112164616198	  302  268    -22     54    666
20210112164616332	  304  270    -19     58    671
20210112164616432	  303  269    -20     56    669
20210112164616565	  305  267    -17     53    671
20210112164616698	  304  269    -19     57    671
20210112164616832	  303  267    -21     53    671
20210112164616965	  300  268    -26     55    668
20210112164617065	  300  266    -26     51    666
20210112164617198	  297  267    -31     52    662
20210112164617332	  294  267    -36     52    657
20210112164617465	  293  267    -37     52    656
20210112164617599	  289  266    -45     50    650
20210112164617699	  288  264    -45     46    647
20210112164617832	  286  265    -48     47    643
20210112164617965	  282  264    -55     45    640
20210112164618099	  280  262    -58     42    636
20210112164618232	  277  262    -63     42    632
20210112164618332	  275  261    -66     40    629
20210112164618465	  272  259    -70     36    626
20210112164618599	  269  258    -75     34    622
20210112164618732	  268  257    -76     33    621
20210112164618832	  269  257    -75     33    623
20210112164618966	  267  256    -78     31    622
20210112164619099	  267  256    -78     31    621
20210112164619232	  267  257    -78     33    622
20210112164619366	  268  257    -76     33    620
20210112164619466	  268  257    -76     33    620
20210112164619599	  267  257    -78     33    620
20210112164619732	  266  255    -79     29    619
20210112164619866	  267  257    -78     33    620
20210112164619999	  265  256    -81     31    618
20210112164620099	  267  256    -78     31    619
20210112164620233	  265  256    -81     31    618
20210112164620366	  265  255    -81     29    619
20210112164620499	  265  256    -81     31    618
20210112164620599	  266  255    -79     29    619
20210112164620733	  265  255    -81     29    618
20210112164620866	  268  255    -76     29    619
20210112164620999	  266  256    -79     31    619
20210112164621133	  266  256    -79     31    619
20210112164621233	  265  255    -81     29    617
20210112164621400	  265  255    -81     29    619
20210112164621500	  267  255    -78     29    619
20210112164621633	  265  255    -81     29    619
20210112164621766	  266  256    -79     31    619
20210112164621900	  264  255    -82     29    618
20210112164622033	  267  255    -77     29    618
20210112164622133	  265  254    -81     28    618
20210112164622266	  265  255    -81     29    619
20210112164622400	  266  256    -79     31    619
20210112164622533	  266  255    -79     29    618
20210112164622633	  267  256    -78     31    618
20210112164622767	  265  255    -81     29    618
20210112164622900	  267  256    -78     31    619
20210112164623033	  264  254    -82     28    617
20210112164623167	  264  255    -82     29    617
20210112164623267	  264  255    -83     29    619
20210112164623400	  265  255    -81     29    618
20210112164623533	  265  255    -81     29    617
20210112164623667	  266  256    -79     31    618
20210112164623800	  264  255    -82     29    619
20210112164623900	  266  256    -79     31    619
20210112164624033	  265  255    -81     29    617
20210112164624167	  265  256    -81     31    618
20210112164624300	  265  255    -81     29    618
20210112164624400	  266  255    -79     29    617
20210112164624534	  265  256    -81     31    618
20210112164624667	  264  255    -82     29    617
20210112164624800	  266  256    -79     31    619
20210112164624934	  265  255    -81     29    617
20210112164625034	  266  255    -79     29    617
20210112164625167	  266  255    -79     29    618
20210112164625300	  266  255    -79     29    618
20210112164625434	  265  255    -80     29    616
20210112164625567	  265  255    -81     29    618
20210112164625667	  264  256    -83     31    619
20210112164625801	  265  254    -81     28    617
20210112164625934	  265  255    -81     29    618
20210112164626067	  265  255    -81     29    617
20210112164626201	  266  256    -79     31    618
20210112164626301	  266  256    -79     31    619
20210112164626434	  265  255    -80     29    616
20210112164626567	  264  256    -82     31    619
20210112164626701	  266  256    -79     31    619
20210112164626834	  263  255    -84     29    617
20210112164626934	  266  255    -79     29    619
20210112164627068	  264  255    -82     29    616
20210112164627201	  264  254    -82     28    617
20210112164627301	  264  256    -82     31    617
20210112164627434	  264  255    -82     29    616
20210112164627568	  264  254    -82     28    617
20210112164627701	  264  256    -82     31    617
20210112164627834	  264  255    -82     29    617
20210112164627935	  265  255    -80     29    616
20210112164628068	  265  255    -81     29    617
20210112164628201	  265  255    -81     29    617
20210112164628335	  266  256    -79     31    618
20210112164628435	  264  254    -82     28    618
20210112164628568	  265  255    -81     29    618
20210112164628701	  264  253    -82     26    617
20210112164628835	  265  256    -81     31    619
20210112164629001	  265  255    -81     29    619
20210112164629101	  264  254    -82     28    618
20210112164629235	  265  254    -81     28    617
20210112164629335	  268  258    -76     34    622
20210112164629468	  283  266    -53     49    640
20210112164629602	  288  270    -45     56    647
20210112164629868	  293  271    -37     59    655
20210112164629968	  294  271    -36     59    656
20210112164630102	  298  270    -29     57    661
20210112164630235	  298  269    -29     56    664
20210112164630368	  300  269    -26     56    667
20210112164630502	  302  267    -22     53    668
20210112164630602	  304  269    -19     56    669
20210112164630735	  304  267    -19     53    669
20210112164630869	  304  270    -19     58    670
20210112164631002	  305  270    -17     59    673
20210112164631102	  304  268    -19     55    671
20210112164631235	  300  268    -26     54    666
20210112164631369	  298  268    -29     54    663
20210112164631502	  297  267    -31     52    661
20210112164631602	  294  267    -36     52    656
20210112164631736	  291  268    -41     53    654
20210112164631869	  290  266    -42     50    650
20210112164632002	  286  264    -49     46    645
20210112164632136	  284  265    -52     47    643
20210112164632236	  282  264    -55     46    640
20210112164632369	  279  262    -60     42    636
20210112164632502	  276  260    -64     38    632
20210112164632636	  274  260    -67     38    629
20210112164632769	  271  259    -72     36    624
20210112164632869	  268  257    -76     33    622
20210112164633003	  266  256    -79     31    621
20210112164633136	  269  257    -75     33    621
20210112164633269	  268  257    -76     33    621
20210112164633303	  267  255    -78     29    621
20210112164633369	  266  256    -79     31    619
20210112164633503	  268  257    -76     33    621
20210112164633769	  267  255    -78     29    619
20210112164633903	  266  255    -79     29    619
20210112164634036	  266  255    -79     29    618
20210112164634136	  267  256    -78     31    620
20210112164634269	  266  255    -79     29    619
20210112164634403	  266  255    -79     29    619
20210112164634536	  267  256    -78     31    619
20210112164634670	  265  256    -81     31    618
20210112164634770	  267  257    -78     33    620
20210112164634903	  267  256    -77     31    617
20210112164635070	  265  255    -81     29    618
20210112164635203	  265  254    -81     28    617
20210112164635336	  264  256    -82     31    618
20210112164635470	  266  254    -79     28    618
20210112164635603	  265  256    -81     31    618
20210112164635703	  266  256    -79     31    619
20210112164635837	  265  255    -81     29    617
20210112164635970	  265  255    -81     29    618
20210112164636103	  266  256    -79     31    618
20210112164636203	  266  255    -79     29    617
20210112164636337	  265  256    -81     31    618
20210112164636470	  264  254    -82     27    616
20210112164636603	  265  254    -81     28    618
20210112164636737	  265  254    -81     28    617
20210112164636837	  264  255    -82     29    618
20210112164636970	  266  255    -79     29    617
20210112164637104	  266  255    -79     29    618
20210112164637237	  266  256    -79     31    618
20210112164637370	  265  255    -81     29    617
20210112164637504	  266  256    -79     31    620
20210112164637637	  265  255    -81     29    617
20210112164637770	  265  255    -81     29    618
20210112164637904	  266  256    -79     31    618
20210112164638004	  264  254    -82     28    616
20210112164638137	  265  254    -81     28    618
20210112164638270	  265  254    -81     28    617
20210112164638404	  265  255    -81     29    617
20210112164638537	  265  255    -81     29    618
20210112164638637	  263  254    -84     27    616
20210112164638771	  265  253    -81     26    618
20210112164638904	  263  255    -84     29    616
20210112164639037	  264  255    -82     29    617
20210112164639171	  264  255    -82     29    616
20210112164639304	  265  255    -81     29    617
20210112164639437	  263  255    -84     29    616
20210112164639537	  266  255    -79     29    617
20210112164639671	  265  255    -81     29    617
20210112164639804	  265  255    -80     29    616
20210112164639938	  264  255    -82     29    618
20210112164640071	  265  255    -80     29    616
20210112164640204	  263  255    -84     29    618
20210112164640271	  264  255    -82     29    617
20210112164640438	  265  255    -81     29    618
20210112164640604	  265  256    -81     31    618
20210112164640738	  263  254    -84     28    616
20210112164640838	  265  255    -81     29    618
20210112164640971	  263  255    -84     29    617
20210112164641105	  264  254    -82     27    616
20210112164641238	  264  255    -82     29    617
20210112164641371	  264  255    -82     29    617
20210112164641505	  264  254    -82     28    617
20210112164641605	  265  256    -81     31    618
20210112164641738	  264  254    -82     27    616
20210112164641871	  267  256    -78     31    620
20210112164642005	  263  254    -84     28    617
20210112164642138	  265  255    -80     29    616
20210112164642271	  265  256    -81     31    618
20210112164642405	  264  254    -82     28    617
20210112164642538	  265  254    -81     28    617
20210112164642672	  265  255    -81     29    617
20210112164642805	  264  254    -82     27    616
20210112164642938	  265  255    -81     29    618
20210112164643072	  264  255    -82     29    616
20210112164643205	  266  255    -79     29    617
20210112164643338	  265  253    -81     26    617
20210112164643472	  264  254    -82     27    615
20210112164643605	  268  259    -77     36    624
20210112164643739	  285  268    -50     52    639
20210112164643872	  287  271    -47     58    645
20210112164643972	  292  272    -39     60    648
20210112164644139	  294  270    -35     57    653
20210112164644272	  296  269    -32     55    657
20210112164644439	  298  270    -29     57    661
20210112164644572	  299  269    -27     56    664
20210112164644705	  300  269    -26     56    667
20210112164644839	  304  270    -19     58    669
20210112164644972	  303  270    -20     58    670
20210112164645106	  304  270    -19     58    670
20210112164645239	  305  269    -17     56    670
20210112164645372	  303  269    -20     57    671
20210112164645506	  300  269    -26     56    667
20210112164645639	  298  268    -29     54    663
20210112164645772	  295  266    -34     50    660
20210112164645939	  292  266    -39     50    655
20210112164646072	  291  267    -41     52    652
20210112164646239	  287  266    -47     49    647
20210112164646373	  284  264    -52     46    642
20210112164646506	  282  264    -55     45    639
20210112164646639	  278  262    -61     42    637
20210112164646806	  275  260    -66     38    631
20210112164646939	  272  259    -70     36    627
20210112164647073	  268  257    -77     33    624
20210112164647206	  268  257    -76     33    621
20210112164647340	  269  258    -75     34    622
20210112164647506	  269  257    -75     33    622
20210112164647640	  266  256    -79     31    621
20210112164647773	  267  257    -78     33    620
20210112164647940	  266  255    -79     29    620
20210112164648073	  266  254    -79     28    620
20210112164648206	  266  256    -79     31    619
20210112164648340	  266  256    -79     31    620
20210112164648506	  266  256    -79     31    619
20210112164648640	  266  256    -79     31    619
20210112164648773	  265  255    -81     29    618
20210112164648907	  266  256    -79     31    620
20210112164649073	  266  256    -79     31    619
20210112164649207	  264  256    -83     31    619
20210112164649340	  265  254    -81     28    618
20210112164649473	  265  255    -81     29    619
20210112164649640	  264  255    -82     29    618
20210112164649773	  266  255    -79     29    618
20210112164649907	  265  254    -81     28    618
20210112164650040	  265  255    -81     29    619
20210112164650207	  264  255    -82     29    618
20210112164650340	  265  256    -81     31    618
20210112164650474	  264  254    -82     28    617
20210112164650607	  264  255    -82     29    618
20210112164650774	  264  255    -82     29    618
20210112164650907	  265  255    -81     29    617
20210112164651040	  264  255    -82     29    616
20210112164651207	  265  256    -81     31    618
20210112164651341	  264  255    -82     29    617
20210112164651474	  265  255    -81     29    617
20210112164651607	  265  255    -81     29    618
20210112164651774	  264  255    -82     29    617
20210112164651907	  263  255    -84     29    617
20210112164652041	  266  254    -79     28    619
20210112164652174	  264  255    -82     29    616
20210112164652341	  264  255    -82     29    618
20210112164652474	  265  255    -81     29    617
20210112164652607	  265  255    -81     29    617
20210112164652741	  265  256    -81     31    619
20210112164652908	  266  255    -79     29    618
20210112164653008	  264  254    -82     28    617
20210112164653174	  265  255    -81     29    617
20210112164653308	  264  255    -82     29    617
20210112164653474	  264  254    -82     28    618
20210112164653608	  263  255    -84     29    616
20210112164653741	  264  255    -82     29    617
20210112164653874	  265  255    -81     29    617
20210112164654141	  265  255    -81     29    618
20210112164654408	  265  253    -81     26    617
20210112164654541	  266  256    -79     31    619
20210112164654708	  265  254    -80     27    616
20210112164654841	  265  255    -81     29    617
20210112164654975	  265  255    -81     29    617
20210112164655108	  264  254    -82     28    617
20210112164655275	  264  254    -82     28    617
20210112164655408	  265  255    -81     29    617
20210112164655541	  265  253    -81     26    618
20210112164655675	  264  254    -82     27    616
20210112164655842	  264  254    -82     28    617
20210112164655975	  267  255    -77     29    618
20210112164656108	  264  255    -82     29    616
20210112164656242	  265  254    -81     28    618
20210112164656408	  262  255    -85     29    617
20210112164656542	  267  255    -77     29    617
20210112164656675	  263  254    -84     28    618
20210112164656808	  266  254    -79     28    618
20210112164656975	  262  254    -85     28    617
20210112164657108	  265  255    -80     29    616
20210112164657242	  264  255    -82     29    617
20210112164657375	  263  255    -84     29    617
20210112164657542	  264  255    -82     29    618
20210112164657675	  264  255    -82     29    617
20210112164657809	  265  257    -81     32    618
20210112164657975	  285  268    -50     52    641
20210112164658109	  288  270    -45     56    646
20210112164658242	  293  271    -37     58    649
20210112164658409	  294  269    -36     55    655
20210112164658542	  297  270    -31     57    659
20210112164658676	  297  270    -31     57    661
20210112164658809	  300  268    -26     54    664
20210112164658942	  301  269    -24     56    667
20210112164659109	  303  270    -20     58    669
20210112164659242	  304  269    -19     56    670
20210112164659376	  303  269    -20     56    668
20210112164659509	  303  269    -20     57    671
20210112164659676	  302  268    -22     55    669
20210112164659809	  299  268    -27     54    665
20210112164659976	  298  268    -29     54    662
20210112164700109	  294  267    -36     52    657
20210112164700243	  292  266    -39     50    656
20210112164700376	  289  265    -44     48    650
20210112164700543	  286  265    -49     48    645
20210112164700676	  283  264    -53     46    641
20210112164700809	  281  262    -56     42    637
20210112164700943	  278  262    -61     42    634
20210112164701109	  274  259    -67     36    629
20210112164701243	  272  259    -70     36    626
20210112164701376	  269  257    -75     33    623
20210112164701543	  268  257    -76     33    621
20210112164701676	  268  257    -76     33    622
20210112164701810	  267  255    -78     29    620
20210112164701943	  267  257    -78     33    621
20210112164702110	  266  256    -79     31    620
20210112164702243	  265  256    -81     31    619
20210112164702376	  267  255    -78     29    620
20210112164702510	  266  256    -79     31    619
20210112164702677	  267  256    -78     31    619
20210112164702810	  265  255    -81     29    618
20210112164702943	  266  256    -79     31    619
20210112164703077	  265  255    -81     29    617
20210112164703243	  264  255    -82     29    618
20210112164703377	  265  255    -81     29    618
20210112164703510	  265  255    -81     29    618
20210112164703643	  265  255    -81     29    618
20210112164703743	  265  255    -81     29    618
20210112164703943	  265  255    -81     29    617
20210112164704044	  266  255    -79     29    619
20210112164704210	  264  255    -82     29    617
20210112164704377	  265  255    -81     29    617
20210112164704510	  266  256    -79     31    619
20210112164704644	  265  254    -81     28    617
20210112164704810	  265  254    -81     28    618
20210112164704944	  264  254    -82     28    616
20210112164705077	  266  256    -79     31    619
20210112164705211	  265  253    -81     26    618
20210112164705377	  264  255    -82     29    617
20210112164705511	  265  255    -81     29    617
20210112164705644	  264  254    -82     28    617
20210112164705777	  265  255    -81     29    617
20210112164705944	  265  255    -81     29    617
20210112164706077	  264  255    -82     29    617
20210112164706211	  263  255    -84     29    616
20210112164706344	  265  255    -80     29    616
20210112164706511	  265  255    -81     29    617
20210112164706644	  265  255    -81     29    619
20210112164706778	  264  255    -82     29    617
20210112164706911	  265  255    -80     29    616
20210112164707078	  263  255    -84     29    617
20210112164707211	  263  255    -84     29    617
20210112164707344	  263  255    -84     29    617
20210112164707478	  264  255    -82     29    617
20210112164707644	  263  254    -84     28    616
20210112164707778	  263  254    -84     28    617
20210112164707945	  265  255    -81     29    618
20210112164708078	  265  255    -81     29    617
20210112164708211	  263  255    -84     29    615
20210112164708345	  265  255    -81     29    618
20210112164708511	  263  255    -84     29    617
20210112164708645	  264  255    -82     29    616
20210112164708778	  265  254    -81     28    617
20210112164708911	  264  254    -82     27    616
20210112164709078	  265  255    -81     29    617
20210112164709212	  265  255    -80     29    616
20210112164709345	  264  254    -82     27    616
20210112164709478	  264  254    -82     28    616
20210112164709645	  263  255    -84     29    617
20210112164709778	  266  254    -79     28    618
20210112164709912	  263  254    -84     28    617
20210112164710045	  265  255    -80     29    616
20210112164710212	  266  255    -79     29    618
20210112164710345	  264  255    -82     29    617
20210112164710479	  264  254    -82     27    616
20210112164710645	  264  253    -82     26    616
20210112164710779	  264  253    -82     26    617
20210112164710912	  263  254    -84     28    617
20210112164711045	  265  254    -80     27    616
20210112164711145	  264  255    -82     29    616
20210112164711279	  263  252    -84     24    617
20210112164711479	  264  255    -82     29    616
20210112164711612	  264  254    -82     28    616
20210112164711779	  264  255    -82     29    617
20210112164711912	  264  253    -82     26    616
20210112164712046	  264  255    -82     29    616
20210112164712179	  279  266    -59     48    633
20210112164712346	  287  270    -47     56    644
20210112164712479	  291  271    -40     58    647
20210112164712612	  293  271    -37     58    652
20210112164712746	  295  270    -34     57    655
20210112164712912	  297  269    -31     56    659
20210112164713046	  300  270    -25     58    662
20210112164713179	  301  270    -24     58    667
20210112164713313	  303  268    -20     55    668
20210112164713479	  302  269    -22     56    669
20210112164713613	  303  268    -20     55    669
20210112164713746	  302  269    -22     57    672
20210112164713879	  302  268    -22     55    669
20210112164714046	  299  269    -27     56    667
20210112164714179	  297  266    -31     51    661
20210112164714313	  295  265    -34     49    659
20210112164714480	  293  267    -37     52    657
20210112164714580	  290  264    -42     46    652
20210112164714680	  288  266    -45     50    648
20210112164714913	  284  264    -52     46    641
20210112164715013	  282  264    -55     45    639
20210112164715180	  277  262    -63     42    634
20210112164715313	  274  260    -68     38    632
20210112164715446	  272  259    -70     36    626
20210112164715580	  269  258    -75     34    624
20210112164715747	  266  255    -79     29    619
20210112164715880	  268  258    -76     34    623
20210112164716013	  267  256    -78     31    621
20210112164716147	  265  256    -81     31    619
20210112164716313	  267  254    -78     28    620
20210112164716447	  267  256    -78     31    618
20210112164716480	  267  256    -78     31    619
20210112164716747	  266  256    -79     31    620
20210112164716880	  267  256    -78     31    620
20210112164717014	  265  255    -81     29    618
20210112164717147	  265  255    -81     29    618
20210112164717280	  265  255    -81     29    619
20210112164717447	  265  253    -81     26    617
20210112164717580	  266  256    -79     31    620
20210112164717714	  263  255    -84     29    618
20210112164717880	  266  256    -79     31    619
20210112164718014	  264  255    -82     29    619
20210112164718147	  265  255    -80     29    616
20210112164718281	  266  254    -79     28    619
20210112164718414	  265  255    -81     29    619
20210112164718581	  264  255    -82     29    616
20210112164718714	  265  255    -81     29    618
20210112164718847	  264  255    -82     29    617
20210112164719014	  264  255    -82     29    617
20210112164719147	  264  254    -82     28    617
20210112164719281	  265  256    -81     31    617
20210112164719414	  265  255    -81     29    617
20210112164719581	  265  255    -81     29    617
20210112164719714	  264  254    -82     28    617
20210112164719881	  265  254    -81     28    617
20210112164720014	  264  255    -82     29    618
20210112164720148	  264  255    -82     29    618
20210112164720281	  264  254    -82     28    618
20210112164720448	  264  254    -82     28    617
20210112164720581	  264  255    -82     29    617
20210112164720714	  265  254    -81     28    617
20210112164720848	  264  255    -82     29    618
20210112164721015	  264  254    -82     28    617
20210112164721148	  264  255    -82     29    617
20210112164721281	  263  255    -84     29    617
20210112164721448	  264  253    -82     26    617
20210112164721581	  264  255    -82     29    618
20210112164721748	  264  255    -82     29    616
20210112164721881	  263  255    -84     29    616
20210112164722015	  264  255    -82     29    616
20210112164722148	  263  255    -84     29    617
20210112164722315	  264  255    -82     29    617
20210112164722448	  264  253    -82     26    618
20210112164722615	  264  254    -82     28    617
20210112164722748	  263  254    -84     28    617
20210112164722915	  263  254    -84     28    617
20210112164723048	  264  255    -82     29    617
20210112164723215	  263  253    -84     26    618
20210112164723349	  264  255    -82     29    617
20210112164723482	  264  255    -82     29    617
20210112164723649	  265  256    -81     31    618
20210112164723782	  263  253    -84     26    616
20210112164723949	  263  254    -84     28    618
20210112164724082	  265  255    -81     29    619
20210112164724249	  264  255    -82     29    618
20210112164724382	  263  254    -84     28    617
20210112164724549	  263  254    -84     28    616
20210112164724682	  262  255    -85     29    617
20210112164724849	  264  254    -82     28    617
20210112164724982	  263  254    -84     28    618
20210112164725149	  264  253    -82     26    616
20210112164725282	  263  254    -84     28    617
20210112164725449	  263  254    -84     28    617
20210112164725582	  263  255    -84     29    617
20210112164725716	  264  253    -82     26    617
20210112164725882	  264  255    -82     29    617
20210112164726016	  263  254    -84     28    617
20210112164726183	  263  254    -84     28    618
20210112164726316	  266  257    -79     32    618
20210112164726483	  284  268    -52     52    640
20210112164726616	  288  270    -45     56    646
20210112164726749	  292  270    -39     56    650
20210112164726916	  293  270    -37     57    655
20210112164727083	  297  270    -31     57    660
20210112164727216	  298  270    -29     58    662
20210112164727383	  300  269    -26     56    665
20210112164727550	  304  268    -19     55    669
20210112164727716	  301  268    -24     55    670
20210112164727850	  304  269    -19     57    671
20210112164728016	  304  268    -19     55    671
20210112164728150	  302  268    -22     55    671
20210112164728316	  297  267    -31     53    666
20210112164728450	  296  267    -32     52    662
20210112164728617	  294  267    -36     52    657
20210112164728783	  290  266    -42     50    653
20210112164728917	  288  265    -45     48    649
20210112164729083	  284  264    -52     46    644
20210112164729250	  282  262    -55     42    638
20210112164729417	  278  262    -61     42    635
20210112164729550	  275  260    -66     38    630
20210112164729717	  272  259    -70     36    626
20210112164729850	  269  255    -75     29    623
20210112164730017	  267  257    -78     33    621
20210112164730184	  267  256    -78     31    622
20210112164730350	  266  256    -79     31    619
20210112164730484	  268  256    -76     31    622
20210112164730650	  265  255    -81     29    618
20210112164730817	  266  256    -79     31    620
20210112164730984	  265  255    -81     29    618
20210112164731117	  265  255    -81     29    618
20210112164731284	  265  256    -81     31    618
20210112164731451	  264  255    -82     29    618
20210112164731584	  266  254    -79     28    618
20210112164731751	  265  254    -81     28    617
20210112164731917	  266  255    -79     29    616
20210112164732084	  264  255    -82     29    618
20210112164732217	  265  255    -80     29    616
20210112164732384	  265  255    -81     29    618
20210112164732551	  266  255    -79     29    617
20210112164732718	  265  255    -81     29    618
20210112164732851	  264  254    -82     27    615
20210112164733018	  265  255    -81     29    619
20210112164733184	  265  255    -80     29    616
20210112164733318	  265  253    -81     26    618
20210112164733484	  265  255    -81     29    617
20210112164733651	  264  254    -82     27    616
20210112164733818	  264  255    -82     29    617
20210112164733951	  264  253    -82     26    617
20210112164734118	  265  255    -81     29    616
20210112164734285	  265  255    -80     29    615
20210112164734451	  265  255    -81     29    617
20210112164734585	  265  255    -81     29    617
20210112164734751	  265  254    -81     28    617
20210112164734918	  263  253    -84     26    616
20210112164735085	  264  254    -82     27    616
20210112164735218	  264  254    -82     28    616
20210112164735385	  265  255    -81     29    617
20210112164735552	  263  253    -84     26    617
20210112164735685	  266  253    -79     26    617
20210112164735852	  264  254    -82     28    617
20210112164736018	  263  255    -84     29    616
20210112164736185	  264  254    -82     27    615
20210112164736318	  265  255    -81     29    617
20210112164736485	  263  254    -84     27    616
20210112164736652	  265  255    -80     29    616
20210112164736819	  264  255    -82     29    616
20210112164736952	  265  255    -81     29    618
20210112164737119	  264  254    -82     28    617
20210112164737285	  265  255    -81     29    618
20210112164737419	  264  253    -82     26    616
20210112164737619	  263  254    -84     28    617
20210112164737752	  264  255    -82     29    617
20210112164737919	  264  255    -82     29    617
20210112164738052	  263  253    -84     26    616
20210112164738219	  263  254    -84     28    617
20210112164738386	  263  254    -84     28    617
20210112164738552	  263  254    -84     28    617
20210112164738686	  264  255    -82     29    616
20210112164738852	  264  254    -82     28    617
20210112164739019	  264  254    -82     28    617
20210112164739153	  263  254    -84     27    616
20210112164739319	  263  253    -84     26    616
20210112164739486	  263  253    -84     26    616
20210112164739653	  264  254    -82     27    615
20210112164739786	  264  255    -82     29    616
20210112164739953	  264  254    -82     27    615
20210112164740119	  261  254    -87     27    616
20210112164740253	  265  254    -80     27    615
20210112164740420	  264  253    -82     26    616
20210112164740586	  269  259    -75     36    622
20210112164740753	  285  267    -50     51    641
20210112164740886	  290  271    -42     58    647
20210112164741053	  291  270    -40     57    651
20210112164741153	  294  271    -36     59    654
20210112164741286	  295  271    -34     59    656
20210112164741486	  299  267    -27     52    662
20210112164741687	  300  268    -26     55    667
20210112164741853	  305  269    -17     56    669
20210112164742020	  302  269    -22     56    669
20210112164742153	  303  269    -20     56    669
20210112164742320	  304  268    -19     55    669
20210112164742487	  299  269    -27     56    666
20210112164742653	  297  267    -31     52    663
20210112164742787	  295  267    -34     52    659
20210112164742953	  291  266    -41     50    655
20210112164743120	  289  264    -44     46    651
20210112164743287	  285  263    -50     44    646
20210112164743420	  281  263    -57     44    641
20210112164743587	  280  263    -58     43    635
20210112164743754	  276  261    -64     40    633
20210112164743887	  273  258    -69     35    628
20210112164744054	  269  258    -75     34    623
20210112164744220	  266  256    -79     31    619
20210112164744387	  268  257    -76     33    622
20210112164744521	  267  256    -78     31    620
20210112164744687	  266  255    -79     29    619
20210112164744821	  266  255    -79     29    619
20210112164745021	  266  256    -79     31    619
20210112164745187	  266  256    -79     31    620
20210112164745354	  266  256    -79     31    619
20210112164745487	  265  255    -81     29    618
20210112164745654	  264  255    -82     29    617
20210112164745821	  268  257    -77     33    623
20210112164745954	  263  254    -84     27    616
20210112164746121	  266  255    -79     29    619
20210112164746288	  264  255    -82     29    618
20210112164746454	  265  255    -81     29    619
20210112164746588	  264  255    -82     29    618
20210112164746754	  266  255    -79     29    618
20210112164746921	  265  253    -81     26    617
20210112164747054	  265  255    -81     29    618
20210112164747221	  265  255    -81     29    618
20210112164747388	  265  254    -81     28    617
20210112164747555	  266  256    -79     31    618
20210112164747688	  264  254    -82     28    618
20210112164747855	  266  256    -79     31    619
20210112164748021	  264  254    -82     28    617
20210112164748188	  264  253    -82     26    618
20210112164748321	  264  254    -82     28    617
20210112164748488	  265  255    -81     29    617
20210112164748655	  264  255    -82     29    617
20210112164748822	  264  254    -82     28    617
20210112164748955	  264  254    -82     28    616
20210112164749122	  263  254    -84     28    617
20210112164749288	  264  254    -82     28    617
20210112164749422	  265  255    -81     29    618
20210112164749588	  264  255    -82     29    618
20210112164749755	  263  254    -84     28    616
20210112164749922	  263  254    -84     28    618
20210112164750055	  265  255    -81     29    617
20210112164750222	  264  255    -82     29    617
20210112164750389	  264  255    -82     29    618
20210112164750555	  263  254    -84     28    618
20210112164750689	  265  256    -81     31    619
20210112164750855	  264  255    -82     29    617
20210112164751022	  264  255    -82     29    617
20210112164751189	  265  255    -81     29    617
20210112164751322	  261  254    -87     27    616
20210112164751489	  263  254    -84     28    617
20210112164751656	  262  255    -86     29    618
20210112164751822	  265  254    -81     28    617
20210112164751956	  263  254    -84     28    617
20210112164752122	  264  255    -82     29    618
20210112164752289	  264  254    -82     28    616
20210112164752422	  262  254    -85     28    617
20210112164752589	  263  254    -84     28    617
20210112164752756	  264  255    -82     29    618
20210112164752923	  263  254    -84     27    616
20210112164753056	  264  255    -82     29    618
20210112164753223	  264  255    -82     29    617
20210112164753389	  265  255    -81     29    617
20210112164753556	  262  253    -85     26    616
20210112164753689	  263  255    -84     29    617
20210112164753856	  265  255    -81     29    618
20210112164754023	  262  255    -85     29    616
20210112164754156	  263  254    -84     28    617
20210112164754323	  263  254    -84     28    617
20210112164754490	  263  254    -84     28    618
20210112164754656	  262  254    -85     27    616
20210112164754790	  264  256    -82     31    618
20210112164754956	  283  268    -53     52    639
20210112164755123	  289  269    -44     55    647
20210112164755290	  291  270    -40     57    650
20210112164755423	  294  271    -36     59    655
20210112164755590	  297  269    -31     56    659
20210112164755757	  298  269    -29     56    663
20210112164755923	  300  267    -26     53    666
20210112164756057	  302  270    -22     58    669
20210112164756223	  303  268    -20     55    669
20210112164756390	  303  269    -20     56    668
20210112164756523	  304  268    -19     55    671
20210112164756690	  304  268    -19     55    670
20210112164756857	  304  269    -19     57    672
20210112164757024	  305  269    -17     57    673
20210112164757157	  306  268    -15     55    674
20210112164757324	  306  268    -15     55    673
20210112164757490	  305  268    -17     55    674
20210112164757657	  305  267    -17     53    673
20210112164757790	  304  269    -19     57    673
20210112164757957	  305  270    -17     59    674
20210112164758124	  304  269    -19     57    675
20210112164758257	  305  269    -17     57    674
20210112164758424	  305  269    -17     57    674
20210112164758591	  304  268    -19     55    674
20210112164758757	  305  270    -17     59    674
20210112164758891	  305  269    -17     57    676
20210112164759057	  305  269    -17     57    675
20210112164759224	  306  268    -15     55    676
20210112164759391	  304  269    -19     57    674
20210112164759524	  306  268    -15     55    676
20210112164759691	  306  269    -15     57    678
20210112164759858	  306  270    -15     59    678
20210112164759991	  307  269    -14     57    677
20210112164800158	  306  267    -15     54    677
20210112164800324	  306  269    -15     57    676
20210112164800491	  306  269    -15     57    677
20210112164800624	  306  270    -15     59    676
20210112164800791	  306  269    -15     57    678
20210112164800958	  305  268    -17     55    677
20210112164801125	  306  269    -15     57    678
20210112164801258	  307  269    -14     57    677
20210112164801425	  306  269    -15     57    676
20210112164801591	  306  269    -15     57    677
20210112164801725	  306  269    -15     57    678
20210112164801891	  307  269    -14     57    678
20210112164802058	  307  268    -14     56    680
20210112164802225	  307  269    -14     57    678
20210112164802358	  307  268    -14     55    678
20210112164802525	  306  269    -15     57    678
20210112164802692	  305  270    -17     59    677
20210112164802858	  306  269    -15     57    677
20210112164802992	  307  269    -14     57    678
20210112164803158	  306  269    -15     57    678
20210112164803325	  307  269    -14     57    678
20210112164803492	  307  269    -14     57    678
20210112164803625	  307  269    -14     57    678
20210112164803792	  307  269    -14     57    677
20210112164803959	  307  269    -14     57    680
20210112164804092	  308  268    -12     55    679
