20210107191129092	  305  301    -17    112    664
20210107191129290	  304  300    -19    110    664
20210107191129388	  306  301    -15    112    665
20210107191129486	  303  302    -20    114    664
20210107191129584	  304  301    -19    112    663
20210107191129650	  303  301    -20    112    664
20210107191129715	  303  301    -20    112    664
20210107191129813	  303  301    -20    112    664
20210107191129910	  303  301    -20    112    663
20210107191130007	  304  300    -19    110    664
20210107191130105	  304  300    -19    110    664
20210107191130205	  305  301    -17    112    665
20210107191130271	  304  300    -19    110    664
20210107191130371	  305  301    -17    112    665
20210107191130471	  305  301    -17    112    664
20210107191130571	  303  301    -20    112    664
20210107191130638	  305  301    -17    112    664
20210107191130738	  305  301    -17    112    664
20210107191130805	  304  300    -19    110    665
20210107191130905	  303  301    -20    112    664
20210107191131005	  305  301    -17    112    665
20210107191131105	  305  301    -17    112    664
20210107191131171	  304  300    -19    110    664
20210107191131271	  304  300    -19    110    664
20210107191131371	  305  301    -17    112    664
20210107191131471	  304  300    -19    110    665
20210107191131570	  305  301    -17    112    664
20210107191131637	  305  301    -17    112    664
20210107191131737	  304  300    -19    110    665
20210107191131836	  305  301    -17    112    664
20210107191131903	  305  301    -17    112    664
20210107191132002	  304  300    -19    110    664
20210107191132102	  305  301    -17    112    664
20210107191132202	  305  301    -17    112    664
20210107191132302	  305  301    -17    112    664
20210107191132369	  304  301    -19    112    664
20210107191132469	  304  300    -19    110    664
20210107191132569	  303  301    -20    112    664
20210107191132636	  305  301    -17    112    664
20210107191132736	  305  301    -17    112    664
20210107191132769	  303  301    -20    112    664
20210107191133070	  305  301    -17    112    664
20210107191133271	  304  300    -19    110    664
20210107191133371	  305  301    -17    112    665
20210107191133472	  305  301    -17    112    664
20210107191133572	  304  300    -19    110    664
20210107191133673	  305  301    -17    112    664
20210107191133773	  305  301    -17    112    665
20210107191133840	  305  301    -17    112    664
20210107191133941	  305  301    -17    112    664
20210107191134042	  304  300    -19    110    665
20210107191134142	  304  300    -19    110    665
20210107191134242	  303  301    -20    112    664
20210107191134309	  304  300    -19    110    665
20210107191134409	  305  301    -17    112    664
20210107191134509	  305  301    -17    112    664
20210107191134609	  305  301    -17    112    664
20210107191134709	  305  301    -17    112    664
20210107191134809	  305  301    -17    112    664
20210107191134909	  304  300    -19    110    664
20210107191134976	  305  301    -17    112    664
20210107191135076	  303  300    -20    110    665
20210107191135176	  305  301    -17    112    664
20210107191135276	  305  301    -17    112    664
20210107191135376	  303  301    -20    112    663
20210107191135476	  304  300    -19    111    665
20210107191135543	  305  301    -17    112    665
20210107191135643	  305  301    -17    112    665
20210107191135743	  305  301    -17    112    664
20210107191135843	  306  301    -15    112    664
20210107191135943	  316  300      1    109    659
20210107191136010	  320  299      8    107    655
20210107191136110	  330  299     25    106    651
20210107191136210	  335  296     33    101    649
20210107191136310	  344  293     49     96    648
20210107191136410	  351  291     61     92    646
20210107191136510	  359  289     74     88    640
20210107191136577	  362  287     79     84    639
20210107191136677	  374  283     99     77    640
20210107191136777	  383  279    113     70    633
20210107191136877	  393  274    129     61    631
20210107191136977	  400  270    141     55    632
20210107191137043	  405  267    149     50    630
20210107191137143	  415  261    165     40    629
20210107191137243	  424  254    179     28    627
20210107191137343	  431  248    190     18    627
20210107191137443	  438  243    202     10    626
20210107191137543	  445  234    213     -4    626
20210107191137644	  452  227    226    -16    629
20210107191137710	  457  221    233    -25    626
20210107191137810	  462  213    241    -39    628
20210107191137910	  468  207    252    -49    629
20210107191138010	  470  203    254    -55    628
20210107191138110	  469  206    253    -50    630
20210107191138210	  465  210    247    -44    630
20210107191138310	  461  215    241    -36    630
20210107191138377	  462  217    241    -32    626
20210107191138477	  459  218    237    -31    629
20210107191138577	  453  225    227    -19    629
20210107191138677	  448  231    219     -9    630
20210107191138777	  445  234    213     -4    626
20210107191138877	  442  238    208      1    627
20210107191138944	  435  242    197      8    627
20210107191139044	  430  247    189     16    628
20210107191139144	  424  253    179     26    626
20210107191139244	  420  257    173     33    628
20210107191139344	  412  263    160     43    631
20210107191139444	  408  266    153     48    627
20210107191139511	  402  268    144     51    630
20210107191139611	  395  272    133     58    633
20210107191139711	  387  277    119     67    632
20210107191139811	  380  281    108     74    636
20210107191139911	  372  284     95     79    638
20210107191140011	  364  287     82     84    638
20210107191140111	  355  290     67     90    644
20210107191140177	  351  292     61     93    644
20210107191140277	  343  293     47     96    648
20210107191140378	  338  296     39    100    646
20210107191140478	  328  297     22    103    651
20210107191140578	  323  298     14    105    655
20210107191140678	  314  299     -1    107    656
20210107191140778	  307  300    -13    110    662
20210107191140878	  298  301    -29    112    666
20210107191140978	  291  300    -42    111    670
20210107191141078	  285  300    -52    112    673
20210107191141178	  276  300    -69    112    677
20210107191141278	  269  298    -82    110    682
20210107191141378	  263  297    -93    109    687
20210107191141444	  258  296   -103    107    690
20210107191141544	  252  295   -114    106    694
20210107191141645	  245  293   -128    103    699
20210107191141745	  238  290   -142     98    704
20210107191141845	  232  288   -154     95    708
20210107191141945	  226  285   -166     90    715
20210107191142045	  220  282   -179     85    721
20210107191142111	  215  280   -189     82    722
20210107191142211	  211  277   -198     77    728
20210107191142411	  201  269   -221     62    740
20210107191142511	  196  265   -232     55    746
20210107191142611	  191  262   -244     49    751
20210107191142678	  189  259   -248     44    754
20210107191142778	  185  255   -258     36    760
20210107191142878	  180  250   -270     26    765
20210107191142978	  177  245   -279     16    774
20210107191143078	  173  240   -288      6    775
20210107191143178	  171  235   -295     -3    784
20210107191143245	  169  234   -299     -5    784
20210107191143345	  171  236   -295     -1    784
20210107191143445	  173  238   -290      2    780
20210107191143545	  174  242   -285     10    774
20210107191143645	  175  242   -282     10    769
20210107191143745	  179  248   -275     22    773
20210107191143812	  181  250   -269     26    768
20210107191143912	  184  253   -262     32    763
20210107191144012	  186  256   -255     38    756
20210107191144112	  190  260   -246     46    754
20210107191144212	  194  263   -237     51    749
20210107191144312	  198  267   -228     59    745
20210107191144379	  201  269   -222     63    744
20210107191144479	  205  272   -212     68    737
20210107191144579	  210  276   -201     75    730
20210107191144679	  214  279   -192     80    725
20210107191144779	  220  282   -180     86    724
20210107191144879	  225  285   -168     90    715
20210107191144945	  230  287   -159     94    713
20210107191145045	  234  289   -150     96    705
20210107191145145	  241  291   -136    100    704
20210107191145245	  248  293   -122    103    697
20210107191145345	  255  295   -108    106    691
20210107191145445	  261  297    -97    109    689
20210107191145512	  266  298    -88    110    684
20210107191145612	  273  297    -75    108    681
20210107191145712	  280  299    -61    110    675
20210107191145812	  289  301    -45    114    674
20210107191145912	  290  301    -43    113    671
20210107191146012	  289  300    -45    111    669
20210107191146112	  289  301    -45    113    671
20210107191146212	  293  301    -38    113    672
20210107191146312	  293  301    -38    113    669
20210107191146412	  292  301    -40    112    667
20210107191146512	  295  301    -35    113    669
20210107191146579	  294  300    -36    111    670
20210107191146679	  292  301    -40    113    667
20210107191146779	  293  301    -38    113    668
20210107191146879	  295  301    -34    113    667
20210107191146979	  293  301    -38    113    669
20210107191147079	  296  301    -33    112    667
20210107191147146	  296  299    -33    109    668
20210107191147246	  294  301    -36    113    668
20210107191147346	  295  301    -34    113    667
20210107191147446	  298  301    -29    113    667
20210107191147546	  305  300    -17    110    662
20210107191147613	  311  300     -6    110    659
20210107191147713	  317  300      3    109    657
20210107191147813	  323  300     13    109    654
20210107191147913	  329  297     24    103    648
20210107191148013	  338  296     39    101    648
20210107191148113	  345  295     51     99    646
20210107191148179	  349  292     57     93    643
20210107191148279	  358  291     72     91    640
20210107191148379	  365  288     84     86    639
20210107191148479	  372  282     96     76    640
20210107191148580	  380  280    108     72    636
20210107191148680	  389  276    123     65    634
20210107191148746	  393  274    130     62    633
20210107191148846	  401  269    142     53    631
20210107191148946	  407  266    152     48    628
20210107191149046	  416  260    166     38    628
20210107191149146	  423  255    178     30    628
20210107191149246	  430  249    189     20    627
20210107191149313	  434  245    195     13    626
20210107191149413	  439  241    203      6    625
20210107191149513	  445  234    213     -4    626
20210107191149613	  451  227    224    -16    629
20210107191149713	  457  221    232    -25    625
20210107191149813	  462  214    241    -37    628
20210107191149880	  466  209    249    -45    630
20210107191149980	  471  202    256    -57    628
20210107191150080	  475  197    263    -65    628
20210107191150180	  475  195    263    -69    630
20210107191150280	  470  201    255    -59    630
20210107191150380	  468  208    252    -47    630
20210107191150447	  466  209    249    -46    631
20210107191150547	  462  212    242    -41    630
20210107191150647	  458  219    235    -29    628
20210107191150747	  453  225    227    -19    629
20210107191150847	  452  229    226    -12    629
20210107191150947	  448  232    218     -7    626
20210107191151047	  442  237    208      0    627
20210107191151147	  434  244    196     11    630
20210107191151247	  429  247    188     16    629
20210107191151314	  426  251    182     23    626
20210107191151414	  421  255    174     29    626
20210107191151514	  413  260    162     38    632
20210107191151614	  404  266    147     48    629
20210107191151714	  399  269    140     53    635
20210107191151780	  395  272    132     58    629
20210107191151880	  390  275    124     63    632
20210107191151980	  379  279    107     71    638
20210107191152080	  372  284     96     79    641
20210107191152180	  365  286     84     82    638
20210107191152280	  356  287     69     85    645
20210107191152381	  350  292     59     93    645
20210107191152481	  343  295     48     99    649
20210107191152614	  333  297     31    103    652
20210107191152714	  327  297     20    103    651
20210107191152814	  319  300      7    109    656
20210107191152914	  311  300     -6    110    661
20210107191152981	  305  300    -17    111    666
20210107191153081	  299  301    -27    113    667
20210107191153181	  291  299    -42    110    673
20210107191153281	  283  299    -56    110    675
20210107191153381	  274  300    -73    113    679
20210107191153481	  267  298    -86    110    686
20210107191153547	  262  297    -96    109    690
20210107191153647	  255  296   -109    108    692
20210107191153747	  249  294   -121    105    700
20210107191153848	  241  291   -136    100    703
20210107191153948	  235  289   -148     97    707
20210107191154048	  228  286   -163     92    715
20210107191154114	  224  284   -171     89    717
20210107191154214	  218  281   -183     84    723
20210107191154314	  213  278   -194     78    726
20210107191154414	  207  274   -208     72    736
20210107191154514	  202  271   -218     66    738
20210107191154614	  197  267   -230     59    744
20210107191154681	  194  264   -238     53    750
20210107191154781	  189  260   -248     45    753
20210107191154881	  186  256   -256     38    759
20210107191154981	  182  251   -266     28    764
20210107191155081	  178  247   -277     20    775
20210107191155181	  174  242   -286     10    775
20210107191155248	  173  239   -290      4    781
20210107191155348	  170  234   -298     -5    785
20210107191155481	  168  232   -302     -9    787
20210107191155581	  171  235   -294     -3    782
20210107191155681	  173  239   -289      4    779
20210107191155781	  174  242   -286     10    775
20210107191155881	  176  244   -280     14    771
20210107191155981	  179  248   -273     22    767
20210107191156081	  183  252   -264     30    765
20210107191156148	  184  254   -261     34    761
20210107191156248	  188  257   -251     40    754
20210107191156348	  190  260   -246     46    754
20210107191156448	  194  264   -236     53    747
20210107191156548	  199  267   -226     59    744
20210107191156648	  203  271   -216     66    736
20210107191156715	  207  274   -208     72    736
20210107191156815	  210  276   -201     75    731
20210107191156915	  217  280   -185     82    722
20210107191157015	  222  283   -174     87    716
20210107191157115	  228  286   -162     92    713
20210107191157215	  233  288   -152     95    708
20210107191157282	  237  290   -144     99    706
20210107191157382	  243  292   -132    102    701
20210107191157482	  251  295   -116    106    694
20210107191157582	  257  296   -105    107    691
20210107191157682	  264  297    -91    108    686
20210107191157815	  275  300    -70    112    676
20210107191157915	  283  300    -56    112    674
20210107191158115	  291  299    -42    109    671
20210107191158249	  288  300    -47    111    670
20210107191158349	  290  300    -43    111    669
20210107191158449	  292  300    -40    111    667
20210107191158549	  292  301    -40    113    667
20210107191158649	  293  301    -38    112    667
20210107191158749	  292  300    -40    111    667
20210107191158849	  292  302    -40    114    667
20210107191158949	  292  301    -40    112    666
20210107191159082	  292  301    -40    112    666
20210107191159182	  293  301    -38    112    665
20210107191159282	  296  300    -33    111    666
20210107191159382	  294  301    -36    112    666
20210107191159482	  296  301    -33    112    667
20210107191159582	  296  301    -33    112    665
20210107191159682	  298  301    -29    112    664
20210107191159782	  308  301    -11    111    659
20210107191159882	  317  299      3    108    658
20210107191200016	  324  299     15    107    652
20210107191200082	  330  297     25    103    652
20210107191200216	  340  295     42     99    650
20210107191200316	  346  293     52     95    646
20210107191200416	  354  292     66     93    642
20210107191200516	  363  288     81     86    640
20210107191200616	  371  284     94     79    639
20210107191200716	  377  282    103     75    636
20210107191200816	  384  279    115     70    635
20210107191200916	  394  273    131     60    632
20210107191201049	  404  268    147     51    630
20210107191201149	  411  263    159     43    630
20210107191201249	  418  259    169     36    627
20210107191201383	  428  252    186     25    627
20210107191201483	  435  245    196     13    625
20210107191201583	  441  240    206      5    625
20210107191201683	  448  232    218     -7    628
20210107191201816	  453  225    226    -19    627
20210107191201950	  461  214    240    -37    629
20210107191202050	  466  208    249    -47    630
20210107191202150	  469  201    254    -59    632
20210107191202250	  475  194    263    -70    629
20210107191202350	  475  194    263    -70    630
20210107191202483	  469  204    253    -54    630
20210107191202583	  466  207    250    -49    632
20210107191202683	  466  209    249    -45    630
20210107191202783	  463  213    242    -39    627
20210107191202916	  456  223    231    -22    627
20210107191203016	  452  226    226    -17    631
20210107191203116	  447  231    216     -9    625
20210107191203250	  442  237    208      0    627
20210107191203383	  434  245    196     13    628
20210107191203483	  426  250    182     21    627
20210107191203583	  421  255    175     30    629
20210107191203683	  416  259    166     36    628
20210107191203817	  407  266    152     48    628
20210107191203917	  399  271    139     56    631
20210107191204017	  392  274    128     61    632
20210107191204150	  381  280    110     72    633
20210107191204250	  375  282    100     75    636
20210107191204350	  367  286     87     83    641
20210107191204450	  357  289     71     88    645
20210107191204584	  347  292     54     94    645
20210107191204684	  341  294     44     98    649
20210107191204784	  332  295     29    100    651
20210107191204884	  327  297     20    103    654
20210107191205017	  316  300      1    109    657
20210107191205117	  307  300    -13    110    664
20210107191205217	  298  301    -29    113    667
20210107191205350	  289  299    -45    110    673
20210107191205450	  281  299    -60    110    675
20210107191205550	  272  300    -76    113    681
20210107191205684	  263  297    -94    109    689
20210107191205784	  257  295   -105    106    691
20210107191205884	  249  294   -120    105    697
20210107191206017	  240  291   -138    100    705
20210107191206117	  234  289   -150     97    708
20210107191206217	  226  286   -166     92    712
20210107191206351	  219  282   -182     86    723
20210107191206451	  213  279   -194     80    726
20210107191206584	  205  273   -211     69    733
20210107191206684	  200  269   -222     62    739
20210107191206784	  196  265   -232     55    746
20210107191206917	  189  260   -248     45    753
20210107191207017	  186  256   -256     38    760
20210107191207118	  182  251   -267     28    766
20210107191207251	  177  245   -279     16    774
20210107191207351	  174  240   -287      6    779
20210107191207451	  170  235   -297     -3    783
20210107191207584	  168  231   -304    -12    791
20210107191207684	  170  234   -297     -5    784
20210107191207784	  171  236   -293     -1    779
20210107191207918	  173  240   -287      6    774
20210107191208018	  175  243   -283     12    772
20210107191208118	  179  247   -275     20    772
20210107191208251	  182  251   -265     28    762
20210107191208351	  184  254   -260     34    758
20210107191208451	  189  259   -249     44    755
20210107191208685	  199  268   -225     60    742
20210107191208785	  202  270   -218     64    737
20210107191208918	  209  275   -204     73    734
20210107191209018	  213  278   -194     78    727
20210107191209118	  218  281   -183     83    720
20210107191209251	  227  285   -165     90    715
20210107191209351	  231  287   -156     93    710
20210107191209452	  238  290   -142     98    705
20210107191209585	  247  293   -125    103    701
20210107191209685	  253  295   -112    106    691
20210107191209785	  260  296    -99    107    690
20210107191209918	  269  298    -82    109    681
20210107191210018	  277  299    -67    111    677
20210107191210152	  287  301    -49    113    671
20210107191210252	  289  300    -45    112    672
20210107191210352	  287  300    -49    111    671
20210107191210485	  289  300    -45    111    668
20210107191210585	  293  301    -38    113    669
20210107191210685	  291  300    -41    111    666
20210107191210785	  292  300    -40    111    667
20210107191210918	  293  300    -38    111    668
20210107191211019	  294  301    -36    112    665
20210107191211119	  293  301    -38    112    667
20210107191211252	  294  299    -36    109    668
20210107191211352	  295  301    -34    112    666
20210107191211452	  294  301    -36    112    666
20210107191211619	  295  301    -34    112    666
20210107191211719	  296  301    -33    113    667
20210107191211819	  296  299    -33    109    668
20210107191211952	  295  300    -34    111    667
20210107191212052	  295  300    -34    111    668
20210107191212152	  295  301    -34    113    667
20210107191212252	  295  300    -34    111    668
20210107191212386	  296  301    -33    113    668
20210107191212486	  296  300    -33    111    667
20210107191212586	  296  301    -33    112    666
20210107191212719	  297  301    -31    113    667
20210107191212819	  296  300    -33    111    667
20210107191212919	  295  301    -34    112    666
20210107191213052	  296  300    -33    111    667
20210107191213152	  298  301    -29    112    666
20210107191213252	  297  301    -31    112    666
20210107191213352	  298  301    -29    112    666
20210107191213486	  297  300    -31    111    666
20210107191213619	  296  301    -33    113    667
20210107191213719	  298  301    -29    112    666
20210107191213853	  296  301    -33    112    667
20210107191213953	  296  301    -33    113    667
20210107191214053	  296  301    -33    112    665
20210107191214153	  296  301    -33    112    666
20210107191214286	  296  301    -33    112    665
20210107191214386	  296  301    -33    112    666
20210107191214486	  297  300    -31    111    666
20210107191214619	  296  301    -33    112    666
20210107191214719	  297  300    -31    111    666
20210107191214819	  299  300    -27    111    666
20210107191214953	  299  300    -27    111    666
20210107191215053	  299  301    -27    112    666
20210107191215153	  298  301    -29    112    666
20210107191215253	  299  301    -27    112    666
20210107191215386	  299  301    -27    112    666
20210107191215486	  299  301    -27    112    666
20210107191215586	  299  301    -27    112    666
20210107191215720	  299  301    -27    112    667
20210107191215820	  299  299    -27    109    667
20210107191215920	  299  300    -27    111    665
20210107191216053	  297  301    -31    112    665
20210107191216153	  297  301    -31    112    665
20210107191216253	  297  301    -31    112    666
20210107191216387	  300  301    -26    113    667
20210107191216487	  298  300    -29    111    666
20210107191216587	  297  301    -31    112    665
20210107191216687	  298  301    -29    112    665
20210107191216820	  300  301    -26    112    666
20210107191216920	  300  301    -26    112    666
20210107191217020	  300  301    -26    113    668
20210107191217153	  300  301    -26    113    667
20210107191217287	  300  300    -26    111    666
20210107191217387	  298  301    -29    112    666
20210107191217487	  299  300    -27    111    667
20210107191217620	  299  300    -27    111    666
20210107191217754	  300  299    -26    109    667
20210107191217854	  299  300    -27    111    666
20210107191217954	  299  300    -27    111    666
20210107191218087	  298  301    -29    112    665
20210107191218187	  298  301    -29    112    665
20210107191218287	  299  300    -27    111    666
20210107191218420	  298  301    -29    112    665
20210107191218520	  299  300    -27    111    666
20210107191218620	  300  301    -26    112    666
20210107191218754	  298  301    -29    112    665
20210107191218854	  299  300    -27    111    666
20210107191218954	  300  301    -26    112    666
20210107191219054	  300  301    -26    112    666
20210107191219187	  301  301    -24    112    667
20210107191219287	  298  301    -29    112    665
20210107191219387	  300  299    -26    109    668
20210107191219521	  301  301    -24    112    665
20210107191219621	  298  301    -29    112    665
20210107191219754	  298  301    -29    112    665
20210107191219854	  300  300    -26    111    666
20210107191219954	  298  301    -29    112    666
20210107191220087	  298  301    -29    112    666
20210107191220221	  298  301    -29    112    666
20210107191220321	  301  301    -24    112    666
20210107191220454	  300  299    -26    109    666
20210107191220554	  299  300    -27    110    665
20210107191220654	  300  300    -26    111    666
20210107191220754	  298  301    -29    112    665
20210107191220888	  301  301    -24    112    666
20210107191220988	  298  301    -29    112    665
20210107191221088	  300  300    -26    111    666
20210107191221221	  298  301    -29    112    665
20210107191221321	  301  301    -24    112    666
20210107191221421	  301  301    -24    112    666
20210107191221554	  301  300    -24    111    666
20210107191221654	  301  301    -24    112    666
20210107191221754	  300  300    -26    111    666
20210107191221855	  301  301    -24    112    666
20210107191221988	  300  301    -26    112    666
20210107191222088	  299  301    -27    112    665
20210107191222188	  299  301    -27    112    665
20210107191222321	  301  301    -24    112    666
20210107191222421	  299  301    -27    112    666
20210107191222555	  299  301    -27    112    666
20210107191222655	  299  301    -27    112    665
20210107191222788	  301  301    -24    112    666
20210107191222888	  299  301    -27    112    665
20210107191222988	  301  299    -24    109    666
20210107191223088	  300  300    -26    111    665
20210107191223221	  299  301    -27    112    665
20210107191223321	  299  301    -27    112    665
20210107191223455	  299  301    -27    112    665
20210107191223555	  301  301    -24    112    666
20210107191223655	  299  301    -27    112    664
20210107191223788	  299  301    -27    112    665
20210107191223888	  299  301    -27    112    665
20210107191223988	  301  301    -24    112    666
20210107191224122	  299  301    -27    112    666
20210107191224222	  299  301    -27    112    665
20210107191224322	  299  301    -27    112    665
20210107191224455	  301  299    -24    109    666
20210107191224555	  299  301    -27    112    665
20210107191224655	  299  301    -27    112    665
20210107191224755	  299  301    -27    112    665
20210107191224889	  299  301    -27    112    665
20210107191224989	  299  301    -27    112    665
20210107191225089	  299  301    -27    112    665
20210107191225222	  301  299    -24    109    666
20210107191225322	  299  301    -27    112    665
20210107191225422	  299  301    -27    112    665
20210107191225555	  299  301    -27    112    665
20210107191225655	  299  301    -27    112    665
20210107191225755	  300  300    -26    110    665
20210107191225889	  301  299    -24    109    665
20210107191225989	  299  301    -27    112    666
20210107191226122	  299  301    -27    112    665
20210107191226222	  299  301    -27    112    665
20210107191226322	  300  300    -26    111    665
20210107191226456	  300  300    -26    110    665
20210107191226556	  299  301    -27    112    665
20210107191226656	  299  301    -27    112    666
20210107191226789	  299  301    -27    112    665
20210107191226889	  299  301    -27    112    665
20210107191226989	  299  301    -27    112    665
20210107191227123	  299  301    -27    112    665
20210107191227223	  299  301    -27    112    665
20210107191227356	  299  301    -27    112    665
20210107191227456	  299  301    -27    112    665
20210107191227556	  299  301    -27    112    665
20210107191227656	  300  300    -26    110    665
20210107191227789	  299  301    -27    112    665
20210107191227889	  300  300    -26    110    665
20210107191227989	  299  301    -27    112    665
20210107191228123	  301  299    -24    109    665
20210107191228223	  301  299    -24    109    665
20210107191228323	  299  301    -27    112    665
20210107191228423	  299  301    -27    112    665
20210107191228556	  300  300    -26    110    664
20210107191228656	  301  301    -24    112    664
20210107191228756	  299  301    -27    112    666
20210107191228890	  302  302    -22    114    665
20210107191228990	  301  299    -24    109    665
20210107191229090	  299  301    -27    112    665
20210107191229223	  300  300    -26    111    665
20210107191229323	  299  301    -27    112    664
20210107191229423	  302  302    -22    114    665
20210107191229556	  299  301    -27    112    665
20210107191229656	  299  301    -27    112    665
20210107191229790	  299  301    -27    112    665
20210107191229890	  300  300    -26    110    665
20210107191230023	  301  299    -24    109    665
20210107191230123	  300  300    -26    110    665
20210107191230223	  300  300    -26    110    664
20210107191230357	  300  301    -26    112    664
20210107191230457	  302  301    -22    112    664
20210107191230557	  300  301    -26    112    664
20210107191230690	  302  299    -22    109    665
20210107191230823	  302  301    -22    112    664
20210107191230923	  302  301    -22    112    664
20210107191231057	  300  301    -26    112    664
20210107191231190	  302  301    -22    112    664
20210107191231290	  300  301    -26    112    665
20210107191231424	  302  301    -22    112    665
20210107191231524	  302  301    -22    112    664
20210107191231657	  302  301    -22    112    664
20210107191231757	  302  301    -22    112    664
20210107191231890	  302  301    -22    112    664
20210107191231990	  302  301    -22    112    664
20210107191232090	  302  301    -22    112    664
20210107191232224	  300  301    -26    112    664
20210107191232324	  302  301    -22    112    665
20210107191232424	  300  301    -26    112    664
20210107191232557	  302  301    -22    112    665
20210107191232691	  300  301    -26    112    664
20210107191232824	  302  301    -22    112    665
20210107191232957	  301  300    -24    110    665
20210107191233057	  300  301    -26    112    664
20210107191233191	  300  301    -26    112    665
20210107191233291	  301  300    -24    110    664
20210107191233424	  302  301    -22    112    664
20210107191233557	  300  301    -26    112    665
20210107191233691	  302  301    -22    112    664
20210107191233791	  300  301    -26    112    665
20210107191233891	  300  301    -26    112    664
20210107191234024	  302  301    -22    112    664
20210107191234124	  302  301    -22    112    664
20210107191234258	  302  301    -22    112    664
20210107191234391	  300  301    -26    112    664
20210107191234491	  300  301    -26    112    665
20210107191234624	  302  301    -22    112    663
20210107191234758	  300  301    -26    112    664
20210107191234891	  302  301    -22    112    664
20210107191234991	  302  301    -22    112    665
20210107191235125	  300  301    -26    112    665
20210107191235258	  302  301    -22    112    664
20210107191235391	  301  300    -24    110    664
20210107191235525	  302  299    -22    109    664
20210107191235658	  300  301    -26    112    665
20210107191235758	  300  301    -26    112    664
20210107191235891	  300  301    -26    112    665
20210107191236025	  302  299    -22    109    664
20210107191236158	  301  301    -24    112    664
20210107191236258	  300  301    -26    112    664
20210107191236391	  302  301    -22    112    664
20210107191236525	  300  301    -26    112    664
20210107191236658	  302  299    -22    109    665
20210107191236758	  300  301    -26    112    664
20210107191236892	  300  301    -25    112    664
20210107191237025	  300  301    -26    112    664
20210107191237158	  302  299    -22    109    664
20210107191237258	  300  301    -26    112    665
20210107191237392	  302  299    -22    109    664
20210107191237525	  300  301    -26    112    664
20210107191237658	  300  301    -26    112    664
20210107191237792	  302  301    -22    112    663
20210107191237892	  300  301    -26    112    664
20210107191238025	  300  301    -26    112    664
20210107191238159	  300  301    -26    112    664
20210107191238292	  300  301    -26    112    664
20210107191238425	  300  301    -26    112    664
20210107191238525	  301  300    -24    110    664
20210107191238659	  300  301    -26    112    665
20210107191238792	  300  301    -26    112    664
20210107191238925	  302  299    -22    109    665
20210107191239025	  300  301    -26    112    664
20210107191239159	  300  301    -26    112    664
20210107191239292	  302  299    -22    109    664
20210107191239426	  300  301    -26    112    664
20210107191239526	  300  301    -25    112    664
20210107191239659	  300  301    -26    112    664
20210107191239792	  300  301    -26    112    664
20210107191239926	  300  301    -26    112    664
20210107191240059	  300  301    -26    112    664
20210107191240159	  300  301    -26    112    664
20210107191240292	  300  301    -26    112    664
20210107191240426	  300  301    -25    112    664
20210107191240559	  300  301    -26    112    664
20210107191240659	  300  301    -26    112    664
20210107191240793	  300  301    -26    112    664
20210107191240926	  300  301    -26    112    664
20210107191241059	  300  301    -26    112    664
20210107191241159	  300  301    -26    112    664
20210107191241293	  300  301    -26    112    665
20210107191241426	  300  301    -26    112    664
20210107191241559	  300  301    -26    112    664
20210107191241693	  300  301    -26    112    664
20210107191241793	  300  301    -26    112    665
20210107191241926	  303  301    -20    112    663
20210107191242060	  300  301    -26    112    664
20210107191242193	  300  301    -26    112    664
20210107191242293	  302  301    -22    112    664
20210107191242426	  300  301    -26    112    664
20210107191242560	  300  301    -26    112    664
20210107191242693	  300  301    -26    112    664
20210107191242826	  300  301    -26    112    664
20210107191242926	  301  300    -24    110    664
20210107191243060	  300  301    -26    112    664
20210107191243193	  300  301    -26    112    664
20210107191243327	  300  301    -26    112    664
20210107191243427	  300  301    -25    112    663
20210107191243560	  300  301    -26    112    664
20210107191243693	  300  301    -26    112    664
20210107191243827	  300  301    -26    112    664
20210107191243927	  300  301    -26    112    664
20210107191244060	  300  301    -25    112    664
20210107191244193	  300  301    -26    112    664
20210107191244327	  300  301    -26    112    665
20210107191244427	  300  301    -25    112    664
20210107191244560	  302  301    -22    112    663
20210107191244694	  300  301    -25    112    663
20210107191244827	  300  301    -25    112    663
20210107191244960	  300  301    -25    112    663
20210107191245060	  300  301    -25    112    663
20210107191245160	  301  300    -24    110    663
