20210107191127561	  306  266    -16     52    685
20210107191128862	  306  265    -16     51    686
20210107191129092	  308  267    -12     54    686
20210107191129257	  306  265    -16     51    685
20210107191129486	  305  266    -17     52    686
20210107191129584	  306  267    -16     54    686
20210107191129650	  306  266    -16     52    686
20210107191129747	  305  265    -17     51    686
20210107191129845	  305  266    -17     52    687
20210107191129942	  306  267    -16     54    686
20210107191130040	  306  266    -16     52    686
20210107191130105	  306  266    -16     52    686
20210107191130205	  306  267    -16     54    686
20210107191130271	  306  267    -16     54    686
20210107191130371	  306  267    -16     54    687
20210107191130438	  306  267    -16     54    687
20210107191130538	  306  267    -16     54    686
20210107191130638	  306  267    -16     54    686
20210107191130738	  307  267    -14     54    687
20210107191130805	  307  267    -14     54    687
20210107191130905	  306  267    -16     54    686
20210107191131005	  306  267    -16     54    687
20210107191131071	  306  267    -16     54    686
20210107191131171	  306  267    -16     54    686
20210107191131271	  306  267    -16     54    686
20210107191131338	  306  267    -16     54    686
20210107191131437	  306  267    -16     54    686
20210107191131537	  307  267    -14     54    686
20210107191131637	  306  267    -16     54    686
20210107191131737	  306  267    -16     54    686
20210107191131836	  306  267    -16     54    686
20210107191131903	  307  267    -14     54    686
20210107191132002	  306  267    -16     54    686
20210107191132102	  306  267    -16     54    686
20210107191132169	  306  267    -16     54    686
20210107191132269	  306  267    -16     54    686
20210107191132369	  307  267    -14     54    686
20210107191132436	  306  267    -16     54    686
20210107191132536	  306  267    -16     54    687
20210107191132636	  307  267    -14     54    686
20210107191132736	  306  267    -16     54    686
20210107191132769	  306  266    -16     52    686
20210107191133070	  306  267    -16     54    686
20210107191133304	  306  267    -16     54    686
20210107191133405	  306  267    -16     54    686
20210107191133505	  306  267    -16     54    686
20210107191133606	  306  267    -16     54    686
20210107191133706	  306  267    -16     54    686
20210107191133773	  306  267    -16     54    687
20210107191133874	  306  267    -16     54    687
20210107191133975	  306  267    -16     54    686
20210107191134075	  307  267    -14     54    686
20210107191134176	  305  267    -17     54    687
20210107191134242	  306  267    -16     54    686
20210107191134342	  306  267    -16     54    686
20210107191134442	  306  267    -16     54    687
20210107191134542	  306  267    -16     54    686
20210107191134643	  307  267    -14     54    686
20210107191134743	  306  267    -16     54    686
20210107191134843	  306  267    -16     54    686
20210107191134909	  306  267    -16     54    686
20210107191135009	  306  267    -16     54    686
20210107191135110	  306  267    -16     54    686
20210107191135210	  306  267    -16     54    686
20210107191135310	  306  267    -16     54    687
20210107191135410	  306  267    -16     54    686
20210107191135476	  306  267    -16     54    687
20210107191135576	  306  267    -16     54    686
20210107191135676	  306  267    -16     54    686
20210107191135776	  306  267    -16     54    686
20210107191135876	  309  267    -10     54    686
20210107191135976	  317  265      3     50    680
20210107191136043	  321  265     10     50    677
20210107191136143	  326  264     19     48    677
20210107191136243	  331  262     28     44    674
20210107191136343	  338  261     40     43    672
20210107191136443	  344  259     51     39    671
20210107191136543	  350  257     61     35    667
20210107191136643	  356  255     72     32    666
20210107191136710	  361  253     80     28    664
20210107191136810	  368  249     92     21    662
20210107191136910	  375  246    104     16    661
20210107191137010	  381  243    114     10    660
20210107191137110	  388  239    126      3    657
20210107191137177	  393  236    135     -1    657
20210107191137277	  400  232    146     -8    657
20210107191137377	  405  227    155    -16    656
20210107191137477	  412  222    167    -25    658
20210107191137577	  418  217    177    -34    655
20210107191137677	  424  211    188    -44    656
20210107191137744	  428  207    194    -51    656
20210107191137844	  432  201    201    -61    655
20210107191137944	  437  195    210    -72    657
20210107191138044	  439  194    213    -73    656
20210107191138144	  435  198    206    -66    656
20210107191138244	  432  202    201    -59    655
20210107191138310	  430  204    197    -56    655
20210107191138410	  429  206    196    -53    655
20210107191138510	  425  210    189    -46    655
20210107191138610	  422  213    184    -41    655
20210107191138710	  418  217    177    -34    656
20210107191138810	  415  220    172    -28    655
20210107191138877	  411  223    165    -23    657
20210107191138977	  406  227    157    -16    656
20210107191139077	  402  230    149    -11    655
20210107191139177	  397  234    142     -4    658
20210107191139277	  392  237    133      0    659
20210107191139377	  387  240    124      5    658
20210107191139444	  384  241    119      7    658
20210107191139544	  378  244    109     12    659
20210107191139644	  373  247    101     17    662
20210107191139744	  367  250     90     23    662
20210107191139844	  362  252     82     26    663
20210107191139944	  355  255     70     31    665
20210107191140044	  349  257     59     35    667
20210107191140144	  344  259     51     39    670
20210107191140211	  341  260     46     41    671
20210107191140311	  334  261     33     42    672
20210107191140411	  328  262     23     44    675
20210107191140511	  324  264     16     48    677
20210107191140611	  318  265      5     50    679
20210107191140711	  312  266     -5     52    681
20210107191140778	  309  266    -10     52    684
20210107191140878	  303  267    -21     54    688
20210107191140978	  296  267    -34     55    693
20210107191141078	  290  266    -45     53    695
20210107191141178	  285  266    -54     53    697
20210107191141278	  279  266    -66     53    699
20210107191141344	  276  265    -71     52    702
20210107191141444	  270  266    -83     54    708
20210107191141544	  265  264    -93     51    712
20210107191141645	  260  262   -102     47    711
20210107191141745	  254  261   -114     45    716
20210107191141811	  251  258   -120     40    719
20210107191141911	  246  258   -130     40    722
20210107191142011	  242  256   -139     36    726
20210107191142111	  236  254   -151     33    730
20210107191142211	  233  252   -157     29    733
20210107191142311	  228  249   -168     23    738
20210107191142378	  226  247   -172     19    740
20210107191142478	  222  244   -182     14    747
20210107191142578	  218  242   -191     10    751
20210107191142678	  215  239   -197      4    754
20210107191142778	  211  236   -207     -1    760
20210107191142878	  208  233   -214     -7    764
20210107191142978	  205  230   -221    -13    767
20210107191143078	  201  226   -231    -22    775
20210107191143178	  199  223   -236    -28    777
20210107191143245	  198  222   -238    -30    778
20210107191143345	  199  224   -236    -26    778
20210107191143445	  200  226   -233    -22    776
20210107191143545	  202  228   -229    -17    773
20210107191143645	  203  228   -226    -17    772
20210107191143745	  206  231   -219    -11    767
20210107191143812	  208  234   -214     -5    766
20210107191143912	  211  235   -207     -3    762
20210107191144012	  212  237   -204      0    755
20210107191144112	  216  240   -195      6    752
20210107191144212	  220  243   -186     12    746
20210107191144312	  222  245   -181     16    741
20210107191144379	  225  247   -175     19    743
20210107191144479	  228  248   -168     21    740
20210107191144579	  233  252   -157     29    729
20210107191144679	  235  253   -152     31    727
20210107191144779	  241  256   -140     36    725
20210107191144879	  244  257   -134     38    720
20210107191144979	  250  259   -122     42    718
20210107191145079	  254  260   -113     43    711
20210107191145179	  259  262   -104     47    711
20210107191145245	  263  263    -96     49    710
20210107191145345	  268  264    -87     50    709
20210107191145445	  273  265    -77     52    704
20210107191145545	  279  266    -66     54    702
20210107191145645	  284  266    -56     53    697
20210107191145745	  290  267    -45     55    696
20210107191145812	  294  267    -38     55    697
20210107191145912	  297  267    -32     55    694
20210107191146012	  295  267    -36     55    692
20210107191146112	  295  267    -36     55    695
20210107191146212	  297  267    -32     55    694
20210107191146312	  297  267    -32     55    692
20210107191146379	  298  267    -30     55    690
20210107191146479	  298  267    -30     55    692
20210107191146579	  299  267    -28     55    692
20210107191146679	  298  267    -30     55    692
20210107191146779	  299  267    -28     55    692
20210107191146879	  299  267    -28     55    690
20210107191146946	  299  267    -28     55    692
20210107191147046	  299  267    -28     55    691
20210107191147146	  300  267    -27     55    691
20210107191147246	  300  267    -27     55    691
20210107191147346	  301  267    -25     55    691
20210107191147446	  301  267    -25     55    691
20210107191147546	  307  266    -14     52    685
20210107191147613	  311  266     -6     52    681
20210107191147713	  316  266      1     52    681
20210107191147813	  320  265      9     50    678
20210107191147913	  326  265     19     50    673
20210107191148046	  333  262     32     44    675
20210107191148146	  338  261     40     42    671
20210107191148246	  344  259     51     39    669
20210107191148313	  349  257     60     35    671
20210107191148413	  354  255     68     32    668
20210107191148513	  360  253     78     28    663
20210107191148613	  366  250     89     23    662
20210107191148713	  372  248     99     19    663
20210107191148813	  377  245    107     14    660
20210107191148913	  383  242    118      9    658
20210107191148980	  387  240    124      5    658
20210107191149080	  393  236    135     -1    657
20210107191149180	  398  232    143     -8    658
20210107191149280	  404  229    153    -13    656
20210107191149380	  409  224    162    -22    655
20210107191149446	  412  222    167    -25    657
20210107191149546	  418  217    177    -34    656
20210107191149646	  424  211    187    -44    655
20210107191149746	  428  206    193    -52    653
20210107191149847	  433  201    202    -61    654
20210107191149947	  437  195    210    -72    657
20210107191150013	  439  192    213    -77    656
20210107191150113	  442  185    219    -89    658
20210107191150213	  442  188    218    -84    655
20210107191150313	  437  194    209    -73    656
20210107191150413	  434  199    205    -65    657
20210107191150513	  432  201    200    -61    654
20210107191150580	  431  203    198    -58    653
20210107191150680	  426  208    190    -49    653
20210107191150780	  422  213    184    -41    657
20210107191150880	  419  215    179    -37    655
20210107191150980	  417  218    175    -32    655
20210107191151080	  411  223    165    -23    656
20210107191151147	  407  226    159    -18    658
20210107191151247	  403  229    151    -13    656
20210107191151347	  398  233    143     -6    656
20210107191151447	  393  236    134     -1    657
20210107191151547	  388  240    126      5    658
20210107191151647	  382  242    116      9    659
20210107191151747	  377  244    107     12    659
20210107191151847	  372  247     99     17    660
20210107191151947	  365  251     87     24    663
20210107191152047	  361  253     80     28    665
20210107191152114	  356  254     72     30    665
20210107191152214	  350  256     61     33    667
20210107191152314	  345  259     53     39    670
20210107191152447	  336  261     37     43    674
20210107191152547	  331  257     28     36    681
20210107191152681	  324  264     16     48    676
20210107191152781	  318  265      5     50    679
20210107191152847	  315  265      0     50    681
20210107191152947	  309  266    -10     52    686
20210107191153047	  304  267    -19     55    690
20210107191153147	  297  267    -32     55    692
20210107191153247	  291  267    -43     55    695
20210107191153347	  286  266    -53     53    698
20210107191153414	  282  266    -60     54    701
20210107191153514	  276  266    -72     54    705
20210107191153647	  268  264    -87     50    708
20210107191153714	  265  264    -93     51    710
20210107191153814	  258  262   -106     47    710
20210107191153914	  253  261   -116     45    715
20210107191154014	  249  259   -124     42    718
20210107191154114	  243  257   -136     38    722
20210107191154214	  239  255   -144     34    725
20210107191154314	  234  253   -154     30    725
20210107191154414	  230  250   -164     25    737
20210107191154514	  225  247   -174     19    740
20210107191154581	  223  245   -179     16    744
20210107191154681	  219  243   -188     12    747
20210107191154781	  216  240   -195      6    753
20210107191154881	  212  237   -205      0    758
20210107191154981	  209  234   -212     -5    763
20210107191155081	  206  231   -219    -11    767
20210107191155181	  202  228   -229    -17    776
20210107191155281	  200  224   -235    -26    777
20210107191155348	  198  222   -238    -30    777
20210107191155448	  196  220   -243    -34    780
20210107191155548	  198  222   -238    -30    777
20210107191155648	  201  226   -232    -21    778
20210107191155748	  202  227   -229    -19    776
20210107191155848	  203  228   -226    -17    770
20210107191155915	  204  230   -222    -13    765
20210107191156015	  208  233   -214     -7    763
20210107191156115	  210  235   -209     -3    762
20210107191156215	  211  238   -206      2    756
20210107191156315	  215  239   -197      4    753
20210107191156415	  219  242   -188     10    748
20210107191156515	  222  244   -182     14    747
20210107191156615	  226  247   -172     19    740
20210107191156682	  228  249   -169     23    740
20210107191156782	  231  251   -162     27    734
20210107191156882	  236  253   -151     31    730
20210107191157015	  242  256   -138     36    723
20210107191157115	  247  258   -129     40    723
20210107191157215	  251  259   -120     42    718
20210107191157282	  254  261   -114     45    717
20210107191157415	  260  262   -102     47    711
20210107191157515	  266  264    -91     51    712
20210107191157615	  271  265    -81     52    705
20210107191157715	  277  266    -70     54    702
20210107191157815	  283  266    -58     53    697
20210107191157882	  288  267    -49     55    695
20210107191157982	  293  267    -39     55    694
20210107191158082	  297  267    -32     55    692
20210107191158182	  294  267    -38     55    693
20210107191158282	  295  267    -36     55    693
20210107191158382	  296  267    -34     55    690
20210107191158482	  297  267    -32     55    690
20210107191158582	  296  267    -34     55    690
20210107191158682	  297  267    -32     55    691
20210107191158782	  297  267    -32     55    691
20210107191158882	  298  267    -30     55    691
20210107191158982	  298  267    -30     55    690
20210107191159082	  298  267    -30     55    690
20210107191159216	  299  267    -28     55    690
20210107191159316	  299  267    -28     55    690
20210107191159416	  299  267    -28     55    690
20210107191159549	  300  267    -27     55    691
20210107191159649	  301  267    -25     55    689
20210107191159749	  307  267    -14     54    685
20210107191159849	  314  266     -1     52    683
20210107191159949	  319  265      7     50    678
20210107191200049	  323  264     14     48    676
20210107191200149	  330  262     26     44    674
20210107191200249	  335  261     35     43    674
20210107191200349	  340  260     44     41    671
20210107191200483	  348  257     58     35    670
20210107191200549	  352  256     65     33    668
20210107191200683	  360  253     78     28    664
20210107191200783	  366  250     89     23    662
20210107191200883	  372  248     99     19    662
20210107191200983	  377  245    107     14    659
20210107191201083	  384  242    119      9    659
20210107191201183	  390  238    130      2    659
20210107191201316	  397  234    141     -4    656
20210107191201416	  403  230    151    -11    656
20210107191201516	  408  225    160    -20    656
20210107191201616	  414  221    170    -27    655
20210107191201750	  420  215    180    -37    655
20210107191201783	  422  213    184    -41    656
20210107191201983	  431  201    199    -61    654
20210107191202083	  436  197    208    -68    657
20210107191202183	  440  192    214    -77    655
20210107191202283	  443  187    219    -85    655
20210107191202416	  440  191    214    -78    655
20210107191202516	  437  194    210    -73    657
20210107191202616	  435  199    206    -65    657
20210107191202750	  432  202    200    -59    653
20210107191202850	  428  206    194    -53    655
20210107191202950	  424  211    188    -44    657
20210107191203083	  419  215    179    -37    655
20210107191203183	  415  219    171    -30    654
20210107191203283	  410  223    164    -23    657
20210107191203383	  406  227    157    -16    657
20210107191203517	  398  232    143     -8    657
20210107191203617	  394  235    136     -3    657
20210107191203717	  390  238    129      2    657
20210107191203850	  383  242    117      9    658
20210107191203950	  377  245    107     14    660
20210107191204050	  371  248     97     19    662
20210107191204150	  365  251     87     24    661
20210107191204283	  357  254     73     30    666
20210107191204383	  351  255     63     32    670
20210107191204483	  345  258     53     37    670
20210107191204617	  338  260     40     41    672
20210107191204717	  331  258     28     37    677
20210107191204817	  325  263     18     46    676
20210107191204950	  319  265      7     50    679
20210107191205050	  313  265     -3     50    680
20210107191205150	  305  266    -17     52    685
20210107191205250	  301  267    -25     55    693
20210107191205384	  292  267    -41     55    695
20210107191205484	  287  267    -51     55    698
20210107191205584	  280  266    -64     54    701
20210107191205717	  272  265    -79     52    705
20210107191205817	  267  264    -89     50    707
20210107191205917	  261  262   -100     47    710
20210107191206017	  256  261   -110     45    715
20210107191206151	  249  259   -124     42    720
20210107191206251	  245  256   -132     36    721
20210107191206351	  239  255   -145     34    727
20210107191206484	  233  252   -157     29    731
20210107191206584	  228  249   -168     23    737
20210107191206684	  224  246   -177     18    743
20210107191206817	  220  243   -186     12    748
20210107191206917	  213  240   -201      6    752
20210107191207017	  212  237   -205      0    760
20210107191207118	  209  234   -212     -5    764
20210107191207251	  204  229   -224    -15    770
20210107191207384	  200  225   -233    -24    775
20210107191207484	  198  222   -239    -30    779
20210107191207584	  197  220   -242    -34    783
20210107191207684	  198  222   -238    -30    778
20210107191207818	  200  225   -233    -24    774
20210107191207918	  201  226   -231    -21    774
20210107191208018	  203  228   -226    -17    773
20210107191208151	  207  232   -217     -9    766
20210107191208251	  209  234   -211     -5    761
20210107191208351	  211  236   -206     -1    757
20210107191208485	  217  240   -194      6    756
20210107191208585	  219  242   -188     10    750
20210107191208685	  222  245   -181     16    744
20210107191208785	  225  247   -174     19    739
20210107191208918	  231  251   -162     27    735
20210107191209018	  234  253   -155     31    731
20210107191209118	  239  254   -145     32    726
20210107191209218	  245  257   -132     38    722
20210107191209351	  250  259   -122     42    718
20210107191209452	  255  261   -112     45    715
20210107191209552	  260  262   -102     47    713
20210107191209685	  267  264    -89     50    708
20210107191209785	  272  265    -79     52    706
20210107191209918	  280  266    -64     53    699
20210107191210052	  288  268    -49     57    695
20210107191210152	  294  267    -38     55    694
20210107191210285	  294  267    -38     55    693
20210107191210385	  295  268    -36     57    694
20210107191210485	  295  267    -35     55    691
20210107191210618	  297  267    -32     55    692
20210107191210718	  297  267    -32     55    689
20210107191210818	  297  267    -32     55    691
20210107191210918	  298  267    -30     55    692
20210107191211052	  298  267    -30     55    690
20210107191211152	  298  267    -30     55    691
20210107191211252	  298  267    -30     55    690
20210107191211385	  299  267    -28     55    690
20210107191211485	  298  267    -30     55    692
20210107191211585	  299  267    -28     55    691
20210107191211719	  299  267    -28     55    691
20210107191211819	  299  267    -28     55    692
20210107191211919	  300  267    -27     55    692
20210107191212052	  300  267    -27     55    691
20210107191212152	  300  267    -27     55    691
20210107191212252	  300  267    -27     55    691
20210107191212352	  300  267    -27     55    691
20210107191212486	  300  267    -27     55    690
20210107191212586	  300  267    -27     55    691
20210107191212686	  300  267    -27     55    690
20210107191212819	  300  267    -27     55    691
20210107191212919	  301  266    -25     53    690
20210107191213019	  301  267    -25     55    690
20210107191213152	  302  265    -23     51    690
20210107191213286	  301  267    -25     55    690
20210107191213386	  301  267    -25     55    690
20210107191213519	  301  267    -25     55    690
20210107191213619	  301  267    -25     55    690
20210107191213719	  300  267    -27     55    690
20210107191213819	  301  267    -25     55    690
20210107191213953	  301  268    -25     56    690
20210107191214053	  301  267    -25     55    690
20210107191214153	  301  267    -25     55    690
20210107191214286	  301  267    -25     55    690
20210107191214386	  302  267    -23     55    690
20210107191214486	  302  267    -23     55    691
20210107191214619	  301  267    -25     55    691
20210107191214719	  301  267    -25     55    690
20210107191214819	  301  267    -25     55    690
20210107191214920	  301  267    -25     55    690
20210107191215053	  301  267    -25     55    689
20210107191215153	  302  267    -23     55    690
20210107191215253	  302  267    -23     54    689
20210107191215386	  302  267    -23     55    689
20210107191215486	  302  267    -23     55    690
20210107191215586	  302  267    -23     54    689
20210107191215720	  301  267    -25     54    688
20210107191215820	  302  267    -23     55    689
20210107191215920	  302  267    -23     54    687
20210107191216020	  302  267    -23     54    689
20210107191216153	  304  268    -19     56    689
20210107191216253	  302  267    -23     54    688
20210107191216353	  302  267    -23     54    688
20210107191216487	  303  267    -21     54    688
20210107191216587	  302  267    -23     55    689
20210107191216687	  302  267    -23     54    688
20210107191216787	  303  267    -21     55    689
20210107191216953	  302  267    -23     54    689
20210107191217053	  302  267    -23     54    689
20210107191217153	  303  267    -21     54    688
20210107191217287	  302  268    -23     56    689
20210107191217387	  302  267    -23     54    688
20210107191217487	  303  267    -21     54    689
20210107191217620	  303  267    -21     54    688
20210107191217720	  303  267    -21     54    687
20210107191217820	  303  267    -21     54    687
20210107191217920	  302  267    -23     54    688
20210107191218054	  303  267    -21     54    687
20210107191218154	  303  267    -21     54    688
20210107191218254	  302  267    -23     54    687
20210107191218420	  303  267    -21     54    688
20210107191218520	  303  267    -21     54    686
20210107191218620	  303  267    -21     54    688
20210107191218754	  305  264    -17     49    686
20210107191218854	  303  267    -21     54    687
20210107191218954	  303  267    -21     54    689
20210107191219054	  302  267    -23     54    687
20210107191219187	  303  267    -21     54    687
20210107191219287	  304  265    -19     51    687
20210107191219421	  303  267    -21     54    687
20210107191219554	  303  267    -21     54    687
20210107191219654	  303  267    -21     54    687
20210107191219754	  303  268    -21     56    688
20210107191219887	  303  267    -21     54    686
20210107191219987	  303  267    -21     54    688
20210107191220087	  303  267    -21     54    687
20210107191220187	  302  268    -23     56    688
20210107191220321	  303  267    -21     54    687
20210107191220421	  303  267    -21     54    688
20210107191220521	  303  267    -21     54    687
20210107191220654	  303  267    -21     54    687
20210107191220754	  305  268    -17     56    687
20210107191220854	  303  267    -21     54    687
20210107191220988	  303  267    -21     54    688
20210107191221088	  303  267    -21     54    687
20210107191221188	  303  267    -21     54    687
20210107191221321	  305  263    -17     47    688
20210107191221421	  304  267    -19     54    687
20210107191221521	  303  267    -21     54    687
20210107191221654	  303  267    -21     54    686
20210107191221754	  304  264    -19     49    687
20210107191221855	  303  267    -21     54    687
20210107191221955	  304  267    -19     54    687
20210107191222088	  303  267    -21     54    687
20210107191222188	  303  266    -21     53    687
20210107191222288	  303  266    -21     52    686
20210107191222421	  303  266    -21     52    686
20210107191222521	  303  267    -21     54    686
20210107191222621	  303  267    -21     54    686
20210107191222755	  303  267    -21     54    687
20210107191222888	  303  266    -21     52    686
20210107191222988	  303  267    -21     54    686
20210107191223088	  303  267    -21     54    686
20210107191223221	  303  267    -21     54    686
20210107191223321	  303  267    -21     54    686
20210107191223455	  303  267    -21     54    686
20210107191223555	  303  267    -21     54    686
20210107191223655	  302  267    -23     54    687
20210107191223788	  303  267    -21     54    686
20210107191223888	  304  267    -19     54    686
20210107191223988	  303  267    -21     54    686
20210107191224088	  303  267    -21     54    686
20210107191224222	  304  267    -19     54    687
20210107191224322	  303  267    -21     54    687
20210107191224422	  304  267    -19     54    686
20210107191224555	  303  267    -21     54    686
20210107191224655	  304  267    -19     54    687
20210107191224755	  304  267    -19     54    686
20210107191224889	  303  267    -21     54    686
20210107191224989	  304  268    -19     56    686
20210107191225089	  303  267    -21     54    686
20210107191225189	  304  267    -19     54    686
20210107191225322	  303  267    -21     54    686
20210107191225422	  303  267    -21     54    686
20210107191225522	  303  267    -21     54    686
20210107191225655	  303  267    -21     54    686
20210107191225755	  303  267    -21     54    687
20210107191225889	  304  267    -19     54    686
20210107191225989	  303  267    -21     54    686
20210107191226122	  304  267    -19     54    686
20210107191226256	  303  267    -21     54    686
20210107191226356	  304  266    -19     52    686
20210107191226489	  304  267    -19     54    686
20210107191226589	  304  267    -19     54    686
20210107191226722	  304  267    -19     54    685
20210107191226822	  304  267    -19     54    686
20210107191226956	  304  267    -19     54    686
20210107191227089	  304  267    -19     54    686
20210107191227189	  304  267    -19     54    686
20210107191227289	  304  267    -19     54    686
20210107191227423	  303  267    -21     54    686
20210107191227523	  304  267    -19     54    686
20210107191227623	  303  267    -21     54    686
20210107191227723	  304  267    -19     54    686
20210107191227889	  304  267    -19     54    686
20210107191227989	  304  267    -19     54    686
20210107191228089	  304  267    -19     54    686
20210107191228223	  304  267    -19     54    687
20210107191228323	  304  267    -19     54    686
20210107191228423	  304  267    -19     54    685
20210107191228556	  304  267    -19     54    686
20210107191228656	  304  267    -19     54    686
20210107191228756	  304  267    -19     54    686
20210107191228856	  304  267    -19     54    686
20210107191228990	  304  267    -19     54    686
20210107191229123	  304  267    -19     54    685
20210107191229256	  304  267    -19     54    686
20210107191229356	  304  267    -19     54    686
20210107191229490	  303  267    -21     54    686
20210107191229623	  304  267    -19     54    685
20210107191229723	  304  267    -19     54    685
20210107191229857	  304  267    -19     54    686
20210107191229990	  304  268    -19     56    686
20210107191230090	  304  267    -19     54    685
20210107191230190	  304  267    -19     54    686
20210107191230323	  304  267    -19     54    685
20210107191230423	  304  267    -19     54    686
20210107191230557	  304  267    -19     54    685
20210107191230657	  303  266    -21     52    686
20210107191230757	  304  267    -19     54    685
20210107191230890	  304  267    -19     54    685
20210107191231023	  304  267    -19     54    685
20210107191231124	  304  267    -19     54    686
20210107191231224	  304  267    -19     54    685
20210107191231357	  304  267    -19     54    686
20210107191231457	  304  267    -19     54    685
20210107191231557	  304  267    -19     54    686
20210107191231690	  304  267    -19     54    685
20210107191231824	  304  267    -19     54    686
20210107191231957	  304  267    -19     54    685
20210107191232090	  304  267    -19     54    685
20210107191232190	  304  267    -19     54    686
20210107191232290	  304  267    -19     54    686
20210107191232424	  304  267    -19     54    685
20210107191232524	  304  266    -19     52    685
20210107191232657	  304  267    -19     54    685
20210107191232791	  304  267    -19     54    685
20210107191232924	  304  267    -19     54    685
20210107191233057	  303  266    -21     52    684
20210107191233157	  304  267    -19     54    685
20210107191233291	  304  267    -19     54    684
20210107191233424	  304  267    -19     54    685
20210107191233524	  304  267    -19     54    685
20210107191233624	  303  266    -21     52    685
20210107191233758	  304  267    -19     54    684
20210107191233858	  304  267    -19     54    684
20210107191233991	  304  267    -19     54    684
20210107191234124	  304  267    -19     54    684
20210107191234224	  304  267    -19     54    684
20210107191234358	  304  267    -19     54    685
20210107191234458	  304  267    -19     54    684
20210107191234558	  304  267    -19     54    685
20210107191234691	  304  267    -19     54    685
20210107191234824	  304  266    -19     52    686
20210107191234958	  304  267    -19     54    685
20210107191235058	  304  267    -19     54    685
20210107191235191	  304  267    -19     54    686
20210107191235325	  305  267    -17     54    685
20210107191235458	  306  266    -16     52    685
20210107191235591	  304  267    -19     54    685
20210107191235691	  304  267    -19     54    685
20210107191235825	  304  267    -19     54    685
20210107191235958	  304  267    -19     54    685
20210107191236091	  304  267    -19     54    686
20210107191236225	  304  267    -19     54    685
20210107191236358	  304  267    -19     54    685
20210107191236491	  304  267    -19     54    685
20210107191236592	  304  267    -19     54    685
20210107191236725	  304  267    -19     54    685
20210107191236858	  304  267    -19     54    684
20210107191236958	  304  267    -19     54    685
20210107191237092	  304  266    -19     52    685
20210107191237225	  304  266    -19     52    685
20210107191237358	  304  267    -19     54    685
20210107191237458	  304  267    -19     54    685
20210107191237592	  304  267    -19     54    685
20210107191237725	  304  267    -19     54    685
20210107191237858	  304  267    -19     54    685
20210107191237958	  304  267    -19     54    685
20210107191238092	  304  266    -19     52    685
20210107191238225	  304  267    -19     54    685
20210107191238359	  304  267    -19     54    685
20210107191238492	  305  267    -17     54    685
20210107191238592	  304  267    -19     54    685
20210107191238725	  304  267    -19     54    685
20210107191238859	  304  267    -19     54    685
20210107191238992	  304  267    -19     54    684
20210107191239125	  304  267    -19     54    685
20210107191239225	  304  267    -19     54    685
20210107191239359	  304  267    -19     54    685
20210107191239492	  304  267    -19     54    685
20210107191239626	  305  267    -17     54    685
20210107191239726	  307  266    -14     52    685
20210107191239859	  304  266    -19     52    685
20210107191239992	  306  266    -16     52    685
20210107191240126	  304  267    -19     54    685
20210107191240259	  304  267    -19     54    685
20210107191240392	  304  267    -19     54    685
20210107191240492	  304  267    -19     54    686
20210107191240626	  304  267    -19     54    685
20210107191240759	  304  267    -19     54    685
20210107191240893	  304  266    -19     52    685
20210107191241026	  304  267    -19     54    686
20210107191241126	  304  267    -19     54    686
20210107191241259	  304  267    -19     54    685
20210107191241393	  304  266    -19     52    686
20210107191241526	  304  267    -19     54    685
20210107191241626	  304  267    -19     54    685
20210107191241759	  304  267    -19     54    685
20210107191241893	  304  267    -19     54    685
20210107191242026	  304  266    -19     52    686
20210107191242126	  304  267    -19     54    685
20210107191242260	  304  267    -19     54    686
20210107191242393	  304  267    -19     54    685
20210107191242526	  304  267    -19     54    685
20210107191242660	  304  267    -19     54    686
20210107191242760	  304  267    -19     54    685
20210107191242893	  304  267    -19     54    685
20210107191243027	  304  266    -19     52    686
20210107191243160	  304  267    -19     54    685
20210107191243293	  304  267    -19     54    685
20210107191243393	  304  267    -19     54    685
20210107191243527	  304  267    -19     54    685
20210107191243660	  305  267    -17     54    685
20210107191243793	  304  267    -19     54    686
20210107191243927	  304  267    -19     54    685
20210107191244027	  304  267    -19     54    686
20210107191244160	  304  266    -19     52    686
20210107191244294	  304  267    -19     54    685
20210107191244427	  304  267    -19     54    685
20210107191244527	  304  267    -19     54    686
20210107191244660	  304  267    -19     54    686
20210107191244794	  304  267    -19     54    685
20210107191244927	  304  267    -19     54    685
20210107191245060	  304  267    -19     54    685
20210107191245160	  304  267    -19     54    686
