20210112165034333	  274  262    -68     42    634
20210112165034407	  274  263    -68     43    634
20210112165034442	  275  262    -66     42    634
20210112165034478	  275  262    -66     42    633
20210112165034513	  275  263    -66     43    634
20210112165034581	  275  263    -66     43    633
20210112165034650	  275  263    -66     43    634
20210112165034684	  274  263    -68     43    633
20210112165034751	  274  263    -68     43    633
20210112165034785	  274  263    -68     43    633
20210112165034785	  275  263    -66     43    633
20210112165034885	  274  263    -68     43    633
20210112165034984	  274  264    -68     45    633
20210112165035017	  274  263    -68     43    633
20210112165035050	  275  263    -66     43    632
20210112165035083	  276  263    -64     43    633
20210112165035116	  275  263    -66     43    632
20210112165035148	  274  264    -68     45    632
20210112165035181	  275  263    -66     43    633
20210112165035214	  276  262    -64     42    633
20210112165035279	  275  263    -66     43    632
20210112165035311	  275  263    -66     43    633
20210112165035345	  275  263    -66     43    632
20210112165035378	  275  263    -66     43    633
20210112165035444	  275  263    -66     43    633
20210112165035477	  275  263    -66     43    633
20210112165035510	  275  263    -66     43    633
20210112165035543	  275  263    -66     43    632
20210112165035642	  275  263    -66     43    633
20210112165035675	  275  264    -66     45    633
20210112165035741	  274  263    -68     43    633
20210112165035774	  275  264    -66     45    632
20210112165035807	  274  263    -68     43    633
20210112165035872	  274  263    -68     43    633
20210112165035905	  274  263    -68     43    633
20210112165035937	  274  263    -68     43    633
20210112165036003	  274  263    -68     43    633
20210112165036035	  274  263    -68     43    633
20210112165036068	  274  263    -68     43    633
20210112165036100	  274  263    -68     43    633
20210112165036100	  274  263    -68     43    633
20210112165036100	  275  264    -66     45    634
20210112165036100	  274  265    -68     47    633
20210112165036230	  275  264    -66     45    634
20210112165036294	  275  264    -66     45    633
20210112165036326	  275  263    -66     43    633
20210112165036391	  275  263    -66     43    634
20210112165036583	  275  263    -66     43    634
20210112165036583	  276  264    -64     45    634
20210112165036648	  276  264    -64     45    634
20210112165036681	  276  264    -64     45    634
20210112165036747	  275  264    -66     45    634
20210112165036814	  275  263    -66     43    634
20210112165036847	  275  263    -66     43    633
20210112165036880	  276  264    -64     45    634
20210112165036913	  276  264    -64     45    634
20210112165036946	  276  264    -64     45    634
20210112165036979	  276  264    -64     45    634
20210112165037013	  276  264    -64     45    634
20210112165037013	  275  263    -66     43    634
20210112165037079	  273  263    -69     43    634
20210112165037112	  276  264    -64     45    634
20210112165037145	  275  263    -66     43    633
20210112165037179	  276  264    -64     45    634
20210112165037212	  275  263    -66     43    632
20210112165037245	  275  263    -66     43    633
20210112165037344	  274  264    -68     45    633
20210112165037377	  275  263    -66     43    634
20210112165037411	  276  264    -64     45    634
20210112165037444	  276  264    -64     45    633
20210112165037477	  276  264    -64     45    634
20210112165037510	  275  263    -66     43    634
20210112165037543	  274  264    -68     45    634
20210112165037609	  276  264    -64     45    634
20210112165037643	  275  263    -66     43    634
20210112165037676	  276  264    -64     45    634
20210112165037709	  275  263    -66     43    634
20210112165037742	  276  264    -64     45    634
20210112165037808	  276  264    -64     45    634
20210112165037808	  275  263    -66     43    634
20210112165037907	  276  264    -64     45    634
20210112165037940	  274  263    -68     43    634
20210112165037973	  276  264    -64     45    634
20210112165038006	  275  263    -66     43    634
20210112165038073	  276  264    -64     45    633
20210112165038106	  275  263    -66     43    634
20210112165038139	  276  264    -64     45    634
20210112165038172	  275  263    -66     43    633
20210112165038172	  274  264    -68     45    633
20210112165038238	  276  264    -64     45    634
20210112165038271	  275  263    -66     43    634
20210112165038304	  276  264    -64     45    634
20210112165038337	  276  264    -64     45    634
20210112165038370	  275  263    -66     43    634
20210112165038403	  275  263    -66     43    634
20210112165038502	  275  263    -66     43    633
20210112165038535	  276  264    -64     45    634
20210112165038568	  274  264    -68     45    633
20210112165038601	  276  264    -64     45    633
20210112165038667	  276  264    -64     45    634
20210112165038701	  276  264    -64     45    634
20210112165038734	  276  264    -64     45    633
20210112165038767	  274  262    -68     42    634
20210112165038800	  276  264    -64     45    633
20210112165038834	  276  264    -64     45    634
20210112165038867	  275  263    -66     43    634
20210112165038900	  273  263    -69     43    634
20210112165038934	  275  263    -66     43    633
20210112165038967	  276  264    -64     45    634
20210112165039067	  276  264    -64     45    634
20210112165039100	  273  264    -69     45    634
20210112165039166	  273  264    -69     45    633
20210112165039166	  275  263    -66     43    633
20210112165039233	  276  264    -64     45    633
20210112165039266	  276  264    -64     45    633
20210112165039300	  274  264    -68     45    633
20210112165039333	  276  264    -64     45    634
20210112165039366	  275  263    -66     43    633
20210112165039433	  276  264    -64     45    633
20210112165039466	  276  264    -64     45    634
20210112165039499	  273  263    -69     43    634
20210112165039532	  275  263    -66     43    633
20210112165039532	  274  264    -68     45    633
20210112165039632	  273  263    -69     43    633
20210112165039666	  274  264    -68     45    633
20210112165039699	  274  264    -68     45    633
20210112165039733	  276  264    -64     45    634
20210112165039766	  275  263    -66     43    633
20210112165039800	  273  263    -69     43    634
20210112165039867	  276  264    -64     45    634
20210112165039900	  275  264    -66     45    634
20210112165039900	  275  263    -66     43    634
20210112165039900	  275  263    -66     43    633
20210112165040001	  276  264    -64     45    633
20210112165040035	  276  264    -64     45    633
20210112165040068	  275  263    -66     43    633
20210112165040102	  276  264    -64     45    633
20210112165040135	  276  264    -64     45    633
20210112165040203	  274  264    -68     45    634
20210112165040270	  276  264    -64     45    633
20210112165040337	  275  263    -66     43    633
20210112165040371	  273  263    -69     43    634
20210112165040438	  273  263    -69     43    634
20210112165040472	  274  264    -68     45    633
20210112165040573	  275  263    -66     43    633
20210112165040640	  276  264    -64     45    634
20210112165040674	  276  264    -64     45    634
20210112165040707	  276  264    -64     45    634
20210112165040807	  276  264    -64     45    634
20210112165040840	  275  263    -66     43    634
20210112165040874	  275  263    -66     43    633
20210112165040941	  274  264    -68     45    634
20210112165040974	  275  263    -66     43    633
20210112165041041	  275  263    -66     43    634
20210112165041074	  276  264    -64     45    634
20210112165041108	  275  263    -66     43    634
20210112165041141	  275  263    -66     43    634
20210112165041208	  275  263    -66     43    634
20210112165041275	  275  263    -66     43    634
20210112165041308	  276  264    -64     45    634
20210112165041341	  276  264    -64     45    634
20210112165041375	  274  264    -68     45    634
20210112165041442	  276  264    -64     45    634
20210112165041508	  275  263    -66     43    634
20210112165041542	  274  264    -68     45    634
20210112165041575	  276  264    -64     45    634
20210112165041676	  276  264    -64     45    634
20210112165041709	  276  264    -64     45    634
20210112165041742	  276  264    -64     45    634
20210112165041775	  275  263    -66     43    634
20210112165041809	  275  263    -66     43    633
20210112165041809	  275  263    -66     43    634
20210112165041875	  274  264    -68     45    634
20210112165041942	  275  263    -66     43    634
20210112165041975	  273  263    -69     43    634
20210112165042009	  275  263    -66     43    634
20210112165042009	  276  264    -64     45    634
20210112165042075	  276  264    -64     45    634
20210112165042109	  276  264    -64     45    634
20210112165042142	  273  264    -69     45    634
20210112165042175	  275  263    -66     43    634
20210112165042209	  276  264    -64     45    634
20210112165042309	  274  264    -68     45    634
20210112165042342	  276  264    -64     45    634
20210112165042375	  275  263    -66     43    633
20210112165042409	  274  264    -68     45    634
20210112165042508	  274  264    -68     45    633
20210112165042542	  274  264    -68     45    633
20210112165042575	  276  264    -64     45    634
20210112165042608	  273  263    -69     43    634
20210112165042642	  276  264    -64     45    634
20210112165042675	  273  264    -69     45    634
20210112165042742	  276  264    -64     45    634
20210112165042775	  276  264    -64     45    634
20210112165042875	  273  263    -69     43    634
20210112165042908	  276  264    -64     45    634
20210112165042975	  274  263    -68     43    634
20210112165043008	  275  263    -66     43    633
20210112165043075	  275  263    -66     43    634
20210112165043108	  274  264    -68     45    633
20210112165043142	  276  264    -64     45    634
20210112165043175	  276  264    -64     45    634
20210112165043208	  276  264    -64     45    634
20210112165043242	  276  264    -64     45    634
20210112165043275	  276  264    -64     45    634
20210112165043308	  273  263    -69     43    634
20210112165043342	  273  264    -69     45    633
20210112165043375	  276  264    -64     45    634
20210112165043408	  275  263    -66     43    634
20210112165043442	  274  264    -68     45    633
20210112165043475	  275  263    -66     43    633
20210112165043508	  275  263    -66     43    634
20210112165043541	  275  263    -66     43    634
20210112165043541	  276  264    -64     45    634
20210112165043541	  274  264    -68     45    634
20210112165043641	  276  264    -64     45    634
20210112165043641	  274  264    -68     45    634
20210112165043841	  276  264    -64     45    634
20210112165044008	  275  263    -66     43    634
20210112165044041	  275  263    -66     43    634
20210112165044108	  276  264    -64     45    634
20210112165044208	  275  263    -66     43    634
20210112165044241	  276  264    -64     45    634
20210112165044275	  274  264    -68     45    634
20210112165044408	  275  263    -66     43    634
20210112165044475	  276  264    -64     45    634
20210112165044508	  275  263    -66     43    634
20210112165044541	  275  262    -66     42    634
20210112165044575	  275  263    -66     43    634
20210112165044608	  276  264    -64     45    634
20210112165044641	  276  264    -64     45    634
20210112165044741	  275  263    -66     43    634
20210112165044775	  275  263    -66     43    634
20210112165044808	  276  264    -64     45    633
20210112165044841	  276  264    -64     45    633
20210112165044874	  275  263    -66     43    634
20210112165044941	  276  264    -64     45    634
20210112165044974	  275  263    -66     43    634
20210112165045008	  274  264    -68     45    634
20210112165045041	  275  263    -66     43    634
20210112165045141	  275  263    -66     43    634
20210112165045174	  274  264    -68     45    634
20210112165045241	  276  264    -64     45    634
20210112165045274	  274  264    -68     45    634
20210112165045308	  276  264    -64     45    634
20210112165045341	  275  263    -66     43    634
20210112165045374	  275  263    -66     43    634
20210112165045441	  275  263    -66     43    634
20210112165045508	  273  263    -69     43    634
20210112165045541	  276  264    -64     45    634
20210112165045574	  274  264    -68     45    634
20210112165045641	  276  264    -64     45    634
20210112165045708	  275  263    -66     43    634
20210112165045741	  274  264    -68     45    634
20210112165045808	  274  264    -68     45    634
20210112165045841	  276  264    -65     45    635
20210112165045908	  276  264    -64     45    634
20210112165045974	  275  262    -66     42    634
20210112165046008	  274  264    -68     45    634
20210112165046041	  275  263    -66     43    634
20210112165046108	  276  264    -65     45    635
20210112165046141	  275  263    -66     43    634
20210112165046241	  276  264    -64     45    634
20210112165046274	  274  264    -68     45    634
20210112165046341	  275  263    -66     43    634
20210112165046374	  274  263    -68     43    634
20210112165046408	  275  263    -66     43    634
20210112165046474	  276  264    -64     45    634
20210112165046508	  273  263    -69     43    634
20210112165046541	  275  263    -66     43    634
20210112165046574	  273  263    -69     43    634
20210112165046641	  273  264    -69     45    634
20210112165046641	  275  263    -66     43    633
20210112165046707	  276  264    -64     45    634
20210112165046741	  275  263    -66     43    634
20210112165046741	  276  264    -64     45    634
20210112165046741	  276  264    -64     45    634
20210112165046841	  273  263    -69     43    634
20210112165046874	  273  264    -69     45    634
20210112165046941	  276  264    -64     45    634
20210112165046974	  276  264    -64     45    634
20210112165047007	  276  264    -64     45    634
20210112165047007	  276  264    -64     45    634
20210112165047007	  274  263    -68     43    633
20210112165047007	  276  264    -64     45    634
20210112165047241	  276  264    -64     45    634
20210112165047274	  273  264    -69     45    634
20210112165047341	  275  263    -66     43    634
20210112165047374	  276  264    -64     45    634
20210112165047441	  276  264    -64     45    634
20210112165047474	  274  263    -68     43    634
20210112165047574	  275  263    -66     43    633
20210112165047607	  273  264    -69     45    634
20210112165047641	  274  264    -68     45    633
20210112165047741	  275  263    -66     43    634
20210112165047774	  276  264    -64     45    634
20210112165047807	  276  264    -64     45    634
20210112165047841	  276  264    -64     45    634
20210112165047874	  273  263    -69     43    634
20210112165047907	  275  263    -66     43    634
20210112165047974	  275  263    -66     43    634
20210112165048007	  276  264    -64     45    634
20210112165048007	  276  264    -64     45    634
20210112165048107	  276  264    -64     45    634
20210112165048174	  276  264    -64     45    634
20210112165048207	  276  264    -64     45    634
20210112165048274	  276  264    -64     45    634
20210112165048307	  275  263    -66     43    634
20210112165048374	  273  264    -69     45    634
20210112165048407	  276  264    -64     45    634
20210112165048474	  276  264    -64     45    634
20210112165048540	  275  263    -66     43    634
20210112165048607	  276  264    -64     45    634
20210112165048674	  276  264    -64     45    634
20210112165048774	  274  264    -68     45    633
20210112165048807	  274  259    -68     37    634
20210112165048841	  275  263    -66     43    634
20210112165048908	  276  264    -65     45    635
20210112165048975	  276  264    -64     45    634
20210112165049142	  276  264    -64     45    634
20210112165049276	  276  264    -64     45    634
20210112165049444	  274  264    -68     45    634
20210112165049477	  275  264    -66     45    634
20210112165049511	  276  264    -64     45    634
20210112165049545	  276  264    -64     45    632
20210112165049578	  277  263    -63     43    632
20210112165049612	  277  264    -62     45    631
20210112165049645	  275  262    -66     41    630
20210112165049712	  275  263    -65     43    628
20210112165049746	  277  262    -62     41    628
20210112165049812	  278  263    -60     43    627
20210112165049846	  278  262    -60     41    627
20210112165049912	  279  261    -59     40    627
20210112165049946	  277  262    -62     41    626
20210112165049946	  278  261    -60     40    626
20210112165050079	  279  261    -58     39    624
20210112165050146	  279  260    -58     38    622
20210112165050213	  281  261    -55     39    620
20210112165050279	  282  259    -53     36    620
20210112165050346	  282  261    -53     39    618
20210112165050379	  280  259    -56     36    618
20210112165050446	  282  259    -53     36    617
20210112165050513	  282  259    -53     36    615
20210112165050546	  283  258    -51     34    615
20210112165050613	  283  259    -51     36    614
20210112165050680	  284  258    -50     34    614
20210112165050746	  285  256    -48     31    612
20210112165050780	  285  258    -48     34    611
20210112165050813	  285  256    -48     30    611
20210112165050913	  287  258    -44     34    608
20210112165051013	  287  256    -44     30    608
20210112165051046	  287  256    -44     30    607
20210112165051113	  287  256    -44     30    606
20210112165051280	  289  254    -41     27    603
20210112165051346	  291  255    -37     28    603
20210112165051413	  290  253    -39     25    603
20210112165051513	  290  253    -39     25    603
20210112165051613	  290  253    -39     25    603
20210112165051680	  291  251    -37     22    603
20210112165051746	  289  252    -41     24    602
20210112165051780	  291  250    -37     21    602
20210112165051846	  291  250    -37     21    603
20210112165051880	  291  251    -37     22    603
20210112165051980	  291  251    -37     22    603
20210112165052046	  292  252    -36     24    603
20210112165052147	  292  252    -36     24    602
20210112165052213	  291  250    -37     21    603
20210112165052313	  291  251    -37     22    603
20210112165052347	  292  250    -36     21    603
20210112165052380	  292  250    -36     21    603
20210112165052380	  293  252    -34     24    603
20210112165052580	  293  252    -34     24    602
20210112165052780	  293  251    -34     22    602
20210112165053013	  294  251    -33     22    602
20210112165053213	  293  248    -34     17    601
20210112165053413	  291  250    -37     21    602
20210112165053580	  293  249    -34     19    601
20210112165053780	  294  250    -33     20    601
20210112165053980	  292  250    -36     21    602
20210112165054080	  293  250    -34     21    602
20210112165054114	  294  250    -33     21    602
20210112165054280	  292  249    -36     19    600
20210112165054514	  292  250    -36     21    602
20210112165054747	  292  248    -36     17    601
20210112165054980	  293  248    -34     17    601
20210112165055081	  291  249    -37     19    601
20210112165055547	  292  249    -36     19    602
20210112165055714	  294  248    -33     17    601
20210112165055947	  296  250    -30     21    603
20210112165056181	  293  249    -34     19    601
20210112165056381	  293  249    -34     19    601
20210112165056614	  295  248    -31     17    601
20210112165056848	  294  249    -33     19    603
20210112165057048	  292  248    -36     17    600
20210112165057281	  292  248    -36     17    602
20210112165057481	  294  248    -33     17    599
20210112165057714	  293  248    -34     17    601
20210112165057948	  293  248    -34     17    600
20210112165058148	  294  249    -33     19    602
20210112165058381	  292  248    -36     17    600
20210112165058615	  292  248    -36     17    601
20210112165058815	  294  247    -33     16    601
20210112165059015	  294  246    -33     14    601
20210112165059248	  293  248    -34     17    601
20210112165059482	  295  249    -31     19    602
20210112165059715	  294  248    -32     17    599
20210112165059915	  295  248    -31     17    601
20210112165100115	  294  247    -33     16    600
20210112165100348	  293  248    -34     17    601
20210112165100582	  295  247    -31     16    601
20210112165100715	  292  247    -36     16    600
20210112165100949	  294  247    -33     16    599
20210112165101082	  294  246    -33     14    601
20210112165101115	  293  248    -34     17    602
20210112165101149	  293  247    -34     16    601
20210112165101215	  295  246    -31     14    600
20210112165101315	  294  247    -33     16    599
20210112165101415	  293  248    -34     17    602
20210112165101515	  294  246    -33     14    601
20210112165101749	  293  248    -34     17    602
20210112165101949	  292  250    -36     21    603
20210112165102082	  288  255    -43     29    612
20210112165102282	  284  261    -49     39    610
20210112165102482	  283  262    -51     41    617
20210112165102549	  281  263    -55     42    616
20210112165102582	  283  263    -51     42    617
20210112165102616	  280  263    -56     42    617
20210112165102682	  281  262    -55     41    620
20210112165102716	  280  263    -57     42    621
20210112165102782	  280  262    -57     41    622
20210112165102882	  280  262    -57     41    624
20210112165102916	  280  261    -57     39    625
20210112165102982	  279  262    -59     41    626
20210112165103049	  277  263    -62     43    626
20210112165103183	  279  261    -59     40    630
20210112165103316	  277  262    -62     41    629
20210112165103349	  276  262    -64     41    629
20210112165103383	  277  260    -62     38    630
20210112165103449	  276  262    -64     41    630
20210112165103549	  277  261    -63     40    632
20210112165103783	  279  262    -59     41    629
20210112165104016	  280  261    -57     40    626
20210112165104116	  281  261    -55     39    623
20210112165104316	  282  258    -53     34    621
20210112165104483	  284  260    -50     37    617
20210112165104716	  285  256    -48     31    615
20210112165104850	  286  257    -46     32    613
20210112165105050	  287  255    -44     29    608
20210112165105316	  290  255    -39     29    604
20210112165105483	  291  251    -37     22    603
20210112165105717	  292  252    -36     24    603
20210112165105950	  293  250    -34     21    603
20210112165106183	  293  250    -34     20    601
20210112165106417	  294  250    -33     20    601
20210112165106617	  294  250    -33     21    602
20210112165106850	  293  248    -34     17    603
20210112165107050	  294  250    -33     21    602
20210112165107250	  294  249    -33     19    601
20210112165107484	  293  249    -34     19    601
20210112165107750	  292  248    -36     17    601
20210112165107951	  295  249    -31     19    602
20210112165108151	  294  247    -33     16    601
20210112165108384	  294  249    -33     19    602
20210112165108617	  295  248    -31     17    604
20210112165108817	  296  249    -30     19    601
20210112165109051	  294  248    -33     17    600
20210112165109284	  294  246    -33     14    601
20210112165109518	  295  249    -31     19    602
20210112165109718	  294  246    -33     14    602
20210112165109951	  294  247    -33     16    602
20210112165110151	  294  247    -33     16    600
20210112165110385	  294  248    -33     17    602
20210112165110618	  294  248    -33     17    599
20210112165111018	  292  248    -36     17    601
20210112165111051	  294  248    -33     17    602
20210112165111085	  295  248    -31     17    601
20210112165111218	  294  248    -33     17    601
20210112165111485	  294  246    -33     14    601
20210112165111685	  293  247    -34     16    601
20210112165111818	  293  247    -34     16    601
20210112165111852	  293  247    -34     16    600
20210112165111918	  296  248    -30     17    601
20210112165112052	  295  247    -31     16    601
20210112165112252	  294  245    -33     13    600
20210112165112452	  295  248    -31     17    602
20210112165112718	  294  247    -33     16    601
20210112165112952	  294  247    -33     16    600
20210112165113152	  294  248    -33     17    602
20210112165113352	  294  248    -33     17    600
20210112165113552	  295  246    -31     14    600
20210112165113685	  293  247    -34     16    601
20210112165113952	  293  248    -34     17    601
20210112165114052	  295  246    -31     14    600
20210112165114285	  294  246    -33     14    601
20210112165114452	  294  246    -33     14    601
20210112165114686	  296  248    -30     17    600
20210112165114852	  293  248    -34     17    601
20210112165114986	  294  246    -33     14    600
20210112165115219	  295  245    -31     13    601
20210112165115452	  295  247    -31     16    599
20210112165115619	  295  246    -31     14    601
20210112165115752	  293  247    -34     16    601
20210112165115953	  295  247    -31     16    602
20210112165116186	  293  250    -34     20    601
20210112165116386	  289  257    -41     32    608
20210112165116553	  286  260    -46     37    611
20210112165116786	  282  262    -53     41    618
20210112165116886	  282  263    -53     42    619
20210112165117086	  281  261    -55     39    622
20210112165117286	  279  263    -59     43    627
20210112165117520	  279  262    -59     41    629
20210112165117753	  277  262    -63     42    632
20210112165117886	  278  262    -61     41    630
20210112165118086	  279  262    -59     41    627
20210112165118320	  281  260    -55     38    623
20210112165118420	  282  260    -53     38    622
20210112165118653	  283  257    -52     33    620
20210112165118887	  285  256    -48     31    614
20210112165119087	  285  256    -48     31    612
20210112165119287	  288  254    -42     27    606
20210112165119520	  291  254    -38     27    604
20210112165119753	  292  253    -36     25    603
20210112165119953	  292  251    -36     22    603
20210112165120187	  292  248    -36     17    601
20210112165120320	  293  251    -34     22    604
20210112165120454	  293  248    -34     17    602
20210112165120587	  293  249    -34     19    602
20210112165120787	  293  248    -34     17    602
20210112165121020	  293  247    -34     16    602
20210112165121220	  292  248    -36     17    600
20210112165121454	  293  247    -34     16    603
20210112165121654	  294  247    -32     16    599
20210112165121887	  294  247    -33     16    602
20210112165122087	  291  248    -37     17    601
20210112165122321	  292  248    -36     17    603
20210112165122487	  295  248    -31     17    601
20210112165122754	  294  249    -33     19    602
20210112165122954	  292  248    -36     17    603
20210112165123188	  294  246    -33     14    603
20210112165123221	  294  249    -33     19    602
20210112165123321	  292  247    -36     16    600
20210112165123388	  293  248    -34     17    601
20210112165123521	  293  247    -34     16    601
20210112165123721	  294  246    -33     14    603
20210112165123954	  294  248    -33     17    601
20210112165124155	  293  247    -34     16    600
20210112165124255	  294  246    -33     14    600
20210112165124321	  293  247    -34     16    601
20210112165124488	  293  247    -34     16    600
20210112165124688	  294  247    -33     16    602
20210112165124921	  295  248    -31     17    601
20210112165125155	  293  247    -34     16    601
20210112165125355	  294  248    -33     17    600
20210112165125588	  295  247    -31     16    601
20210112165125755	  294  248    -33     17    600
20210112165125888	  295  248    -31     17    602
20210112165126088	  294  247    -33     16    600
20210112165126288	  293  246    -34     14    600
20210112165126555	  294  246    -32     14    599
20210112165126755	  293  246    -34     14    600
20210112165126955	  294  247    -33     16    602
20210112165127155	  295  247    -31     16    599
20210112165127389	  295  245    -31     13    601
20210112165127589	  295  247    -31     16    600
20210112165127789	  292  247    -36     16    602
20210112165127989	  295  244    -31     11    600
20210112165128222	  295  246    -31     14    599
20210112165128422	  295  247    -31     16    601
20210112165128622	  296  247    -29     16    599
20210112165128856	  295  247    -31     16    600
20210112165129089	  295  246    -31     14    598
20210112165129123	  295  246    -31     14    599
20210112165129156	  296  245    -30     13    601
20210112165129289	  296  247    -29     16    600
20210112165129523	  297  247    -28     16    599
20210112165129723	  294  247    -33     16    600
20210112165129923	  295  247    -31     16    599
20210112165130189	  294  247    -32     16    599
20210112165130389	  295  247    -31     16    601
20210112165130523	  289  254    -41     27    609
20210112165130723	  286  259    -46     35    609
20210112165130923	  283  262    -51     40    615
20210112165131156	  279  262    -58     41    620
20210112165131390	  280  262    -57     41    623
20210112165131590	  277  262    -62     41    628
20210112165131823	  279  262    -59     41    630
20210112165131957	  278  261    -61     40    632
20210112165132157	  278  263    -61     43    631
20210112165132590	  283  260    -52     38    623
20210112165132823	  282  259    -53     36    618
20210112165132923	  284  258    -50     34    618
20210112165133157	  285  256    -48     30    614
20210112165133324	  286  256    -46     31    612
20210112165133557	  288  254    -42     27    606
20210112165133657	  290  255    -39     29    606
20210112165133924	  290  252    -39     24    604
20210112165134124	  291  250    -37     21    603
20210112165134357	  292  248    -36     17    602
20210112165134557	  293  250    -34     21    603
20210112165134657	  293  247    -34     16    601
20210112165134891	  293  249    -34     19    604
20210112165135124	  293  248    -34     17    603
20210112165135324	  293  248    -34     17    603
20210112165135557	  294  247    -33     16    602
20210112165135757	  295  247    -31     16    602
20210112165135991	  294  248    -33     17    603
20210112165136158	  296  247    -30     16    603
20210112165136424	  295  248    -31     17    602
20210112165136624	  294  247    -33     16    600
20210112165136824	  295  246    -31     14    601
20210112165137058	  294  247    -33     16    600
20210112165137291	  296  248    -30     17    601
20210112165137458	  293  248    -34     17    602
20210112165137725	  294  247    -33     16    602
20210112165137958	  295  245    -31     13    600
20210112165138125	  293  247    -34     16    601
20210112165138358	  294  246    -33     14    600
20210112165138558	  295  247    -31     16    602
20210112165139025	  295  245    -31     13    600
20210112165139258	  293  246    -34     14    601
20210112165139458	  296  247    -29     16    600
20210112165139625	  293  247    -34     16    601
20210112165139792	  296  247    -29     16    600
20210112165140025	  294  247    -33     16    599
20210112165140259	  295  246    -31     14    601
20210112165140492	  295  247    -31     16    599
20210112165140725	  294  245    -33     13    599
20210112165140925	  294  246    -33     14    601
20210112165141092	  295  245    -31     13    600
20210112165141359	  294  245    -32     12    598
20210112165141492	  295  247    -31     16    600
20210112165141726	  294  245    -33     13    601
20210112165141959	  295  244    -31     11    601
20210112165142192	  296  245    -29     13    601
20210112165142393	  296  245    -29     13    602
20210112165142659	  296  247    -29     16    600
20210112165142859	  294  246    -32     14    599
20210112165143059	  295  247    -31     16    601
20210112165143293	  295  247    -31     16    599
20210112165143526	  296  247    -29     16    599
20210112165143693	  295  245    -31     12    601
20210112165143960	  296  246    -29     14    600
20210112165144193	  296  247    -30     16    601
20210112165144426	  295  245    -31     13    601
20210112165144626	  295  249    -31     19    601
20210112165144893	  288  257    -43     32    609
20210112165145127	  284  260    -50     37    615
20210112165145360	  283  263    -51     42    617
20210112165145593	  281  261    -55     39    622
20210112165145760	  280  263    -57     43    627
20210112165145993	  280  262    -58     42    631
20210112165146093	  279  263    -59     43    629
20210112165146260	  278  262    -61     42    631
20210112165146394	  279  262    -59     42    631
20210112165146494	  278  262    -61     41    629
20210112165146594	  281  260    -56     38    628
20210112165146727	  280  259    -57     36    627
20210112165146860	  283  260    -52     38    622
20210112165146994	  281  259    -55     36    619
20210112165147127	  283  259    -51     36    618
20210112165147227	  285  256    -48     31    617
20210112165147327	  287  258    -45     34    617
20210112165147460	  287  255    -45     29    614
20210112165147627	  287  256    -44     30    610
20210112165147727	  288  254    -43     27    609
20210112165147861	  290  253    -39     25    606
20210112165147961	  290  252    -39     24    605
20210112165148061	  289  253    -41     25    604
20210112165148161	  292  253    -36     25    603
20210112165148294	  292  251    -36     22    602
20210112165148394	  292  250    -36     21    602
20210112165148527	  293  250    -34     21    602
20210112165148627	  294  250    -33     20    601
20210112165148794	  294  250    -33     21    602
20210112165148894	  294  249    -33     19    601
20210112165149027	  293  247    -34     16    602
20210112165149261	  293  249    -34     19    603
20210112165149394	  293  247    -34     16    599
20210112165149628	  293  248    -34     17    602
20210112165149761	  294  248    -33     17    602
20210112165149861	  295  247    -31     16    601
20210112165150028	  294  247    -33     16    602
20210112165150161	  292  247    -36     16    602
20210112165150261	  293  247    -34     16    601
20210112165150394	  295  248    -31     17    602
20210112165150528	  295  248    -31     17    601
20210112165150628	  295  248    -31     17    601
20210112165150761	  295  248    -31     17    601
20210112165150895	  294  247    -33     16    602
20210112165151028	  293  247    -34     16    599
20210112165151128	  295  246    -31     14    602
20210112165151295	  294  247    -33     16    601
20210112165151428	  295  246    -31     14    601
20210112165151528	  295  248    -31     17    601
20210112165151661	  295  247    -31     16    599
20210112165151761	  294  247    -33     16    602
20210112165151928	  294  246    -33     14    599
20210112165152028	  295  247    -31     16    601
20210112165152162	  296  248    -29     17    603
20210112165152262	  294  246    -33     14    601
20210112165152395	  296  248    -30     18    601
20210112165152562	  293  247    -34     16    601
20210112165152662	  293  247    -34     16    601
20210112165152795	  296  247    -30     16    601
20210112165152928	  293  247    -34     16    603
20210112165153029	  294  247    -33     16    599
20210112165153162	  294  247    -33     16    602
20210112165153295	  295  246    -31     14    599
20210112165153395	  295  246    -31     14    603
20210112165153529	  293  246    -34     14    600
20210112165153662	  294  247    -33     16    601
20210112165153795	  293  247    -34     16    601
20210112165153929	  296  246    -29     14    602
20210112165154062	  295  247    -31     16    600
20210112165154195	  295  245    -31     13    602
20210112165154296	  294  246    -33     14    601
20210112165154429	  295  246    -31     14    600
20210112165154562	  295  245    -31     13    603
20210112165154662	  295  246    -31     14    600
20210112165154796	  294  246    -33     14    600
20210112165154929	  296  247    -30     16    601
20210112165155096	  296  248    -29     17    602
20210112165155196	  294  246    -33     14    599
20210112165155462	  297  248    -28     17    603
20210112165155562	  293  246    -34     14    599
20210112165155696	  293  247    -34     16    602
20210112165155829	  296  247    -29     16    600
20210112165155929	  295  246    -31     14    599
20210112165156063	  296  246    -29     14    600
20210112165156129	  296  247    -29     16    601
20210112165156363	  296  247    -30     16    601
20210112165156463	  294  245    -33     13    603
20210112165156596	  294  244    -33     11    599
20210112165156729	  295  246    -31     14    603
20210112165156829	  295  247    -31     16    601
20210112165156963	  294  244    -33     11    601
20210112165157096	  296  245    -30     13    604
20210112165157196	  295  245    -31     13    600
20210112165157330	  295  246    -31     14    600
20210112165157496	  296  245    -30     13    603
20210112165157596	  295  245    -31     12    599
20210112165157730	  295  245    -31     13    604
20210112165157796	  295  246    -31     14    601
20210112165157930	  294  246    -33     14    601
20210112165158096	  294  246    -33     14    601
20210112165158230	  293  247    -34     16    602
20210112165158330	  295  244    -31     11    601
20210112165158463	  294  245    -33     12    601
20210112165158597	  295  245    -31     13    601
20210112165158730	  296  247    -29     16    600
20210112165158863	  294  246    -33     14    603
20210112165158997	  289  254    -41     27    610
20210112165159097	  287  256    -44     30    609
20210112165159230	  287  260    -44     37    611
20210112165159363	  284  262    -50     40    613
20210112165159497	  283  262    -51     40    615
20210112165159597	  281  262    -55     41    616
20210112165159730	  281  263    -55     42    620
20210112165159864	  280  262    -57     41    622
20210112165159997	  281  260    -55     38    627
20210112165200130	  278  262    -61     41    628
20210112165200264	  280  262    -58     42    631
20210112165200364	  279  262    -59     41    629
20210112165200464	  280  261    -58     40    632
20210112165200564	  277  262    -62     41    630
20210112165200764	  280  261    -57     40    629
20210112165200864	  280  261    -57     40    626
20210112165200997	  282  259    -54     36    624
20210112165201131	  281  259    -55     36    622
20210112165201264	  284  259    -50     36    621
20210112165201364	  283  257    -51     33    619
20210112165201531	  285  256    -48     31    616
20210112165201631	  285  257    -48     32    614
20210112165201697	  286  255    -46     29    613
20210112165201864	  289  254    -41     27    611
20210112165201997	  288  255    -43     29    607
20210112165202131	  288  253    -42     25    606
20210112165202264	  289  253    -41     25    604
20210112165202331	  292  253    -36     25    604
20210112165202464	  292  252    -36     24    602
20210112165202498	  292  250    -36     21    602
20210112165202531	  293  250    -34     21    603
20210112165202764	  294  251    -33     22    603
20210112165203031	  292  249    -36     19    603
20210112165203131	  293  248    -34     17    602
20210112165203264	  293  249    -34     19    602
20210112165203398	  294  248    -33     17    602
20210112165203498	  293  248    -34     17    603
20210112165203564	  294  249    -33     19    602
20210112165203731	  293  248    -34     17    602
20210112165203898	  293  249    -34     19    602
20210112165204031	  292  248    -36     17    602
20210112165204165	  292  248    -36     17    604
20210112165204265	  293  247    -34     16    604
20210112165204398	  294  245    -33     12    601
20210112165204531	  295  248    -31     17    602
20210112165204665	  293  247    -34     16    601
20210112165204798	  293  247    -34     16    602
20210112165204931	  295  247    -31     16    603
20210112165205065	  294  245    -33     13    602
20210112165205198	  294  246    -33     14    601
20210112165205298	  295  248    -31     17    601
20210112165205432	  294  246    -33     14    600
20210112165205565	  293  247    -34     16    602
20210112165205665	  295  247    -31     16    599
20210112165205798	  295  247    -31     16    601
20210112165205932	  295  245    -31     13    601
20210112165206032	  296  247    -30     16    601
20210112165206198	  293  247    -34     16    602
20210112165206332	  294  246    -33     14    601
20210112165206465	  295  246    -31     14    601
20210112165206565	  294  245    -33     13    602
20210112165206699	  295  245    -31     13    601
20210112165206832	  293  247    -34     16    601
20210112165206965	  293  246    -34     14    600
20210112165207065	  296  245    -30     12    602
20210112165207199	  293  246    -34     14    601
20210112165207332	  295  247    -31     16    599
20210112165207499	  294  245    -33     13    601
20210112165207599	  296  247    -29     16    600
20210112165207732	  296  247    -30     15    601
20210112165207866	  294  246    -33     14    600
20210112165207966	  296  244    -29     11    601
20210112165208099	  295  248    -31     17    602
20210112165208232	  295  246    -31     14    600
20210112165208332	  294  244    -33     11    601
20210112165208599	  295  246    -31     14    600
20210112165208732	  296  246    -29     14    600
20210112165208866	  293  246    -34     14    600
20210112165208999	  294  245    -32     12    599
20210112165209133	  295  245    -31     13    601
20210112165209233	  296  246    -29     14    599
20210112165209366	  295  245    -31     13    600
20210112165209499	  296  247    -30     15    601
20210112165209599	  296  247    -29     16    599
20210112165209733	  296  247    -30     16    601
20210112165209866	  296  246    -29     14    599
20210112165209999	  295  244    -31     11    601
20210112165210133	  294  246    -33     14    602
20210112165210266	  295  246    -31     14    600
20210112165210366	  295  245    -31     13    601
20210112165210466	  294  246    -32     14    599
20210112165210466	  295  247    -31     16    599
20210112165210766	  294  245    -32     12    599
20210112165210900	  295  244    -31     11    601
20210112165211000	  295  246    -31     14    601
20210112165211166	  295  244    -31     11    601
20210112165211300	  294  246    -33     14    602
20210112165211400	  296  247    -29     16    602
20210112165211533	  295  244    -31     11    599
20210112165211667	  294  246    -33     14    601
20210112165211767	  294  246    -32     14    599
20210112165211900	  295  244    -31     11    601
20210112165212033	  295  246    -31     14    600
20210112165212133	  295  245    -31     13    602
20210112165212267	  293  246    -34     14    599
20210112165212433	  294  245    -33     13    600
20210112165212500	  296  246    -29     14    601
20210112165212633	  295  247    -31     16    598
20210112165212633	  296  246    -30     14    601
20210112165212934	  293  245    -34     13    599
20210112165213034	  296  246    -29     14    599
20210112165213167	  292  250    -36     21    604
20210112165213300	  289  256    -41     30    608
20210112165213400	  290  258    -39     34    609
20210112165213534	  284  260    -49     37    610
20210112165213700	  284  261    -50     39    615
20210112165213834	  282  261    -53     39    618
20210112165213934	  280  262    -56     41    617
20210112165214067	  280  262    -57     41    621
20210112165214201	  278  261    -60     39    625
20210112165214301	  279  261    -59     40    627
20210112165214434	  278  260    -61     38    630
20210112165214567	  279  260    -59     38    630
20210112165214634	  278  262    -61     41    629
20210112165214667	  279  262    -59     42    632
20210112165214967	  281  263    -56     43    629
20210112165215067	  279  261    -59     40    626
20210112165215201	  280  260    -57     38    624
20210112165215334	  283  259    -52     36    622
20210112165215434	  282  258    -53     34    621
20210112165215568	  282  258    -53     34    619
20210112165215701	  286  258    -47     34    618
20210112165215801	  284  257    -50     32    615
20210112165215934	  285  256    -48     31    613
20210112165216068	  287  255    -44     29    612
20210112165216234	  289  253    -41     26    608
20210112165216368	  290  254    -39     27    605
20210112165216468	  291  253    -38     25    605
20210112165216601	  292  251    -36     22    604
20210112165216701	  292  250    -36     21    603
20210112165216835	  293  249    -34     19    602
20210112165216968	  291  250    -37     21    603
20210112165217101	  293  250    -34     21    603
20210112165217201	  293  248    -34     17    602
20210112165217335	  294  249    -33     19    601
20210112165217501	  294  249    -33     19    603
20210112165217601	  292  248    -36     17    602
20210112165217735	  295  249    -31     19    603
20210112165217801	  294  247    -33     16    602
20210112165217868	  294  248    -33     17    602
20210112165217868	  294  247    -33     16    602
20210112165218335	  295  248    -31     17    602
20210112165218335	  294  247    -33     16    603
20210112165218868	  294  245    -33     13    603
20210112165219402	  293  246    -34     14    599
20210112165220936	  295  245    -31     13    600
20210112165221202	  295  244    -31     11    602
20210112165221202	  303  246    -18     14    605
20210112165221202	  296  247    -29     16    599
20210112165222169	  296  247    -30     15    601
20210112165222236	  295  244    -31     11    603
20210112165222403	  295  244    -31     11    602
20210112165222403	  295  246    -31     14    600
20210112165223169	  295  246    -31     14    602
20210112165223403	  296  246    -30     14    601
20210112165223403	  295  245    -31     13    601
20210112165223603	  295  244    -31     11    601
20210112165224203	  296  246    -30     14    600
20210112165224403	  295  243    -31      9    602
20210112165224403	  306  249    -14     19    608
20210112165224770	  296  244    -30     11    601
20210112165224903	  294  245    -32     12    599
20210112165224903	  297  244    -28     11    600
20210112165225170	  313  252     -3     25    628
20210112165225370	  307  283    -19    116    951
20210112165225370	  290  250    -39     21    602
20210112165225603	  296  242    -30      8    604
20210112165225870	  296  246    -29     14    600
20210112165225970	  295  245    -31     13    600
20210112165225970	  295  245    -31     13    601
20210112165226370	  295  246    -31     14    599
20210112165226570	  296  246    -29     14    600
20210112165226570	  296  244    -29     11    602
20210112165226904	  295  244    -31     11    603
20210112165226970	  296  245    -29     13    600
20210112165227204	  296  245    -29     13    600
20210112165227271	  293  246    -34     14    600
20210112165227471	  288  253    -43     26    610
20210112165227537	  287  252    -44     24    612
20210112165227937	  284  260    -50     37    613
20210112165228237	  279  262    -58     41    619
20210112165228704	  274  257    -68     33    632
20210112165228704	  279  259    -59     36    630
20210112165229238	  283  267    -52     50    627
20210112165229238	  281  259    -55     36    627
20210112165229738	  283  259    -52     36    619
20210112165229838	  285  257    -48     33    619
20210112165230171	  287  255    -45     29    614
20210112165230271	  288  255    -43     29    613
20210112165230638	  291  252    -38     24    606
20210112165230938	  292  249    -36     19    603
20210112165231138	  288  267    -66     75    942
20210112165231138	  292  248    -36     17    603
20210112165231138	  293  249    -34     19    602
20210112165231672	  294  246    -33     14    603
20210112165231805	  292  248    -36     17    603
20210112165231838	  293  247    -34     16    602
20210112165231905	  294  246    -33     14    602
20210112165232172	  293  246    -34     14    601
20210112165232238	  293  247    -34     16    602
20210112165232472	  294  247    -33     16    603
20210112165232572	  293  246    -34     14    600
20210112165232639	  295  248    -31     17    602
20210112165232705	  295  247    -31     16    604
20210112165232739	  294  247    -33     16    603
20210112165232805	  295  248    -31     17    602
20210112165232872	  296  247    -30     15    601
20210112165232939	  293  247    -34     16    599
20210112165232972	  293  247    -34     16    600
20210112165233039	  295  246    -31     14    602
20210112165233205	  295  248    -31     17    602
20210112165233272	  293  247    -34     16    602
20210112165233439	  293  247    -34     16    602
20210112165233705	  296  247    -30     15    601
20210112165233939	  294  247    -33     16    601
20210112165234139	  296  248    -30     17    601
20210112165234306	  295  246    -31     14    602
20210112165234539	  295  246    -31     14    602
20210112165234706	  295  246    -31     14    600
20210112165234739	  296  247    -29     16    600
20210112165234839	  294  246    -33     14    602
20210112165234939	  293  246    -34     14    601
20210112165235006	  295  247    -31     16    600
20210112165235073	  296  247    -30     16    601
20210112165235139	  295  245    -31     13    602
20210112165235273	  296  245    -29     13    600
20210112165235373	  294  245    -33     13    601
20210112165235639	  292  246    -36     14    600
20210112165235839	  294  244    -33     11    601
20210112165235906	  295  247    -31     16    602
20210112165235939	  295  247    -31     16    602
20210112165235973	  295  247    -31     16    601
20210112165236139	  295  246    -31     14    602
20210112165236406	  293  246    -34     14    599
20210112165236506	  294  247    -33     16    603
20210112165236640	  295  245    -31     13    600
20210112165236873	  296  246    -30     14    603
20210112165237140	  295  246    -31     14    601
20210112165237406	  296  246    -29     14    599
20210112165237606	  297  247    -29     16    601
20210112165237840	  295  246    -31     14    601
20210112165237973	  296  246    -30     14    600
20210112165238240	  296  247    -29     16    602
20210112165238473	  295  245    -31     13    602
20210112165238740	  294  246    -33     14    601
20210112165238873	  296  245    -30     12    601
20210112165238907	  296  246    -30     14    601
20210112165239007	  294  246    -33     14    601
20210112165239240	  296  246    -29     14    599
20210112165239440	  295  244    -31     11    602
20210112165239574	  296  247    -30     16    601
20210112165239707	  294  246    -33     14    601
20210112165239874	  295  245    -31     13    600
20210112165240007	  295  245    -31     13    600
20210112165240140	  296  246    -30     14    600
20210112165240307	  296  244    -30     11    602
20210112165240440	  295  245    -31     13    601
20210112165240574	  293  245    -34     13    601
20210112165240707	  294  246    -33     14    601
20210112165240841	  295  246    -31     14    603
20210112165240974	  295  245    -31     12    598
20210112165241141	  296  245    -30     13    603
20210112165241307	  296  244    -29     11    600
20210112165241441	  294  245    -33     13    601
20210112165241574	  294  246    -32     14    599
20210112165241707	  291  251    -38     22    605
20210112165241841	  290  256    -39     30    609
20210112165241974	  286  259    -46     35    608
20210112165242108	  284  261    -49     39    613
20210112165242308	  281  262    -55     41    616
20210112165242441	  282  260    -53     38    620
20210112165242574	  282  262    -54     41    624
20210112165242741	  280  261    -57     40    626
20210112165242874	  280  260    -57     38    628
20210112165243008	  278  261    -61     40    629
20210112165243141	  278  262    -61     41    629
20210112165243275	  278  262    -61     42    632
20210112165243408	  279  261    -59     40    629
20210112165243575	  280  259    -57     36    627
20210112165243741	  282  261    -53     39    622
20210112165243875	  284  258    -50     34    622
20210112165244008	  281  258    -55     34    619
20210112165244108	  284  257    -50     32    618
20210112165244208	  284  257    -50     32    616
20210112165244308	  285  256    -48     31    615
20210112165244575	  288  253    -43     26    612
20210112165244708	  287  254    -44     27    608
20210112165244875	  289  253    -41     25    605
20210112165245008	  290  251    -39     22    605
20210112165245142	  290  251    -39     22    603
20210112165245308	  293  250    -34     20    601
20210112165245442	  293  249    -34     19    602
20210112165245575	  292  249    -36     19    602
20210112165245708	  293  249    -34     19    603
20210112165245909	  294  247    -33     16    604
20210112165246075	  294  246    -33     14    602
20210112165246209	  293  246    -34     14    602
20210112165246342	  294  246    -33     14    603
20210112165246475	  294  246    -33     14    604
20210112165246609	  292  247    -36     16    601
20210112165246742	  294  247    -33     16    602
20210112165246909	  294  245    -33     13    602
20210112165247042	  295  245    -31     13    603
20210112165247176	  293  247    -34     16    601
20210112165247342	  294  246    -33     14    601
20210112165247476	  296  247    -29     16    602
20210112165247609	  295  245    -31     13    602
20210112165247776	  295  245    -31     12    601
20210112165247909	  295  246    -31     14    604
20210112165248042	  295  244    -31     11    601
20210112165248176	  294  246    -33     14    602
20210112165248309	  294  245    -33     13    602
20210112165248443	  294  247    -33     16    602
20210112165248609	  295  246    -31     14    599
20210112165248743	  296  247    -29     16    601
20210112165248809	  294  246    -33     14    601
20210112165248909	  294  247    -33     16    601
20210112165249043	  296  245    -29     13    601
20210112165249176	  294  247    -33     16    602
20210112165249209	  295  246    -31     14    602
20210112165249276	  295  245    -31     13    601
20210112165249376	  295  246    -31     14    602
20210112165249409	  295  247    -31     16    602
20210112165249476	  295  247    -31     16    601
20210112165249543	  295  245    -31     13    601
20210112165249576	  296  247    -30     16    601
20210112165249576	  295  247    -31     16    601
20210112165249810	  295  244    -31     11    601
20210112165250043	  295  247    -31     16    601
20210112165250176	  296  246    -29     14    599
20210112165250343	  295  246    -31     14    601
20210112165250543	  297  247    -28     16    602
20210112165250743	  296  245    -30     13    604
20210112165250943	  295  245    -31     13    601
20210112165251243	  294  245    -32     12    598
20210112165251310	  295  245    -31     13    601
20210112165251377	  295  244    -31     11    602
20210112165251643	  295  246    -31     14    599
20210112165251877	  294  245    -33     13    601
20210112165252143	  296  246    -30     14    600
20210112165252410	  295  245    -31     13    601
20210112165252644	  297  246    -28     14    601
20210112165252777	  295  245    -31     13    601
20210112165252844	  295  245    -31     12    599
20210112165253044	  295  244    -31     11    602
20210112165253177	  296  244    -29     11    602
20210112165253310	  295  246    -31     14    602
20210112165253444	  295  244    -31     11    600
20210112165253644	  296  246    -30     14    601
20210112165253777	  295  245    -31     13    600
20210112165253911	  295  244    -31     11    603
20210112165254044	  296  245    -29     13    599
20210112165254177	  294  245    -33     13    601
20210112165254311	  297  247    -28     16    602
20210112165254444	  295  246    -31     14    599
20210112165254611	  296  244    -30     11    602
20210112165254644	  296  244    -29     11    602
20210112165254878	  295  244    -31     11    602
20210112165255044	  296  244    -29     11    602
20210112165255178	  296  246    -29     14    599
20210112165255311	  296  246    -30     14    601
20210112165255478	  296  246    -29     14    600
20210112165255611	  296  244    -30     11    601
20210112165255744	  296  246    -29     14    601
20210112165255878	  293  250    -34     21    602
20210112165256044	  289  253    -41     26    612
20210112165256178	  288  256    -43     31    611
20210112165256245	  287  260    -44     37    612
20210112165256445	  283  262    -51     40    615
20210112165256711	  281  261    -55     39    621
20210112165256878	  280  261    -57     39    625
20210112165257011	  280  262    -57     41    625
20210112165257178	  279  261    -59     40    631
20210112165257345	  279  260    -59     38    631
20210112165257478	  278  261    -61     40    630
20210112165257612	  280  262    -58     42    631
20210112165257745	  279  261    -59     40    629
20210112165257878	  282  260    -54     38    625
20210112165258012	  281  260    -55     38    622
20210112165258145	  284  259    -50     36    622
20210112165258312	  285  259    -48     36    619
20210112165258445	  286  258    -46     34    617
20210112165258745	  287  255    -44     29    612
20210112165258878	  289  253    -41     26    611
20210112165259012	  287  253    -44     25    607
20210112165259145	  289  252    -41     24    605
20210112165259312	  292  252    -36     24    604
20210112165259445	  294  250    -33     21    603
20210112165259579	  292  250    -36     21    602
20210112165259745	  292  248    -36     17    603
20210112165259845	  292  249    -36     19    602
20210112165300012	  294  250    -33     21    603
20210112165300179	  294  249    -33     19    603
20210112165300312	  294  249    -33     19    604
20210112165300446	  295  247    -31     16    602
20210112165300579	  292  248    -36     17    601
20210112165300712	  293  247    -34     16    601
20210112165300846	  293  248    -34     17    604
20210112165301012	  294  247    -33     16    603
20210112165301179	  293  247    -34     16    602
20210112165301312	  294  246    -33     14    602
20210112165301379	  294  246    -33     14    602
20210112165301412	  295  248    -31     17    602
20210112165301579	  293  246    -34     14    601
20210112165301846	  295  248    -31     17    602
20210112165302013	  296  247    -29     16    600
20210112165302146	  293  247    -34     16    601
20210112165302313	  295  246    -31     14    600
20210112165302479	  295  247    -31     16    600
20210112165302579	  293  246    -34     14    599
20210112165302746	  295  247    -31     16    601
20210112165302879	  294  247    -33     16    601
20210112165303013	  295  247    -31     16    601
20210112165303146	  294  245    -33     13    601
20210112165303313	  295  246    -31     14    601
20210112165303480	  294  245    -33     13    601
20210112165303613	  296  247    -30     16    601
20210112165303746	  293  246    -34     14    601
20210112165303880	  293  246    -34     14    601
20210112165304013	  294  246    -33     14    602
20210112165304146	  295  244    -31     11    602
20210112165304313	  295  245    -31     13    603
20210112165304447	  292  246    -36     14    602
20210112165304580	  296  247    -30     15    601
20210112165304747	  296  246    -29     14    602
20210112165304880	  294  246    -33     14    601
20210112165305013	  295  245    -31     13    601
20210112165305147	  296  247    -29     16    602
20210112165305313	  295  247    -31     16    602
20210112165305447	  293  246    -34     14    600
20210112165305580	  296  246    -29     14    602
20210112165305714	  295  247    -31     16    600
20210112165305847	  296  247    -29     16    600
20210112165306047	  296  245    -29     13    603
20210112165306180	  293  246    -34     14    600
20210112165306314	  295  246    -31     14    601
20210112165306447	  295  247    -31     16    602
20210112165306580	  295  244    -31     11    602
20210112165306714	  296  245    -30     12    602
20210112165306847	  294  246    -33     14    600
20210112165307014	  296  247    -29     16    602
20210112165307147	  295  245    -31     13    601
20210112165307314	  295  246    -31     14    602
20210112165307447	  296  245    -29     13    603
20210112165307581	  294  246    -33     14    601
20210112165307714	  295  244    -31     11    603
20210112165307881	  296  247    -29     16    602
20210112165308014	  296  245    -30     12    602
20210112165308147	  295  244    -31     11    599
20210112165308281	  295  245    -31     13    603
20210112165308481	  294  246    -33     14    600
20210112165308614	  295  244    -31     11    602
20210112165308748	  296  245    -30     13    601
20210112165308914	  295  245    -31     13    601
20210112165309081	  296  245    -30     13    601
20210112165309181	  294  245    -33     13    600
20210112165309248	  294  245    -32     12    598
20210112165309348	  295  246    -31     14    601
20210112165309381	  296  246    -29     14    602
20210112165309448	  296  247    -30     16    601
20210112165309748	  297  247    -28     16    602
20210112165309848	  295  243    -31      9    601
20210112165310081	  295  247    -31     16    601
20210112165310248	  290  253    -40     26    611
20210112165310315	  288  256    -43     30    610
20210112165310681	  283  261    -51     39    613
20210112165310948	  281  260    -55     38    621
20210112165311248	  279  260    -59     38    627
20210112165311382	  277  261    -62     40    629
20210112165311548	  281  261    -55     40    629
20210112165311682	  279  262    -59     42    631
20210112165311848	  279  262    -59     41    630
20210112165311982	  279  260    -59     38    628
20210112165312115	  280  260    -57     38    625
20210112165312315	  282  260    -53     38    622
20210112165312449	  282  258    -53     34    620
20210112165312582	  284  258    -50     34    618
20210112165312749	  285  256    -48     31    615
20210112165312915	  288  256    -43     31    612
20210112165313049	  288  253    -43     26    610
20210112165313182	  288  254    -43     27    608
20210112165313349	  290  251    -39     22    606
20210112165313515	  292  251    -36     22    604
20210112165313682	  292  250    -36     21    602
20210112165313816	  293  248    -34     17    602
20210112165313982	  292  249    -36     19    603
20210112165314116	  293  249    -34     19    602
20210112165314282	  293  248    -34     17    602
20210112165314416	  294  247    -33     16    604
20210112165314582	  295  247    -31     16    604
20210112165314782	  294  247    -33     16    602
20210112165314916	  292  247    -36     16    602
20210112165315216	  294  247    -33     16    601
20210112165315316	  295  246    -31     14    602
20210112165315516	  295  246    -31     14    601
20210112165315683	  292  247    -36     16    602
20210112165315816	  293  247    -34     16    602
20210112165316016	  293  247    -34     16    601
20210112165316183	  293  246    -34     14    600
20210112165316316	  295  247    -31     16    600
20210112165316483	  295  247    -31     16    601
20210112165316616	  295  246    -31     14    602
20210112165316783	  294  246    -33     14    601
20210112165316950	  295  245    -31     13    601
20210112165317083	  296  247    -30     16    600
20210112165317283	  293  246    -34     14    599
20210112165317416	  295  247    -31     16    602
20210112165317583	  295  245    -31     13    600
20210112165317750	  295  247    -31     16    602
20210112165317883	  294  246    -33     14    601
20210112165318050	  296  247    -29     16    601
20210112165318183	  295  246    -31     14    601
20210112165318350	  294  245    -33     13    600
20210112165318550	  294  246    -33     14    601
20210112165318683	  295  245    -31     12    601
20210112165318850	  295  245    -31     13    601
20210112165318983	  296  244    -30     11    602
20210112165319150	  294  245    -33     13    600
20210112165319317	  294  245    -33     13    601
20210112165319450	  297  245    -28     13    602
20210112165319617	  296  246    -29     14    600
20210112165319784	  297  247    -29     16    601
20210112165319950	  296  246    -29     14    599
20210112165320117	  296  247    -30     16    601
20210112165320250	  296  246    -29     14    600
20210112165320417	  296  244    -30     11    601
20210112165320584	  295  245    -31     13    601
20210112165320717	  296  244    -30     11    602
20210112165320917	  295  245    -31     13    600
20210112165321051	  294  245    -33     13    601
20210112165321217	  296  246    -29     14    599
20210112165321384	  294  245    -33     13    601
20210112165321517	  295  246    -31     14    600
20210112165321684	  295  246    -31     14    603
20210112165321818	  295  244    -31     11    599
20210112165321984	  295  244    -31     11    601
20210112165322184	  296  244    -30     11    602
20210112165322318	  295  245    -31     13    602
20210112165322484	  293  245    -34     12    599
20210112165322618	  297  246    -28     14    601
20210112165322785	  296  245    -30     13    601
20210112165322951	  294  246    -33     14    602
20210112165323085	  294  245    -33     13    600
20210112165323251	  295  244    -31     11    600
20210112165323418	  296  244    -29     11    602
20210112165323585	  296  244    -30     11    601
20210112165323751	  296  246    -29     14    602
20210112165323885	  296  246    -30     14    601
20210112165324051	  297  246    -28     14    601
20210112165324185	  296  246    -29     14    600
20210112165324318	  295  247    -31     16    601
20210112165324452	  289  253    -41     25    606
20210112165324552	  289  255    -41     29    610
20210112165324685	  289  258    -41     34    612
20210112165324818	  285  262    -48     40    612
20210112165324885	  283  262    -51     40    614
20210112165325018	  282  262    -53     41    616
20210112165325085	  281  260    -55     37    618
20210112165325185	  282  261    -53     39    619
20210112165325252	  281  262    -55     41    621
20210112165325352	  280  262    -57     41    623
20210112165325485	  280  261    -57     40    626
20210112165325552	  279  261    -59     40    626
20210112165325719	  279  261    -59     40    630
20210112165325819	  279  261    -59     40    631
20210112165325885	  278  262    -61     41    629
20210112165326019	  278  262    -61     41    628
20210112165326185	  280  260    -57     38    631
20210112165326419	  282  259    -54     36    624
20210112165326652	  285  259    -48     36    621
20210112165326919	  285  256    -48     31    616
20210112165327219	  288  255    -43     29    612
20210112165327486	  288  253    -42     25    606
20210112165327719	  291  251    -38     22    605
20210112165327719	  292  250    -36     21    604
20210112165327952	  293  250    -34     21    603
20210112165328219	  293  250    -34     21    603
20210112165328453	  292  248    -36     17    601
20210112165328753	  293  247    -34     16    600
20210112165328919	  293  248    -34     17    603
20210112165329086	  294  248    -33     17    601
20210112165329219	  295  247    -31     16    601
20210112165329386	  295  246    -31     14    602
20210112165329553	  296  248    -29     17    602
20210112165329720	  294  246    -33     14    602
20210112165329886	  296  247    -30     16    600
20210112165330020	  296  248    -30     17    604
20210112165330186	  294  245    -33     12    600
20210112165330353	  295  247    -31     16    602
20210112165330520	  295  246    -31     14    601
20210112165330620	  294  247    -33     16    604
20210112165330820	  293  246    -34     14    601
20210112165330987	  296  247    -29     16    601
20210112165331153	  293  246    -34     14    601
20210112165331320	  295  246    -31     14    600
20210112165331453	  296  247    -29     16    601
20210112165331620	  295  245    -31     13    601
20210112165331720	  295  245    -31     13    602
20210112165331853	  295  247    -31     16    602
20210112165332120	  295  244    -31     11    601
20210112165332254	  296  246    -29     14    602
20210112165332420	  294  245    -33     13    600
20210112165332554	  295  245    -31     13    602
20210112165332720	  295  245    -31     13    601
20210112165332820	  296  244    -29     11    602
20210112165332920	  296  244    -29     11    602
20210112165333087	  295  246    -31     14    600
20210112165333220	  294  246    -33     14    601
20210112165333321	  295  245    -31     13    602
20210112165333654	  294  246    -33     14    602
20210112165333821	  295  245    -31     13    601
20210112165333954	  296  246    -29     14    599
20210112165334121	  296  245    -29     13    602
20210112165334287	  293  246    -34     14    602
20210112165334421	  295  246    -31     14    602
20210112165334621	  295  245    -31     13    601
20210112165334788	  296  246    -29     14    600
20210112165334921	  294  246    -33     14    602
20210112165335088	  296  246    -29     14    600
20210112165335221	  297  246    -28     14    602
20210112165335388	  296  244    -29     11    603
20210112165335554	  295  246    -31     14    600
20210112165335688	  296  245    -30     13    601
20210112165335788	  296  246    -29     14    600
20210112165335921	  296  244    -29     11    602
20210112165336188	  295  245    -31     13    601
20210112165336488	  295  245    -31     13    600
20210112165336655	  297  245    -28     13    603
20210112165336821	  296  244    -29     11    602
20210112165336955	  295  244    -31     11    601
20210112165337121	  295  246    -31     14    601
20210112165337288	  295  245    -31     13    600
20210112165337455	  295  245    -31     13    601
20210112165337622	  295  246    -31     14    601
20210112165337755	  296  246    -29     14    599
20210112165337922	  296  244    -29     11    599
20210112165338055	  296  245    -29     13    602
20210112165338222	  296  245    -29     13    601
20210112165338422	  295  246    -31     14    601
20210112165338555	  294  246    -33     14    600
20210112165338722	  290  255    -40     29    611
20210112165338855	  287  257    -44     32    608
20210112165339022	  284  261    -50     39    613
20210112165339189	  283  260    -51     37    615
20210112165339322	  282  263    -53     42    619
20210112165339489	  282  260    -53     38    622
20210112165339655	  279  260    -59     38    627
20210112165339822	  280  260    -57     38    629
20210112165339989	  279  262    -59     41    628
20210112165340122	  281  262    -56     42    633
20210112165340289	  278  262    -61     41    629
20210112165340422	  279  261    -59     40    630
20210112165340589	  279  262    -59     41    630
20210112165340756	  280  262    -58     42    632
20210112165340922	  279  262    -59     42    631
20210112165341089	  279  263    -59     43    632
20210112165341256	  277  262    -63     42    631
20210112165341389	  279  263    -59     43    631
20210112165341556	  278  262    -61     42    632
20210112165341689	  278  262    -61     42    632
20210112165341856	  278  261    -61     40    631
20210112165341989	  277  262    -63     42    632
20210112165342189	  277  262    -63     42    631
20210112165342356	  277  260    -63     38    633
20210112165342489	  278  262    -61     42    633
20210112165342623	  278  262    -61     42    632
20210112165342789	  278  263    -61     43    632
20210112165342956	  278  262    -61     42    632
20210112165343123	  277  260    -63     38    634
20210112165343256	  278  260    -61     38    633
20210112165343456	  278  261    -61     40    633
20210112165343623	  278  262    -61     42    632
20210112165343756	  278  261    -61     40    632
20210112165343890	  278  263    -61     43    632
20210112165344056	  278  261    -61     40    633
20210112165344223	  279  262    -59     42    632
20210112165344323	  277  262    -63     42    633
20210112165344523	  278  261    -61     40    634
20210112165344723	  277  262    -63     42    634
20210112165344857	  277  261    -63     40    634
20210112165345023	  278  263    -61     43    633
20210112165345190	  278  262    -61     42    633
20210112165345357	  277  262    -63     42    633
20210112165345524	  278  262    -61     42    634
20210112165345690	  278  262    -61     42    633
20210112165345890	  276  262    -64     42    632
20210112165346024	  278  262    -61     42    634
20210112165346190	  278  261    -61     40    633
20210112165346257	  278  262    -61     42    634
