20210112163927416	  274  262    -68     42    635
20210112163927448	  274  262    -68     42    635
20210112163927448	  274  262    -68     42    635
20210112163927576	  274  262    -68     42    636
20210112163927608	  274  262    -68     42    636
20210112163927640	  274  262    -68     42    635
20210112163927640	  275  262    -66     42    636
20210112163927640	  274  262    -68     42    636
20210112163927738	  274  262    -68     42    635
20210112163927771	  274  262    -68     42    635
20210112163927804	  274  262    -68     42    635
20210112163927837	  274  262    -68     42    635
20210112163927936	  274  262    -68     42    635
20210112163927969	  276  261    -65     40    636
20210112163928068	  274  261    -68     40    635
20210112163928102	  274  261    -68     40    635
20210112163928168	  275  262    -66     42    635
20210112163928202	  274  263    -68     43    635
20210112163928268	  274  263    -68     43    635
20210112163928335	  275  262    -66     42    635
20210112163928369	  275  262    -66     42    635
20210112163928436	  275  261    -66     40    635
20210112163928503	  275  261    -66     40    635
20210112163928569	  274  263    -68     43    635
20210112163928603	  274  263    -68     43    635
20210112163928603	  274  263    -68     43    635
20210112163928670	  274  261    -68     40    635
20210112163928703	  274  263    -68     43    635
20210112163928804	  274  262    -68     42    635
20210112163928837	  274  262    -68     42    635
20210112163928971	  274  262    -68     42    635
20210112163929005	  274  262    -68     42    635
20210112163929139	  274  262    -68     42    635
20210112163929172	  275  263    -66     43    635
20210112163929240	  274  262    -68     42    635
20210112163929273	  274  262    -68     42    635
20210112163929307	  274  262    -68     42    635
20210112163929407	  273  263    -70     43    635
20210112163929508	  274  263    -68     43    634
20210112163929508	  274  263    -68     43    634
20210112163929508	  274  263    -68     43    634
20210112163929643	  274  263    -68     43    635
20210112163929710	  274  263    -68     43    635
20210112163929743	  274  263    -68     43    634
20210112163929777	  274  263    -68     43    634
20210112163929810	  274  263    -68     43    634
20210112163929877	  273  263    -69     43    634
20210112163929910	  274  263    -68     43    634
20210112163929944	  274  263    -68     43    634
20210112163930011	  274  263    -68     43    634
20210112163930044	  275  262    -66     42    634
20210112163930077	  273  262    -69     42    634
20210112163930144	  273  262    -69     42    634
20210112163930177	  274  261    -68     40    635
20210112163930211	  273  263    -70     43    635
20210112163930311	  273  263    -70     43    635
20210112163930344	  274  260    -68     38    634
20210112163930411	  274  263    -68     43    634
20210112163930444	  273  262    -70     42    635
20210112163930477	  273  262    -70     42    635
20210112163930544	  274  261    -68     40    635
20210112163930610	  273  262    -70     42    635
20210112163930677	  274  263    -68     43    635
20210112163930743	  274  263    -68     43    634
20210112163930843	  273  262    -70     42    635
20210112163930877	  275  261    -66     40    635
20210112163930910	  273  263    -70     43    635
20210112163930943	  274  262    -68     42    635
20210112163930976	  273  263    -70     43    634
20210112163931076	  273  262    -70     42    635
20210112163931142	  273  263    -70     43    635
20210112163931209	  274  262    -68     42    635
20210112163931275	  274  263    -68     43    635
20210112163931342	  275  261    -66     40    635
20210112163931375	  273  263    -70     43    635
20210112163931474	  273  262    -70     42    635
20210112163931508	  274  262    -68     42    635
20210112163931541	  274  263    -68     43    635
20210112163931574	  273  262    -70     42    635
20210112163931607	  274  263    -68     43    635
20210112163931640	  274  261    -68     40    635
20210112163931674	  273  263    -70     43    635
20210112163931840	  274  263    -68     43    635
20210112163931873	  274  261    -68     40    635
20210112163931906	  274  262    -68     42    635
20210112163931940	  273  262    -70     42    635
20210112163931940	  273  263    -70     43    635
20210112163932006	  273  263    -70     43    635
20210112163932039	  274  261    -68     40    635
20210112163932106	  274  262    -68     42    635
20210112163932139	  273  262    -70     42    635
20210112163932172	  274  261    -68     40    635
20210112163932205	  275  261    -66     40    635
20210112163932239	  274  263    -68     43    635
20210112163932338	  274  262    -68     42    635
20210112163932405	  275  262    -66     42    635
20210112163932471	  273  262    -70     42    635
20210112163932504	  273  263    -70     44    636
20210112163932537	  274  262    -68     42    635
20210112163932570	  273  262    -70     42    635
20210112163932604	  275  262    -66     42    635
20210112163932637	  274  261    -68     40    635
20210112163932703	  275  261    -66     40    635
20210112163932736	  274  262    -68     42    635
20210112163932769	  274  263    -68     43    635
20210112163932769	  274  261    -68     40    635
20210112163932869	  275  262    -66     42    635
20210112163932869	  274  261    -68     40    635
20210112163932935	  274  262    -68     42    635
20210112163933002	  274  261    -68     40    635
20210112163933035	  274  262    -68     42    635
20210112163933068	  275  261    -66     40    635
20210112163933101	  273  263    -70     43    635
20210112163933134	  273  262    -70     42    635
20210112163933200	  274  262    -68     42    635
20210112163933267	  274  262    -68     42    635
20210112163933300	  273  263    -70     43    635
20210112163933333	  274  262    -68     42    635
20210112163933366	  275  262    -66     42    635
20210112163933432	  273  263    -70     43    635
20210112163933498	  273  263    -70     43    635
20210112163933531	  273  262    -70     42    635
20210112163933663	  273  262    -70     42    635
20210112163933730	  273  262    -70     42    635
20210112163933830	  274  262    -68     42    635
20210112163933863	  275  262    -66     42    636
20210112163933897	  275  262    -66     42    636
20210112163934030	  273  262    -70     42    635
20210112163934064	  273  262    -70     42    636
20210112163934097	  273  262    -70     42    636
20210112163934164	  273  262    -70     42    636
20210112163934197	  273  263    -70     44    636
20210112163934230	  273  263    -70     44    636
20210112163934264	  275  262    -66     42    636
20210112163934297	  275  261    -66     40    636
20210112163934330	  274  262    -68     42    636
20210112163934464	  274  262    -68     42    636
20210112163934497	  273  262    -70     42    636
20210112163934530	  274  262    -68     42    636
20210112163934564	  274  263    -68     44    636
20210112163934630	  273  262    -70     42    636
20210112163934697	  273  263    -70     44    636
20210112163934730	  275  262    -66     42    636
20210112163934830	  274  262    -68     42    636
20210112163934864	  273  262    -70     42    636
20210112163934930	  274  262    -68     42    636
20210112163934964	  273  262    -70     42    636
20210112163934997	  275  261    -66     40    636
20210112163935064	  273  262    -70     42    636
20210112163935097	  274  263    -68     44    636
20210112163935164	  273  262    -70     42    636
20210112163935230	  274  263    -68     43    635
20210112163935264	  274  262    -68     42    636
20210112163935297	  273  263    -70     44    636
20210112163935331	  273  263    -70     44    636
20210112163935331	  275  261    -66     40    636
20210112163935397	  274  263    -68     44    636
20210112163935464	  274  262    -68     42    636
20210112163935497	  274  262    -68     42    636
20210112163935564	  273  262    -70     42    636
20210112163935597	  273  262    -70     42    635
20210112163935631	  273  263    -70     43    635
20210112163935697	  274  263    -68     43    635
20210112163935731	  275  261    -66     40    636
20210112163935764	  274  263    -68     44    636
20210112163935797	  273  263    -70     44    636
20210112163935831	  273  263    -70     43    635
20210112163935897	  273  263    -70     43    635
20210112163935931	  273  263    -70     43    635
20210112163935964	  275  261    -66     40    636
20210112163935997	  275  261    -66     40    636
20210112163936031	  275  264    -66     45    636
20210112163936131	  274  263    -68     43    635
20210112163936164	  274  263    -68     43    635
20210112163936197	  275  261    -66     40    635
20210112163936231	  274  262    -68     42    636
20210112163936264	  273  263    -70     43    635
20210112163936264	  273  263    -70     43    635
20210112163936331	  274  261    -68     40    635
20210112163936397	  274  262    -68     42    635
20210112163936464	  275  261    -66     40    635
20210112163936498	  274  262    -68     42    635
20210112163936564	  274  262    -68     42    635
20210112163936631	  275  262    -66     42    635
20210112163936664	  274  262    -68     42    635
20210112163936698	  273  262    -70     42    635
20210112163936731	  274  262    -68     42    635
20210112163936764	  273  262    -70     42    635
20210112163936831	  273  262    -70     42    635
20210112163936864	  274  261    -68     40    635
20210112163936964	  273  263    -70     43    635
20210112163936998	  273  263    -70     43    635
20210112163937064	  273  263    -70     43    635
20210112163937098	  274  262    -68     42    634
20210112163937131	  274  262    -68     42    635
20210112163937164	  275  262    -66     42    634
20210112163937198	  273  262    -70     42    635
20210112163937231	  274  262    -68     42    635
20210112163937364	  274  263    -68     43    635
20210112163937398	  273  262    -70     42    635
20210112163937431	  274  263    -68     43    634
20210112163937464	  275  262    -66     42    635
20210112163937498	  274  263    -68     43    634
20210112163937498	  274  262    -68     42    635
20210112163937565	  273  262    -70     42    635
20210112163937598	  273  263    -70     43    635
20210112163937665	  275  262    -66     42    635
20210112163937698	  273  263    -70     43    635
20210112163937731	  274  263    -68     43    635
20210112163937831	  274  262    -68     42    635
20210112163937931	  273  263    -70     43    635
20210112163937965	  273  263    -70     43    635
20210112163938031	  273  262    -70     42    635
20210112163938065	  274  263    -68     43    635
20210112163938098	  273  262    -70     42    635
20210112163938131	  273  263    -70     43    635
20210112163938198	  273  263    -70     43    635
20210112163938231	  273  262    -70     42    636
20210112163938298	  275  262    -66     42    636
20210112163938331	  274  262    -68     42    635
20210112163938398	  273  262    -70     42    635
20210112163938465	  273  263    -70     44    636
20210112163938498	  274  263    -68     44    636
20210112163938565	  273  262    -70     42    636
20210112163938598	  273  263    -70     44    636
20210112163938631	  274  262    -68     42    636
20210112163938665	  273  263    -70     44    636
20210112163938698	  275  262    -66     42    636
20210112163938731	  274  262    -68     42    635
20210112163938798	  273  263    -70     44    636
20210112163938832	  275  261    -66     40    636
20210112163938865	  273  262    -70     42    635
20210112163938898	  273  263    -70     43    635
20210112163938932	  273  262    -70     42    636
20210112163938965	  273  263    -70     43    635
20210112163938998	  273  262    -70     42    635
20210112163939032	  275  262    -66     42    636
20210112163939065	  273  263    -70     43    635
20210112163939098	  273  263    -70     44    636
20210112163939132	  274  261    -68     40    635
20210112163939198	  273  263    -70     43    635
20210112163939265	  273  262    -70     42    635
20210112163939298	  272  263    -71     43    635
20210112163939332	  274  261    -68     40    635
20210112163939365	  274  262    -68     42    635
20210112163939398	  273  263    -70     43    635
20210112163939432	  273  262    -70     42    635
20210112163939432	  273  262    -70     42    635
20210112163939532	  273  263    -70     43    635
20210112163939565	  274  261    -68     40    636
20210112163939598	  273  262    -70     42    636
20210112163939598	  274  263    -68     43    635
20210112163939832	  274  262    -68     42    635
20210112163939865	  273  263    -70     44    636
20210112163939898	  273  262    -70     42    635
20210112163939965	  273  263    -70     43    635
20210112163940065	  274  262    -68     42    636
20210112163940132	  274  263    -68     43    635
20210112163940232	  274  261    -68     40    635
20210112163940299	  275  262    -66     42    636
20210112163940365	  273  263    -70     43    635
20210112163940399	  275  262    -66     42    636
20210112163940465	  273  263    -70     43    635
20210112163940499	  273  262    -70     42    636
20210112163940632	  274  262    -68     42    636
20210112163940699	  274  262    -68     42    635
20210112163940765	  274  263    -68     44    636
20210112163940865	  276  263    -64     43    633
20210112163940899	  277  262    -63     42    631
20210112163940965	  276  262    -64     41    627
20210112163941065	  277  261    -62     40    626
20210112163941165	  277  262    -62     41    622
20210112163941265	  277  261    -61     39    620
20210112163941365	  279  261    -58     39    615
20210112163941399	  279  258    -58     34    616
20210112163941466	  280  258    -56     34    614
20210112163941499	  279  260    -57     37    611
20210112163941532	  279  259    -57     35    611
20210112163941566	  281  259    -54     35    610
20210112163941632	  281  258    -54     34    607
20210112163941666	  282  259    -52     35    606
20210112163941699	  280  258    -55     33    604
20210112163941732	  281  257    -54     32    605
20210112163941766	  281  257    -53     32    602
20210112163941799	  281  257    -53     32    601
20210112163941832	  283  256    -50     30    600
20210112163941866	  285  257    -47     31    599
20210112163941899	  285  257    -47     31    598
20210112163941932	  284  256    -48     29    597
20210112163941966	  283  255    -50     28    596
20210112163941966	  284  255    -48     28    596
20210112163942032	  283  255    -49     28    594
20210112163942066	  284  255    -48     28    594
20210112163942099	  285  254    -46     26    592
20210112163942132	  285  253    -46     25    589
20210112163942166	  286  254    -44     26    590
20210112163942232	  288  252    -41     23    586
20210112163942299	  288  253    -41     25    585
20210112163942332	  288  251    -41     21    585
20210112163942366	  287  251    -42     21    583
20210112163942432	  288  251    -41     21    581
20210112163942466	  287  250    -42     20    580
20210112163942499	  288  250    -41     20    579
20210112163942499	  287  249    -42     18    579
20210112163942566	  288  248    -40     17    576
20210112163942599	  289  249    -39     18    575
20210112163942632	  290  249    -37     18    574
20210112163942699	  291  247    -35     15    572
20210112163942766	  291  246    -36     13    573
20210112163942766	  290  248    -37     16    573
20210112163942833	  289  247    -39     15    572
20210112163942866	  289  247    -38     15    572
20210112163942899	  291  245    -35     12    571
20210112163942966	  291  247    -35     15    571
20210112163942999	  289  247    -38     15    570
20210112163943066	  289  247    -38     15    571
20210112163943133	  289  246    -38     13    571
20210112163943199	  290  245    -37     12    569
20210112163943199	  289  246    -38     13    570
20210112163943266	  289  246    -38     13    569
20210112163943333	  290  245    -37     12    569
20210112163943366	  288  245    -40     12    569
20210112163943399	  288  245    -40     12    569
20210112163943433	  290  245    -37     12    568
20210112163943466	  291  245    -36     12    569
20210112163943566	  292  245    -34     12    569
20210112163943666	  290  244    -37     10    568
20210112163943733	  291  245    -35     12    568
20210112163943799	  292  243    -34      9    570
20210112163943866	  291  245    -35     12    569
20210112163943933	  292  244    -34     10    568
20210112163943966	  292  245    -34     12    568
20210112163944066	  292  243    -34      9    569
20210112163944099	  292  244    -34     10    568
20210112163944166	  290  245    -37     12    568
20210112163944200	  290  244    -37     10    568
20210112163944233	  292  245    -34     12    567
20210112163944266	  291  244    -35     10    568
20210112163944333	  292  243    -34      9    567
20210112163944433	  292  244    -34     10    565
20210112163944466	  292  243    -34      9    566
20210112163944533	  291  244    -35     10    568
20210112163944566	  291  244    -35     10    568
20210112163944600	  291  243    -35      9    567
20210112163944633	  291  244    -35     10    566
20210112163944700	  292  244    -34     10    566
20210112163944866	  291  244    -35     10    566
20210112163945066	  292  244    -34     10    567
20210112163945266	  292  243    -34      9    565
20210112163945466	  291  244    -35     10    566
20210112163945667	  292  243    -34      9    566
20210112163945867	  292  244    -34     10    566
20210112163946033	  293  244    -32     10    567
20210112163946267	  292  244    -34     10    564
20210112163946500	  292  243    -34      9    565
20210112163946600	  293  241    -32      6    566
20210112163946833	  292  242    -34      7    564
20210112163947034	  292  242    -34      7    564
20210112163947267	  290  243    -37      9    566
20210112163947434	  292  242    -34      7    564
20210112163947667	  292  241    -34      6    565
20210112163947900	  292  242    -34      7    564
20210112163948100	  292  241    -34      6    564
20210112163948167	  293  242    -32      7    564
20210112163948367	  291  242    -35      7    564
20210112163948601	  292  243    -34      9    565
20210112163948801	  292  242    -33      7    563
20210112163949034	  292  242    -33      7    564
20210112163949267	  292  242    -33      7    564
20210112163949501	  292  241    -34      6    564
20210112163949701	  292  241    -33      6    563
20210112163949934	  292  242    -33      7    564
20210112163950134	  292  241    -33      6    562
20210112163950301	  293  242    -32      7    564
20210112163950434	  293  242    -32      7    563
20210112163950668	  294  243    -31      9    565
20210112163950868	  293  241    -32      6    563
20210112163951034	  292  241    -34      6    564
20210112163951168	  293  240    -32      4    564
20210112163951335	  292  242    -33      7    563
20210112163951568	  291  241    -35      6    563
20210112163951801	  293  241    -32      6    563
20210112163951901	  291  242    -35      7    563
20210112163951935	  292  241    -33      6    563
20210112163952068	  293  241    -32      6    563
20210112163952301	  291  241    -35      6    563
20210112163952535	  293  241    -32      6    563
20210112163952768	  293  241    -32      6    563
20210112163952968	  294  242    -30      7    563
20210112163953168	  294  241    -30      6    563
20210112163953402	  286  257    -44     31    584
20210112163953535	  285  261    -46     37    593
20210112163953768	  279  265    -57     45    606
20210112163953935	  280  264    -55     43    606
20210112163954135	  280  262    -56     40    615
20210112163954335	  278  263    -60     42    620
20210112163954469	  278  262    -60     41    626
20210112163954569	  278  264    -61     45    629
20210112163954602	  278  265    -61     46    629
20210112163954635	  277  263    -62     43    629
20210112163954735	  275  264    -66     45    629
20210112163954769	  277  264    -62     45    630
20210112163954802	  279  265    -59     46    631
20210112163954869	  277  263    -62     43    630
20210112163954935	  278  263    -61     43    630
20210112163955002	  278  263    -61     43    629
20210112163955069	  277  261    -62     40    629
20210112163955136	  278  263    -60     43    627
20210112163955269	  278  263    -60     43    622
20210112163955469	  282  261    -53     39    616
20210112163955536	  282  260    -53     37    614
20210112163955669	  281  259    -54     35    609
20210112163955702	  283  259    -51     35    608
20210112163955769	  284  259    -49     35    606
20210112163955902	  285  258    -47     33    600
20210112163956136	  285  255    -46     28    593
20210112163956336	  287  252    -43     23    586
20210112163956603	  289  249    -39     18    577
20210112163956803	  291  244    -36     10    570
20210112163957036	  291  244    -35     10    568
20210112163957103	  292  244    -34     10    568
20210112163957369	  292  244    -34     10    567
20210112163957603	  292  243    -34      9    566
20210112163957669	  294  243    -31      9    568
20210112163957736	  291  242    -35      7    565
20210112163957769	  291  242    -35      7    564
20210112163957803	  291  243    -35      9    564
20210112163957870	  294  244    -31     10    566
20210112163957903	  291  243    -35      9    566
20210112163957970	  292  242    -34      7    565
20210112163958003	  292  243    -34      9    565
20210112163958070	  291  243    -35      9    565
20210112163958203	  293  242    -32      7    564
20210112163958336	  292  243    -34      9    565
20210112163958370	  291  243    -35      9    565
20210112163958403	  292  242    -34      7    565
20210112163958536	  293  242    -32      7    564
20210112163958770	  292  243    -34      9    564
20210112163958903	  293  241    -32      6    565
20210112163959036	  293  242    -32      7    563
20210112163959203	  294  241    -31      6    565
20210112163959403	  293  241    -32      6    563
20210112163959603	  292  242    -33      7    563
20210112163959870	  292  242    -33      7    563
20210112164000003	  294  242    -30      7    563
20210112164000237	  291  241    -35      6    562
20210112164000470	  294  241    -30      6    562
20210112164000704	  292  241    -33      6    563
20210112164000904	  294  241    -30      6    562
20210112164001070	  294  241    -30      6    563
20210112164001270	  294  243    -30      9    563
20210112164001504	  294  242    -30      7    563
20210112164001604	  291  240    -35      4    561
20210112164001837	  292  242    -33      7    563
20210112164002071	  293  241    -32      6    563
20210112164002304	  294  242    -31      7    563
20210112164002471	  291  239    -35      3    562
20210112164002737	  292  241    -33      6    561
20210112164002837	  294  241    -30      6    562
20210112164003038	  294  242    -30      7    563
20210112164003271	  293  241    -32      6    562
20210112164003404	  292  241    -33      6    563
20210112164003671	  293  239    -32      3    563
20210112164003904	  295  239    -29      3    562
20210112164004104	  293  240    -32      4    562
20210112164004204	  294  239    -30      3    562
20210112164004438	  294  241    -30      6    563
20210112164004638	  293  240    -32      4    561
20210112164004905	  293  239    -32      3    563
20210112164005138	  294  241    -30      6    561
20210112164005238	  293  241    -32      6    563
20210112164005305	  293  241    -32      6    562
20210112164005338	  293  240    -32      4    561
20210112164005505	  294  239    -31      3    564
20210112164005705	  294  240    -30      4    561
20210112164005938	  291  240    -35      4    562
20210112164006172	  295  239    -29      3    562
20210112164006372	  294  240    -30      4    561
20210112164006605	  294  239    -30      3    560
20210112164006838	  293  241    -32      6    562
20210112164007072	  294  239    -30      3    560
20210112164007305	  293  241    -32      6    562
20210112164007405	  295  240    -29      4    560
20210112164007505	  293  242    -32      7    562
20210112164007605	  288  253    -41     24    583
20210112164007839	  282  262    -51     39    593
20210112164008005	  281  263    -54     41    605
20210112164008206	  279  263    -57     42    607
20210112164008306	  281  263    -54     42    612
20210112164008339	  279  263    -57     42    612
20210112164008472	  280  261    -56     39    616
20210112164008539	  280  261    -56     39    619
20210112164008706	  278  263    -60     43    624
20210112164008939	  278  264    -60     45    628
20210112164009139	  278  263    -61     43    628
20210112164009272	  280  264    -57     45    629
20210112164009472	  281  262    -55     41    620
20210112164009706	  282  261    -53     39    615
20210112164009939	  284  258    -49     34    607
20210112164010173	  285  256    -47     30    598
20210112164010406	  285  254    -46     26    590
20210112164010473	  287  252    -43     23    587
20210112164010673	  290  249    -38     18    582
20210112164010873	  291  247    -36     15    574
20210112164011140	  292  243    -34      9    565
20210112164011306	  291  243    -35      9    568
20210112164011573	  292  242    -34      7    565
20210112164011740	  293  242    -32      7    564
20210112164011906	  291  242    -35      7    564
20210112164012173	  292  241    -33      6    563
20210112164012373	  293  242    -32      7    563
20210112164012607	  294  242    -31      7    565
20210112164012773	  291  240    -35      4    563
20210112164012973	  293  241    -32      6    563
20210112164013140	  294  241    -30      6    562
20210112164013340	  291  241    -35      6    563
20210112164013607	  293  241    -32      6    563
20210112164013740	  294  241    -30      6    562
20210112164013940	  292  241    -33      6    562
20210112164014174	  294  242    -30      7    562
20210112164014407	  292  241    -33      6    561
20210112164014607	  293  240    -32      4    562
20210112164014874	  293  240    -32      4    560
20210112164015074	  293  240    -32      4    561
20210112164015207	  293  240    -32      4    561
20210112164015441	  294  240    -30      4    562
20210112164015474	  293  240    -32      4    562
20210112164015507	  294  241    -30      6    561
20210112164015607	  293  239    -32      3    561
20210112164015674	  294  240    -30      4    561
20210112164015741	  294  240    -30      4    562
20210112164015774	  292  240    -33      4    561
20210112164015807	  293  240    -32      4    561
20210112164015907	  294  240    -30      4    561
20210112164016041	  292  241    -33      6    561
20210112164016274	  295  241    -29      6    561
20210112164016507	  294  240    -30      4    560
20210112164016641	  293  242    -32      7    562
20210112164016774	  292  240    -33      4    560
20210112164017008	  293  240    -32      4    561
20210112164017108	  293  240    -32      4    560
20210112164017241	  294  241    -30      6    562
20210112164017474	  293  240    -32      4    561
20210112164017708	  293  240    -32      4    562
20210112164017908	  294  240    -30      4    562
20210112164018041	  294  240    -30      4    561
20210112164018108	  295  239    -29      3    561
20210112164018141	  294  240    -30      4    561
20210112164018241	  292  240    -33      4    561
20210112164018275	  293  240    -32      4    561
20210112164018308	  294  240    -30      4    560
20210112164018541	  295  241    -29      6    561
20210112164018741	  293  240    -32      4    560
20210112164019008	  294  240    -30      4    561
20210112164019142	  293  241    -32      6    560
20210112164019342	  294  240    -30      4    561
20210112164019542	  294  239    -30      3    560
20210112164019808	  294  239    -30      3    560
20210112164020042	  295  241    -29      6    559
20210112164020242	  295  238    -29      1    560
20210112164020475	  293  240    -32      4    559
20210112164020575	  295  239    -29      3    559
20210112164020775	  294  239    -30      3    559
20210112164021009	  295  238    -29      1    561
20210112164021075	  295  239    -29      3    560
20210112164021109	  295  240    -29      4    560
20210112164021209	  294  239    -30      3    560
20210112164021375	  295  239    -29      3    559
20210112164021576	  295  240    -29      4    560
20210112164021842	  288  251    -40     21    574
20210112164021976	  285  259    -46     34    590
20210112164022176	  281  263    -53     41    597
20210112164022409	  280  263    -55     41    605
20210112164022642	  279  263    -57     42    612
20210112164022876	  280  264    -57     44    621
20210112164023009	  280  262    -57     41    627
20210112164023209	  279  263    -59     43    625
20210112164023476	  279  262    -59     41    628
20210112164023676	  279  261    -58     39    623
20210112164023909	  281  260    -54     37    615
20210112164024109	  281  260    -54     37    608
20210112164024343	  286  256    -45     30    601
20210112164024476	  286  254    -45     27    596
20210112164024710	  286  253    -44     25    588
20210112164024910	  288  250    -41     20    580
20210112164025176	  291  246    -35     13    572
20210112164025376	  292  242    -34      7    564
20210112164025476	  293  243    -32      9    565
20210112164025710	  293  242    -32      7    565
20210112164025943	  293  243    -32      9    565
20210112164026110	  291  242    -35      7    562
20210112164026277	  295  242    -29      7    563
20210112164026443	  292  241    -33      6    563
20210112164026577	  293  240    -32      4    564
20210112164026810	  293  240    -32      4    564
20210112164027010	  293  239    -32      3    563
20210112164027244	  293  242    -32      7    563
20210112164027477	  293  241    -32      6    562
20210112164027610	  294  241    -30      6    561
20210112164027810	  294  241    -30      6    561
20210112164028044	  294  241    -30      6    563
20210112164028244	  295  241    -29      6    561
20210112164028511	  294  239    -30      3    562
20210112164028711	  294  240    -30      4    560
20210112164028944	  292  240    -33      4    560
20210112164029177	  294  240    -30      4    560
20210112164029377	  292  240    -33      4    561
20210112164029644	  294  240    -30      4    560
20210112164029844	  295  240    -29      4    561
20210112164030078	  294  240    -30      4    560
20210112164030311	  294  239    -30      3    560
20210112164030444	  294  240    -30      4    561
20210112164030644	  291  240    -35      4    561
20210112164030711	  292  240    -33      4    561
20210112164030945	  294  241    -30      6    562
20210112164031178	  294  240    -30      4    560
20210112164031345	  295  240    -29      4    561
20210112164031378	  295  240    -29      4    560
20210112164031411	  295  238    -29      1    560
20210112164031611	  294  240    -30      4    560
20210112164031845	  293  239    -32      3    561
20210112164032045	  294  238    -30      1    561
20210112164032312	  293  239    -32      3    560
20210112164032445	  294  240    -30      4    561
20210112164032645	  295  241    -29      6    561
20210112164032912	  294  238    -30      1    561
20210112164033112	  294  240    -30      4    560
20210112164033345	  295  238    -29      1    561
20210112164033579	  294  240    -30      4    561
20210112164033812	  295  240    -29      4    561
20210112164033912	  294  239    -30      3    561
20210112164034112	  293  239    -32      3    560
20210112164034379	  293  240    -32      4    561
20210112164034612	  293  240    -32      4    560
20210112164034712	  294  240    -30      4    560
20210112164034812	  293  240    -32      4    560
20210112164034946	  294  240    -30      4    560
20210112164035079	  293  239    -32      3    560
20210112164035179	  296  240    -27      4    561
20210112164035279	  293  241    -32      6    559
20210112164035379	  294  239    -30      3    559
20210112164035479	  292  240    -33      4    560
20210112164035546	  294  239    -30      3    560
20210112164035612	  295  238    -29      1    559
20210112164035646	  294  239    -30      3    560
20210112164035779	  294  240    -30      4    560
20210112164035846	  292  239    -33      3    560
20210112164036013	  295  243    -29      9    563
20210112164036113	  287  253    -42     24    584
20210112164036146	  285  256    -46     29    588
20210112164036146	  283  258    -49     32    587
20210112164036146	  285  258    -46     33    591
20210112164036379	  282  261    -51     38    595
20210112164036546	  282  265    -52     45    606
20210112164036713	  281  264    -54     43    607
20210112164036779	  279  263    -57     42    611
20210112164036813	  278  263    -59     42    612
20210112164036946	  280  262    -56     40    613
20210112164037146	  278  263    -60     43    622
20210112164037280	  279  264    -59     45    626
20210112164037346	  277  263    -62     43    626
20210112164037380	  277  263    -62     43    627
20210112164037446	  280  262    -57     41    627
20210112164037480	  279  262    -59     41    626
20210112164037546	  278  262    -60     41    626
20210112164037746	  278  264    -60     44    626
20210112164037946	  279  262    -58     41    621
20210112164038180	  282  259    -53     36    614
20210112164038480	  283  258    -50     33    602
20210112164038747	  287  254    -43     27    594
20210112164038947	  287  252    -43     23    587
20210112164039213	  290  249    -37     18    577
20210112164039447	  292  244    -34     10    570
20210112164039747	  293  243    -32      9    567
20210112164039980	  293  243    -32      9    565
20210112164040247	  295  242    -29      7    563
20210112164040480	  294  242    -31      7    565
20210112164040714	  294  242    -31      7    564
20210112164040880	  293  242    -32      7    563
20210112164041014	  293  241    -32      6    562
20210112164041147	  293  240    -32      4    562
20210112164041281	  293  240    -32      4    562
20210112164041414	  291  241    -35      6    562
20210112164041514	  295  242    -29      7    562
20210112164041647	  291  240    -35      4    562
20210112164041747	  294  241    -30      6    562
20210112164041881	  294  241    -30      6    562
20210112164042014	  293  240    -32      4    561
20210112164042147	  294  240    -30      4    561
20210112164042281	  294  240    -30      4    561
20210112164042414	  293  242    -32      7    561
20210112164042514	  293  240    -32      4    562
20210112164042648	  292  240    -33      4    561
20210112164042781	  294  240    -30      4    560
20210112164042881	  293  241    -32      6    562
20210112164043014	  292  241    -33      6    559
20210112164043148	  295  240    -29      4    562
20210112164043248	  294  240    -30      4    560
20210112164043414	  295  240    -29      4    561
20210112164043548	  294  240    -30      4    560
20210112164043648	  294  240    -30      4    560
20210112164043748	  294  239    -30      3    561
20210112164043915	  294  238    -30      1    562
20210112164044015	  294  240    -30      4    560
20210112164044148	  293  240    -32      4    561
20210112164044281	  294  238    -30      1    561
20210112164044381	  295  240    -29      4    561
20210112164044548	  293  240    -32      4    560
20210112164044681	  295  240    -29      4    562
20210112164044781	  292  240    -33      4    561
20210112164044915	  294  240    -30      4    559
20210112164045048	  295  240    -29      4    561
20210112164045148	  295  239    -29      3    560
20210112164045282	  295  239    -29      3    560
20210112164045415	  294  239    -30      3    560
20210112164045548	  295  240    -29      4    560
20210112164045648	  293  238    -32      1    559
20210112164045815	  293  241    -32      6    562
20210112164045948	  294  239    -30      3    559
20210112164046048	  294  239    -30      3    559
20210112164046182	  294  239    -30      3    561
20210112164046315	  293  238    -32      1    561
20210112164046415	  295  238    -29      1    561
20210112164046548	  294  239    -30      3    560
20210112164046682	  294  239    -30      3    559
20210112164046782	  295  240    -29      4    560
20210112164046915	  295  240    -29      4    559
20210112164047082	  294  239    -30      3    559
20210112164047182	  296  239    -27      3    559
20210112164047315	  294  240    -30      4    560
20210112164047449	  295  238    -29      1    559
20210112164047549	  294  239    -30      3    560
20210112164047682	  296  240    -27      4    560
20210112164047815	  295  240    -29      4    559
20210112164047915	  294  239    -30      3    559
20210112164048015	  294  239    -30      3    560
20210112164048015	  295  240    -29      4    560
20210112164048316	  294  239    -30      3    559
20210112164048449	  293  239    -32      3    561
20210112164048582	  294  237    -30      0    559
20210112164048716	  295  239    -29      3    560
20210112164048816	  294  239    -30      3    559
20210112164048949	  294  239    -30      3    560
20210112164049082	  294  239    -30      3    559
20210112164049182	  294  239    -30      3    559
20210112164049316	  294  239    -30      3    560
20210112164049449	  294  238    -30      1    559
20210112164049583	  295  237    -29      0    559
20210112164049716	  293  239    -32      3    559
20210112164049849	  295  239    -29      3    558
20210112164049949	  295  238    -29      1    559
20210112164050083	  294  239    -30      3    559
20210112164050183	  294  241    -30      6    558
20210112164050316	  289  251    -39     21    576
20210112164050449	  285  259    -46     34    590
20210112164050549	  284  261    -47     37    590
20210112164050716	  282  266    -52     46    605
20210112164050849	  282  262    -52     40    604
20210112164050983	  279  263    -57     42    609
20210112164051116	  281  264    -54     43    612
20210112164051216	  280  262    -56     40    614
20210112164051350	  280  263    -57     43    622
20210112164051483	  279  262    -59     41    626
20210112164051583	  278  264    -60     44    625
20210112164051716	  278  264    -60     44    625
20210112164051850	  279  262    -59     41    626
20210112164051950	  278  263    -60     43    628
20210112164052116	  279  263    -58     43    622
20210112164052250	  280  261    -56     39    619
20210112164052350	  281  260    -54     37    616
20210112164052484	  281  260    -54     37    609
20210112164052619	  281  259    -54     35    606
20210112164052754	  285  256    -47     30    603
20210112164052856	  286  257    -45     31    599
20210112164052991	  284  255    -48     28    593
20210112164053059	  287  254    -43     26    591
20210112164053127	  286  253    -44     25    588
20210112164053398	  289  250    -39     20    579
20210112164053531	  290  248    -37     17    574
20210112164053631	  291  247    -35     15    572
20210112164053765	  292  245    -34     12    568
20210112164053898	  292  242    -33      7    563
20210112164053998	  293  243    -32      9    564
20210112164054131	  292  242    -34      7    565
20210112164054264	  294  240    -30      4    563
20210112164054364	  294  240    -31      4    564
20210112164054531	  294  242    -30      7    562
20210112164054664	  294  241    -30      6    562
20210112164054764	  294  241    -31      6    563
20210112164054897	  293  241    -32      6    563
20210112164055030	  294  241    -30      6    562
20210112164055130	  294  241    -30      6    563
20210112164055230	  295  241    -29      6    562
20210112164055263	  294  239    -30      3    562
20210112164055330	  292  241    -33      6    562
20210112164055396	  295  241    -29      6    563
20210112164055496	  291  241    -35      6    562
20210112164055596	  295  242    -29      7    565
20210112164055629	  293  241    -32      6    564
20210112164055763	  293  241    -32      6    561
20210112164055829	  294  241    -30      6    561
20210112164056029	  293  239    -32      3    563
20210112164056262	  293  240    -32      4    562
20210112164056528	  294  241    -30      6    560
20210112164056795	  295  239    -29      3    562
20210112164056928	  293  239    -32      3    560
20210112164057094	  294  240    -30      4    560
20210112164057227	  294  239    -30      3    560
20210112164057327	  293  240    -32      4    560
20210112164057460	  295  240    -29      4    561
20210112164057594	  294  240    -30      4    560
20210112164057693	  294  239    -30      3    561
20210112164057827	  294  240    -30      4    560
20210112164057960	  295  240    -29      4    561
20210112164058060	  292  239    -33      3    560
20210112164058193	  294  240    -30      4    561
20210112164058359	  295  240    -29      4    560
20210112164058459	  295  238    -29      1    561
20210112164058592	  295  240    -29      4    560
20210112164058725	  295  240    -29      4    561
20210112164058859	  292  239    -33      3    560
20210112164058959	  295  240    -29      4    560
20210112164059092	  295  239    -29      3    560
20210112164059192	  296  239    -27      3    561
20210112164059325	  293  239    -32      3    559
20210112164059458	  295  238    -29      1    559
20210112164059624	  294  239    -30      3    560
20210112164059724	  295  238    -29      1    560
20210112164059857	  293  239    -32      3    560
20210112164059991	  293  240    -32      4    559
20210112164100090	  293  239    -32      3    560
20210112164100224	  294  239    -30      3    560
20210112164100357	  295  238    -29      1    561
20210112164100457	  294  239    -30      3    559
20210112164100590	  292  239    -33      3    560
20210112164100756	  295  239    -29      3    559
20210112164100889	  295  238    -29      1    561
20210112164100989	  295  239    -29      3    561
20210112164101122	  294  239    -30      3    559
20210112164101256	  295  240    -29      4    559
20210112164101355	  294  239    -30      3    560
20210112164101489	  294  239    -30      3    559
20210112164101622	  295  239    -29      3    561
20210112164101722	  295  238    -29      1    560
20210112164101855	  295  238    -29      1    561
20210112164102021	  296  239    -27      3    559
20210112164102121	  295  239    -29      3    560
20210112164102254	  295  240    -29      4    558
20210112164102388	  294  239    -30      3    559
20210112164102487	  295  239    -29      3    559
20210112164102621	  294  239    -30      3    561
20210112164102754	  294  238    -30      1    559
20210112164102854	  294  238    -30      1    559
20210112164102987	  296  239    -27      3    559
20210112164103120	  293  239    -32      3    559
20210112164103286	  293  239    -32      3    560
20210112164103386	  294  238    -30      1    558
20210112164103519	  295  239    -29      3    559
20210112164103653	  296  241    -27      6    559
20210112164103753	  295  239    -29      3    560
20210112164103886	  295  239    -29      3    560
20210112164104019	  296  239    -27      3    559
20210112164104119	  293  239    -32      3    560
20210112164104252	  296  239    -27      3    560
20210112164104385	  294  239    -30      3    559
20210112164104518	  296  242    -28      7    565
20210112164104651	  287  257    -43     31    588
20210112164104785	  286  258    -44     33    590
20210112164104884	  284  261    -48     38    595
20210112164105018	  280  264    -55     43    602
20210112164105151	  282  264    -52     43    605
20210112164105284	  280  263    -56     42    610
20210112164105384	  280  263    -56     42    611
20210112164105517	  281  263    -55     42    617
20210112164105650	  281  263    -55     43    622
20210112164105783	  279  263    -59     43    625
20210112164105916	  279  262    -59     41    626
20210112164106050	  280  262    -57     41    626
20210112164106183	  279  263    -59     43    627
20210112164106316	  279  262    -59     41    625
20210112164106416	  281  260    -55     38    620
20210112164106549	  281  260    -55     37    618
20210112164106682	  283  259    -51     35    613
20210112164106782	  282  259    -52     35    608
20210112164106915	  285  257    -47     32    604
20210112164107082	  283  257    -50     31    598
20210112164107181	  286  256    -45     30    596
20210112164107315	  286  254    -44     26    590
20210112164107448	  288  251    -41     21    585
20210112164107548	  290  252    -38     23    583
20210112164107681	  290  248    -37     17    577
20210112164107814	  291  248    -36     17    574
20210112164107914	  292  245    -34     12    570
20210112164108047	  293  243    -32      9    566
20210112164108214	  293  243    -32      9    566
20210112164108347	  293  242    -32      7    563
20210112164108447	  294  240    -31      4    563
20210112164108580	  293  241    -32      6    563
20210112164108647	  293  241    -32      6    563
20210112164108714	  292  241    -33      6    562
20210112164108949	  294  239    -30      3    562
20210112164109083	  293  242    -32      7    563
20210112164109184	  294  239    -30      3    562
20210112164109318	  292  241    -33      6    561
20210112164109487	  293  241    -32      6    563
20210112164109588	  293  239    -32      3    561
20210112164109721	  295  241    -29      6    561
20210112164109854	  292  240    -33      4    560
20210112164109954	  294  239    -30      3    561
20210112164110088	  295  239    -29      3    561
20210112164110221	  294  240    -30      4    560
20210112164110321	  294  239    -30      3    562
20210112164110454	  294  240    -30      4    561
20210112164110588	  294  240    -30      4    561
20210112164110721	  295  240    -29      4    561
20210112164110855	  292  241    -33      6    561
20210112164110988	  295  239    -29      3    560
20210112164111088	  295  239    -29      3    562
20210112164111221	  292  239    -33      3    560
20210112164111288	  294  240    -30      4    560
20210112164111388	  293  239    -32      3    561
20210112164111455	  294  240    -30      4    561
20210112164111555	  296  241    -27      6    559
20210112164111621	  293  239    -32      3    559
20210112164111655	  294  239    -30      3    560
20210112164111755	  295  239    -29      3    559
20210112164111788	  295  239    -29      3    559
20210112164112055	  294  239    -30      3    560
20210112164112188	  295  239    -29      3    560
20210112164112455	  293  240    -32      4    560
20210112164112722	  294  239    -30      3    559
20210112164112888	  295  239    -29      3    559
20210112164113022	  295  238    -29      1    559
20210112164113189	  295  238    -29      1    561
20210112164113322	  295  239    -29      3    558
20210112164113455	  296  239    -27      3    559
20210112164113589	  296  240    -27      4    560
20210112164113722	  294  239    -30      3    559
20210112164113855	  296  238    -27      1    559
20210112164113989	  294  239    -30      3    560
20210112164114122	  293  239    -32      3    559
20210112164114255	  295  239    -29      3    559
20210112164114389	  294  239    -30      3    559
20210112164114589	  294  237    -30      0    560
20210112164114722	  295  239    -29      3    560
20210112164114856	  296  237    -27      0    559
20210112164114989	  293  239    -32      3    559
20210112164115122	  294  239    -30      3    560
20210112164115256	  296  238    -27      1    558
20210112164115389	  295  239    -29      3    559
20210112164115522	  294  239    -30      3    559
20210112164115723	  296  239    -27      3    559
20210112164115856	  295  239    -29      3    559
20210112164115989	  295  239    -29      3    559
20210112164116123	  295  240    -29      4    561
20210112164116256	  295  239    -29      3    560
20210112164116389	  294  239    -30      3    559
20210112164116556	  296  239    -27      3    559
20210112164116689	  295  237    -29      0    559
20210112164116823	  295  238    -29      1    558
20210112164116989	  296  239    -27      3    559
20210112164117156	  294  239    -30      3    559
20210112164117290	  294  239    -30      3    559
20210112164117423	  294  239    -30      3    559
20210112164117556	  296  239    -27      3    558
20210112164117690	  295  239    -29      3    559
20210112164117823	  294  239    -30      3    559
20210112164117990	  296  237    -27      0    558
20210112164118123	  295  237    -29      0    559
20210112164118290	  296  237    -27      0    557
20210112164118423	  295  239    -29      3    558
20210112164118557	  294  239    -30      3    559
20210112164118690	  293  238    -32      1    557
20210112164118823	  293  250    -33     20    573
20210112164118990	  284  259    -47     34    589
20210112164119123	  283  262    -49     39    592
20210112164119257	  282  264    -52     43    604
20210112164119423	  284  263    -49     41    603
20210112164119557	  280  263    -56     42    610
20210112164119690	  283  263    -51     42    612
20210112164119824	  281  262    -55     41    618
20210112164119990	  280  264    -57     44    623
20210112164120124	  278  264    -60     44    624
20210112164120257	  280  262    -57     41    626
20210112164120390	  281  262    -55     41    627
20210112164120524	  278  264    -60     44    626
20210112164120690	  281  263    -55     42    618
20210112164120824	  282  260    -53     37    616
20210112164120990	  282  261    -52     38    608
20210112164121124	  283  259    -51     35    607
20210112164121257	  283  257    -50     32    600
20210112164121324	  284  257    -48     31    599
20210112164121457	  286  254    -45     27    595
20210112164121657	  287  252    -43     23    586
20210112164121791	  287  250    -42     20    583
20210112164121991	  291  247    -36     15    574
20210112164122124	  292  246    -34     13    572
20210112164122257	  293  244    -32     10    567
20210112164122391	  293  240    -32      4    563
20210112164122524	  293  242    -32      7    564
20210112164122658	  295  242    -29      7    563
20210112164122791	  293  241    -32      6    563
20210112164122924	  293  240    -32      4    561
20210112164123091	  292  241    -33      6    562
20210112164123258	  294  241    -30      6    562
20210112164123391	  293  239    -32      3    564
20210112164123524	  294  241    -30      6    562
20210112164123658	  294  241    -30      6    562
20210112164123791	  294  239    -30      3    562
20210112164123925	  294  240    -30      4    561
20210112164124058	  293  239    -32      3    560
20210112164124225	  294  240    -30      4    561
20210112164124358	  294  240    -30      4    560
20210112164124525	  295  241    -29      6    562
20210112164124658	  292  240    -33      4    561
20210112164124791	  295  240    -29      4    561
20210112164124925	  294  239    -30      3    562
20210112164125058	  294  241    -30      6    560
20210112164125192	  293  240    -32      4    560
20210112164125358	  294  240    -30      4    560
20210112164125492	  296  239    -27      3    560
20210112164125658	  294  238    -30      1    559
20210112164125792	  296  238    -27      1    559
20210112164125925	  295  239    -29      3    559
20210112164126058	  295  240    -29      4    559
20210112164126192	  295  239    -29      3    559
20210112164126359	  295  239    -29      3    560
20210112164126492	  294  238    -30      1    559
20210112164126625	  295  239    -29      3    560
20210112164126759	  293  238    -32      1    559
20210112164126925	  295  239    -29      3    560
20210112164127059	  293  239    -32      3    560
20210112164127225	  295  239    -29      3    559
20210112164127359	  295  239    -29      3    560
20210112164127459	  294  238    -30      1    559
20210112164127625	  297  239    -26      3    559
20210112164127759	  295  239    -29      3    559
20210112164127892	  295  239    -29      3    559
20210112164128059	  293  239    -32      3    559
20210112164128226	  294  241    -30      6    559
20210112164128359	  295  240    -29      4    559
20210112164128492	  294  239    -30      3    559
20210112164128626	  296  238    -27      1    559
20210112164128759	  294  238    -30      1    559
20210112164128892	  296  239    -27      3    559
20210112164129059	  294  239    -30      3    559
20210112164129193	  295  239    -29      3    559
20210112164129326	  295  239    -29      3    559
20210112164129493	  294  238    -30      1    559
20210112164129626	  295  238    -29      1    558
20210112164129793	  295  239    -29      3    559
20210112164129893	  295  239    -29      3    559
20210112164129893	  295  237    -29      0    560
20210112164130026	  293  239    -32      3    560
20210112164130359	  295  239    -29      3    559
20210112164130459	  294  239    -30      3    559
20210112164130626	  293  239    -32      3    558
20210112164130760	  294  238    -30      1    559
20210112164130926	  295  239    -29      3    558
20210112164131060	  293  239    -32      3    559
20210112164131160	  295  239    -29      3    559
20210112164131326	  294  239    -30      3    559
20210112164131460	  296  238    -27      1    559
20210112164131593	  294  238    -30      1    558
20210112164131760	  294  238    -30      1    559
20210112164131927	  295  238    -29      1    558
20210112164132060	  295  239    -29      3    559
20210112164132193	  293  238    -32      1    559
20210112164132327	  295  239    -29      3    558
20210112164132460	  296  240    -27      4    558
20210112164132593	  295  239    -29      3    558
20210112164132727	  295  238    -29      1    558
20210112164132893	  295  239    -29      3    558
20210112164133027	  291  247    -35     15    569
20210112164133194	  286  259    -44     34    589
20210112164133327	  283  261    -49     37    591
20210112164133460	  280  264    -55     43    603
20210112164133594	  281  261    -53     38    603
20210112164133760	  281  262    -54     40    608
20210112164133894	  282  261    -52     39    610
20210112164134027	  279  262    -58     41    616
20210112164134160	  279  263    -58     42    621
20210112164134294	  279  263    -58     43    623
20210112164134461	  280  264    -57     44    624
20210112164134594	  278  264    -60     44    626
20210112164134727	  279  263    -59     43    626
20210112164134894	  282  262    -53     41    621
20210112164135027	  282  260    -53     37    615
20210112164135161	  281  260    -54     37    612
20210112164135261	  283  259    -50     35    607
20210112164135361	  285  259    -47     35    605
20210112164135461	  283  257    -50     32    601
20210112164135494	  283  257    -50     32    600
20210112164135628	  286  256    -45     30    595
20210112164135694	  286  254    -45     26    593
20210112164135761	  287  255    -43     28    591
20210112164135794	  286  254    -44     26    589
20210112164135794	  287  253    -43     25    590
20210112164136028	  289  250    -39     20    581
20210112164136194	  291  247    -36     15    575
20210112164136261	  290  246    -37     13    573
20210112164136294	  292  247    -34     15    572
20210112164136428	  292  243    -34      9    567
20210112164136628	  294  242    -31      7    565
20210112164136761	  293  241    -32      6    564
20210112164136961	  292  241    -33      6    563
20210112164137261	  294  241    -30      6    562
20210112164137461	  296  242    -28      7    564
20210112164137628	  295  241    -29      6    561
20210112164137928	  295  239    -29      3    562
20210112164138228	  294  240    -30      4    561
20210112164138495	  294  240    -30      4    561
20210112164138595	  295  240    -29      4    560
20210112164138628	  294  238    -30      1    561
20210112164138728	  295  240    -29      4    561
20210112164138862	  295  241    -29      6    561
20210112164139162	  294  240    -30      4    560
20210112164139262	  296  240    -27      4    561
20210112164139495	  295  240    -29      4    560
20210112164139629	  294  239    -30      3    560
20210112164139762	  296  240    -27      4    559
20210112164139895	  295  238    -29      1    561
20210112164140029	  293  240    -32      4    561
20210112164140195	  294  239    -30      3    558
20210112164140329	  293  239    -32      3    561
20210112164140462	  294  237    -30      0    560
20210112164140629	  293  239    -32      3    559
20210112164140762	  294  240    -30      4    559
20210112164140896	  295  239    -29      3    559
20210112164141029	  294  239    -30      3    560
20210112164141196	  295  239    -29      3    558
20210112164141329	  294  240    -30      4    561
20210112164141462	  295  239    -29      3    560
20210112164141596	  292  239    -33      3    560
20210112164141729	  296  239    -27      3    559
20210112164141896	  294  240    -30      4    560
20210112164142063	  295  239    -29      3    559
20210112164142196	  295  240    -29      4    560
20210112164142329	  293  239    -32      3    559
20210112164142463	  295  238    -29      1    558
20210112164142596	  295  241    -29      6    559
20210112164142729	  296  240    -27      4    559
20210112164142863	  294  239    -30      3    558
20210112164142996	  295  239    -29      3    559
20210112164143163	  294  239    -30      3    559
20210112164143330	  294  238    -30      1    558
20210112164143463	  294  239    -30      3    559
20210112164143596	  295  238    -29      1    559
20210112164143730	  295  238    -29      1    558
20210112164143863	  295  239    -29      3    559
20210112164143996	  295  238    -29      1    559
20210112164144130	  295  238    -29      1    558
20210112164144330	  295  238    -29      1    558
20210112164144463	  295  239    -29      3    559
20210112164144597	  295  238    -29      1    558
20210112164144730	  296  237    -27      0    558
20210112164144863	  295  239    -29      3    559
20210112164144997	  295  238    -29      1    558
20210112164145163	  296  238    -27      1    558
20210112164145297	  296  238    -27      1    557
20210112164145430	  295  238    -29      1    558
20210112164145597	  296  238    -27      1    559
20210112164145730	  295  239    -29      3    558
20210112164145863	  296  239    -27      3    558
20210112164145997	  293  238    -32      1    558
20210112164146164	  296  237    -27      0    559
20210112164146297	  296  239    -27      3    558
20210112164146430	  295  238    -29      1    558
20210112164146564	  295  238    -29      1    558
20210112164146697	  295  238    -29      1    559
20210112164146864	  295  238    -29      1    558
20210112164146997	  294  238    -30      1    558
20210112164147164	  296  236    -27     -1    558
20210112164147297	  292  250    -34     20    575
20210112164147430	  284  259    -47     34    589
20210112164147564	  283  260    -49     36    588
20210112164147697	  283  264    -50     43    604
20210112164147831	  283  261    -50     38    602
20210112164147964	  280  263    -55     42    607
20210112164148164	  282  261    -52     39    612
20210112164148297	  281  261    -55     39    618
20210112164148431	  280  262    -57     41    623
20210112164148531	  279  263    -58     43    624
20210112164148697	  280  262    -57     41    625
20210112164148831	  280  263    -57     43    625
20210112164148964	  279  263    -59     43    627
20210112164149131	  278  262    -61     41    628
20210112164149264	  281  261    -55     39    618
20210112164149431	  282  260    -52     37    608
20210112164149564	  282  259    -52     35    606
20210112164149731	  285  257    -47     32    600
20210112164149898	  287  256    -43     30    595
20210112164150031	  286  254    -44     26    589
20210112164150164	  288  252    -41     23    585
20210112164150298	  291  249    -36     18    582
20210112164150431	  291  247    -36     15    575
20210112164150598	  291  246    -35     13    570
20210112164150765	  293  243    -32      9    565
20210112164150898	  292  241    -34      6    564
20210112164151031	  294  242    -30      7    563
20210112164151165	  294  240    -31      4    564
20210112164151298	  293  241    -32      6    563
20210112164151465	  295  241    -29      6    562
20210112164151598	  294  241    -30      6    563
20210112164151732	  295  241    -29      6    560
20210112164151898	  294  240    -30      4    562
20210112164152032	  293  240    -32      4    561
20210112164152198	  294  240    -30      4    560
20210112164152332	  296  240    -27      4    560
20210112164152465	  295  238    -29      1    560
20210112164152598	  293  240    -32      4    560
20210112164152765	  295  240    -29      4    561
20210112164152932	  295  240    -29      4    560
20210112164153099	  295  238    -29      1    560
20210112164153265	  295  238    -29      1    561
20210112164153399	  295  239    -29      3    559
20210112164153532	  295  239    -29      3    561
20210112164153665	  295  239    -29      3    560
20210112164153832	  295  239    -29      3    560
20210112164153965	  295  239    -29      3    559
20210112164154099	  295  240    -29      4    560
20210112164154299	  295  239    -29      3    559
20210112164154466	  295  239    -29      3    559
20210112164154599	  296  240    -27      4    559
20210112164154732	  295  238    -29      1    559
20210112164154866	  296  239    -27      3    559
20210112164155032	  296  239    -27      3    559
20210112164155166	  295  239    -29      3    560
20210112164155299	  296  239    -27      3    558
20210112164155466	  295  238    -29      1    558
20210112164155632	  294  241    -30      6    559
20210112164155799	  295  239    -29      3    559
20210112164155933	  296  239    -27      3    559
20210112164156066	  294  239    -30      3    559
20210112164156199	  296  239    -27      3    559
20210112164156366	  295  238    -29      1    558
20210112164156499	  295  238    -29      1    560
20210112164156666	  293  239    -32      3    559
20210112164156833	  294  239    -30      3    559
20210112164156999	  295  239    -29      3    559
20210112164157166	  296  239    -27      3    559
20210112164157300	  296  239    -27      3    559
20210112164157466	  296  239    -27      3    559
20210112164157600	  295  239    -29      3    559
20210112164157733	  296  237    -27      0    558
20210112164157900	  296  239    -27      3    558
20210112164158100	  294  239    -30      3    559
20210112164158233	  295  238    -29      1    558
20210112164158400	  295  238    -29      1    559
20210112164158533	  295  237    -29      0    559
20210112164158700	  296  239    -27      3    559
20210112164158833	  296  238    -27      1    558
20210112164159000	  294  239    -30      3    559
20210112164159133	  296  239    -27      3    559
20210112164159333	  296  239    -27      3    559
20210112164159467	  295  238    -29      1    558
20210112164159634	  294  239    -30      3    559
20210112164159767	  294  239    -30      3    558
20210112164159934	  294  239    -30      3    559
20210112164200100	  295  238    -29      1    559
20210112164200234	  296  237    -27      0    559
20210112164200400	  295  238    -29      1    559
20210112164200600	  296  238    -27      1    558
20210112164200734	  296  240    -27      4    559
20210112164200901	  296  238    -27      1    558
20210112164201034	  293  238    -32      1    558
20210112164201201	  295  238    -29      1    558
20210112164201367	  295  239    -29      3    557
20210112164201501	  290  249    -37     18    571
20210112164201667	  285  260    -46     36    588
20210112164201834	  281  262    -53     39    595
20210112164202001	  283  264    -50     43    602
20210112164202168	  281  261    -54     38    606
20210112164202301	  282  261    -52     39    610
20210112164202468	  280  261    -56     39    615
20210112164202601	  281  263    -55     42    621
20210112164202768	  278  263    -60     43    623
20210112164202934	  278  263    -60     43    624
20210112164203101	  278  264    -60     44    625
20210112164203268	  278  263    -60     43    624
20210112164203401	  281  260    -55     37    618
20210112164203535	  281  261    -54     39    613
20210112164203735	  283  259    -51     35    607
20210112164203868	  283  258    -50     33    602
20210112164204035	  284  256    -49     30    597
20210112164204201	  286  253    -44     25    591
20210112164204401	  289  252    -39     23    584
20210112164204535	  291  249    -36     18    580
20210112164204701	  291  248    -36     17    575
20210112164204835	  290  245    -37     12    569
20210112164205002	  292  242    -34      7    564
20210112164205168	  295  242    -29      7    565
20210112164205302	  294  240    -31      4    564
20210112164205502	  294  239    -30      3    562
20210112164205635	  294  241    -30      6    562
20210112164205802	  294  240    -30      4    561
20210112164205968	  293  240    -32      4    560
20210112164206102	  295  240    -29      4    561
20210112164206269	  295  240    -29      4    561
20210112164206402	  295  240    -29      4    562
20210112164206569	  293  241    -32      6    562
20210112164206769	  294  239    -30      3    560
20210112164206902	  294  240    -30      4    561
20210112164207069	  294  239    -30      3    560
20210112164207202	  294  239    -30      3    559
20210112164207369	  294  239    -30      3    559
20210112164207536	  295  239    -29      3    559
20210112164207669	  295  239    -29      3    559
20210112164207836	  295  239    -29      3    559
20210112164208036	  295  238    -29      1    559
20210112164208169	  296  239    -27      3    559
20210112164208336	  295  239    -29      3    560
20210112164208469	  294  239    -30      3    559
20210112164208636	  296  240    -27      4    559
20210112164208803	  294  237    -30      0    560
20210112164208936	  296  239    -27      3    558
20210112164209103	  296  239    -27      3    559
20210112164209236	  294  239    -30      3    559
20210112164209303	  294  238    -30      1    559
20210112164209603	  295  239    -29      3    558
20210112164209736	  296  239    -27      3    558
20210112164209903	  295  239    -29      3    558
20210112164210036	  296  238    -27      1    559
20210112164210203	  296  239    -27      3    558
20210112164210370	  295  239    -29      3    558
20210112164210536	  296  239    -27      3    559
20210112164210703	  295  238    -29      1    558
20210112164210836	  295  238    -29      1    558
20210112164211003	  294  239    -30      3    559
20210112164211136	  294  238    -30      1    558
20210112164211303	  294  239    -30      3    560
20210112164211470	  296  238    -27      1    558
20210112164211603	  296  239    -27      3    559
20210112164211803	  295  239    -29      3    558
20210112164211937	  297  237    -26      0    559
20210112164212103	  295  238    -29      1    558
20210112164212270	  296  239    -27      3    559
20210112164212403	  293  239    -32      3    559
20210112164212570	  296  238    -27      1    558
20210112164212704	  293  239    -32      3    559
20210112164212870	  296  238    -27      1    558
20210112164213070	  295  238    -29      1    558
20210112164213204	  293  239    -32      3    559
20210112164213370	  294  238    -30      1    559
20210112164213470	  295  237    -29      0    560
20210112164213604	  297  239    -26      3    558
20210112164213770	  294  237    -30      0    561
20210112164213971	  293  238    -32      1    558
20210112164214137	  295  238    -29      1    558
20210112164214304	  297  239    -26      3    558
20210112164214471	  296  238    -27      1    558
20210112164214637	  295  239    -29      3    560
20210112164214771	  295  238    -29      1    558
20210112164214904	  296  238    -27      1    558
20210112164215071	  295  238    -29      1    558
20210112164215238	  294  238    -30      1    559
20210112164215404	  294  238    -30      1    558
20210112164215538	  295  238    -29      1    558
20210112164215738	  293  247    -32     15    569
20210112164215871	  285  258    -46     32    588
20210112164216038	  285  261    -46     37    590
20210112164216204	  282  263    -52     41    602
20210112164216338	  282  260    -52     36    601
20210112164216504	  281  263    -54     42    608
20210112164216605	  280  262    -56     40    611
20210112164216838	  281  262    -55     41    621
20210112164217005	  279  264    -58     44    623
20210112164217138	  279  264    -58     44    624
20210112164217305	  280  263    -57     43    625
20210112164217438	  279  264    -59     44    625
20210112164217605	  281  260    -55     37    619
20210112164217771	  282  260    -53     37    613
20210112164217905	  281  260    -54     37    611
20210112164218105	  285  258    -47     33    603
20210112164218238	  284  257    -48     31    599
20210112164218405	  287  255    -43     28    593
20210112164218572	  287  252    -43     23    586
20210112164218705	  290  251    -38     21    582
20210112164218872	  289  249    -39     18    577
20210112164219038	  291  245    -35     12    570
20210112164219205	  292  243    -34      9    566
20210112164219372	  294  240    -31      4    563
20210112164219505	  294  242    -30      7    562
20210112164219672	  293  241    -32      6    561
20210112164219839	  293  241    -32      6    562
20210112164219972	  293  240    -32      4    561
20210112164220139	  292  240    -33      4    561
20210112164220272	  295  239    -29      3    562
20210112164220472	  294  238    -30      1    561
20210112164220606	  293  240    -32      4    560
20210112164220772	  293  239    -32      3    561
20210112164220939	  294  240    -30      4    560
20210112164221072	  296  240    -27      4    559
20210112164221239	  296  240    -27      4    560
20210112164221406	  294  240    -30      4    559
20210112164221539	  294  240    -30      4    560
20210112164221739	  295  239    -29      3    559
20210112164221873	  293  239    -32      3    559
20210112164222039	  296  240    -27      4    561
20210112164222206	  295  238    -29      1    559
20210112164222339	  296  238    -27      1    560
20210112164222506	  296  238    -27      1    560
20210112164222639	  295  239    -29      3    559
20210112164222806	  296  239    -27      3    559
20210112164223006	  295  239    -29      3    559
20210112164223139	  296  238    -27      1    558
20210112164223306	  296  239    -27      3    559
20210112164223440	  294  239    -30      3    559
20210112164223606	  295  238    -29      1    558
20210112164223773	  293  238    -32      1    558
20210112164223906	  294  239    -30      3    559
20210112164224073	  295  239    -29      3    560
20210112164224240	  296  238    -27      1    558
20210112164224406	  294  238    -30      1    559
20210112164224573	  294  239    -30      3    558
20210112164224706	  296  237    -27      0    559
20210112164224873	  294  239    -30      3    558
20210112164225007	  295  238    -29      1    559
20210112164225173	  296  237    -27      0    558
20210112164225340	  295  238    -29      1    558
20210112164225507	  295  237    -29      0    559
20210112164225673	  295  239    -29      3    559
20210112164225807	  295  239    -29      3    559
20210112164225974	  295  237    -29      0    558
20210112164226140	  295  238    -29      1    559
20210112164226274	  295  238    -29      1    559
20210112164226440	  294  240    -30      4    559
20210112164226574	  293  238    -32      1    559
20210112164226774	  295  237    -29      0    558
20210112164226940	  294  239    -30      3    559
20210112164227074	  294  238    -30      1    558
20210112164227240	  294  238    -30      1    558
20210112164227374	  296  239    -27      3    559
20210112164227541	  295  238    -29      1    558
20210112164227707	  296  238    -27      1    559
20210112164227841	  295  238    -29      1    558
20210112164228041	  295  238    -29      1    558
20210112164228207	  296  238    -27      1    559
20210112164228341	  296  238    -27      1    558
20210112164228507	  295  238    -29      1    559
20210112164228641	  296  238    -27      1    560
20210112164228774	  294  238    -30      1    558
20210112164228974	  294  239    -30      3    558
20210112164229108	  296  237    -27      0    558
20210112164229308	  296  237    -27      0    559
20210112164229441	  294  238    -30      1    558
20210112164229608	  296  239    -27      3    559
20210112164229774	  295  237    -29      0    558
20210112164230075	  285  257    -46     31    585
20210112164230208	  287  258    -43     33    589
20210112164230408	  281  263    -53     41    602
20210112164230575	  283  263    -50     41    603
20210112164230708	  282  262    -52     40    607
20210112164230875	  283  263    -51     42    611
20210112164231041	  282  263    -53     42    620
20210112164231175	  279  263    -58     43    622
20210112164231275	  281  262    -55     41    624
20210112164231275	  281  263    -55     43    624
20210112164231608	  278  263    -60     43    626
20210112164231942	  279  263    -59     43    625
20210112164232108	  281  262    -55     41    626
20210112164232275	  278  263    -60     43    626
20210112164232442	  279  264    -59     44    625
20210112164232575	  279  262    -59     41    627
20210112164232742	  279  263    -59     43    627
20210112164232909	  278  264    -60     45    627
20210112164233009	  279  263    -59     43    628
20210112164233242	  279  263    -59     43    628
20210112164233375	  279  263    -59     43    629
20210112164233542	  278  264    -61     45    628
20210112164233675	  279  263    -59     43    629
20210112164233842	  279  263    -59     43    629
20210112164234009	  280  264    -57     45    629
20210112164234142	  279  262    -59     41    630
20210112164234342	  279  262    -59     41    629
20210112164234509	  279  262    -59     41    629
20210112164234642	  279  263    -59     43    629
20210112164234809	  279  263    -59     43    629
20210112164234943	  279  263    -59     43    629
20210112164235109	  278  263    -61     43    629
20210112164235276	  279  263    -59     43    629
20210112164235443	  279  263    -59     43    629
20210112164235609	  279  263    -59     43    629
20210112164235743	  278  264    -61     45    629
20210112164235909	  279  263    -59     43    629
20210112164236076	  279  263    -59     43    630
20210112164236210	  279  263    -59     43    630
20210112164236376	  279  263    -59     43    630
20210112164236543	  280  264    -57     45    630
20210112164236710	  279  263    -59     43    629
20210112164236876	  279  263    -59     43    629
20210112164237043	  279  263    -59     43    630
20210112164237176	  279  263    -59     43    630
20210112164237343	  279  262    -59     42    631
20210112164237476	  279  262    -59     42    632
20210112164237643	  279  262    -59     42    631
20210112164237810	  280  264    -57     45    631
20210112164238010	  279  263    -59     43    632
20210112164238143	  280  262    -58     42    633
20210112164238310	  279  264    -59     45    632
20210112164238477	  279  263    -59     43    632
20210112164238610	  279  263    -59     43    632
20210112164238777	  278  263    -61     43    631
20210112164238943	  280  264    -58     45    631
20210112164239077	  279  263    -59     43    632
20210112164239277	  279  263    -59     43    631
20210112164239444	  278  263    -61     43    631
20210112164239577	  279  264    -59     45    632
20210112164239744	  278  264    -61     45    631
20210112164239877	  280  264    -58     45    631
20210112164240044	  280  264    -58     45    632
20210112164240210	  279  263    -59     43    632
20210112164240411	  278  264    -61     45    632
20210112164240577	  279  263    -59     43    631
20210112164240711	  280  264    -58     45    632
20210112164240911	  280  264    -58     45    631
20210112164241044	  279  263    -59     43    631
20210112164241211	  279  263    -59     43    631
20210112164241344	  278  262    -61     42    632
