20210112163927218	  304  268    -19     55    673
20210112163927480	  304  267    -19     53    674
20210112163927543	  304  268    -19     55    675
20210112163927576	  304  267    -19     53    675
20210112163927608	  304  267    -19     53    674
20210112163927640	  304  268    -19     55    673
20210112163927640	  304  267    -19     53    675
20210112163927837	  304  268    -19     55    674
20210112163927869	  304  268    -19     55    675
20210112163928002	  303  267    -21     53    674
20210112163928035	  305  267    -17     53    674
20210112163928068	  304  268    -19     55    674
20210112163928135	  304  268    -19     55    674
20210112163928168	  305  268    -17     55    674
20210112163928268	  304  268    -19     55    674
20210112163928402	  305  269    -17     57    674
20210112163928569	  305  269    -17     57    674
20210112163928703	  304  267    -19     53    674
20210112163928904	  305  267    -17     53    673
20210112163929005	  304  268    -19     55    673
20210112163929172	  304  269    -19     57    674
20210112163929273	  303  269    -21     57    673
20210112163929508	  305  268    -17     55    673
20210112163929575	  305  268    -17     55    673
20210112163929643	  305  268    -17     55    674
20210112163929810	  305  268    -17     55    674
20210112163930144	  305  268    -17     55    674
20210112163930211	  305  268    -17     55    674
20210112163930277	  305  268    -17     55    674
20210112163930377	  305  268    -17     55    675
20210112163930444	  305  268    -17     55    674
20210112163930510	  305  268    -17     55    674
20210112163930577	  305  268    -17     55    674
20210112163930677	  305  268    -17     55    674
20210112163930743	  305  267    -17     53    675
20210112163930810	  305  268    -17     55    674
20210112163930910	  305  268    -17     55    674
20210112163930976	  305  268    -17     55    674
20210112163931076	  304  267    -19     53    674
20210112163931176	  304  268    -19     55    675
20210112163931242	  305  268    -17     55    675
20210112163931308	  305  268    -17     55    674
20210112163931375	  305  268    -17     55    674
20210112163931474	  305  268    -17     55    674
20210112163931541	  305  268    -17     55    676
20210112163931640	  305  268    -17     55    674
20210112163931707	  305  268    -17     55    675
20210112163931807	  305  268    -17     55    675
20210112163931906	  305  268    -17     55    675
20210112163932039	  305  268    -17     55    675
20210112163932239	  305  267    -17     53    676
20210112163932371	  304  268    -19     55    675
20210112163932471	  305  268    -17     55    674
20210112163932537	  305  268    -17     55    674
20210112163932604	  305  268    -17     55    674
20210112163932703	  305  268    -17     55    675
20210112163932803	  305  268    -17     55    674
20210112163932869	  305  268    -17     55    674
20210112163932968	  305  268    -17     55    674
20210112163933068	  305  268    -17     55    674
20210112163933134	  305  268    -17     55    674
20210112163933234	  305  268    -17     55    674
20210112163933300	  305  268    -17     55    674
20210112163933399	  305  268    -17     55    675
20210112163933465	  305  268    -17     55    674
20210112163933531	  303  268    -21     55    674
20210112163933631	  306  268    -15     55    674
20210112163933730	  305  268    -17     55    675
20210112163933830	  303  268    -21     55    673
20210112163933897	  304  267    -19     53    674
20210112163933930	  305  268    -17     55    673
20210112163933964	  305  268    -17     55    674
20210112163934030	  305  268    -17     55    674
20210112163934064	  304  267    -19     53    674
20210112163934097	  305  268    -17     55    674
20210112163934164	  304  268    -19     55    674
20210112163934364	  305  268    -17     55    674
20210112163934564	  305  268    -17     55    674
20210112163934697	  305  268    -17     55    674
20210112163934864	  305  268    -17     55    674
20210112163934964	  305  268    -17     55    674
20210112163935064	  305  268    -17     55    674
20210112163935164	  305  268    -17     55    674
20210112163935230	  305  268    -17     55    674
20210112163935331	  305  268    -17     55    674
20210112163935397	  305  268    -17     55    673
20210112163935464	  305  268    -17     55    673
20210112163935631	  305  268    -17     55    674
20210112163935697	  305  268    -17     55    674
20210112163935797	  305  268    -17     55    674
20210112163935897	  305  268    -17     55    673
20210112163935964	  305  268    -17     55    674
20210112163936097	  305  268    -17     55    673
20210112163936197	  305  268    -17     55    673
20210112163936297	  305  268    -17     55    674
20210112163936364	  304  267    -19     53    673
20210112163936464	  303  268    -21     55    673
20210112163936498	  305  268    -17     55    673
20210112163936664	  304  268    -19     55    674
20210112163936731	  305  268    -17     55    675
20210112163936831	  304  267    -19     53    674
20210112163936931	  305  268    -17     55    674
20210112163937031	  305  268    -17     55    674
20210112163937098	  305  268    -17     55    673
20210112163937198	  305  268    -17     55    674
20210112163937331	  305  268    -17     55    673
20210112163937431	  304  267    -19     53    673
20210112163937498	  304  268    -19     55    674
20210112163937598	  305  268    -17     55    674
20210112163937698	  306  268    -15     55    674
20210112163937798	  305  268    -17     55    673
20210112163937898	  305  268    -17     55    674
20210112163937965	  305  268    -17     55    674
20210112163938031	  305  268    -17     55    673
20210112163938098	  303  269    -21     57    674
20210112163938198	  305  269    -17     57    674
20210112163938331	  305  268    -17     55    673
20210112163938431	  304  268    -19     55    673
20210112163938565	  304  268    -19     55    673
20210112163938665	  305  268    -17     55    674
20210112163938698	  304  267    -19     53    674
20210112163938765	  304  267    -19     53    675
20210112163938932	  305  268    -17     55    674
20210112163939032	  305  269    -17     57    673
20210112163939132	  305  268    -17     55    673
20210112163939232	  305  269    -17     57    673
20210112163939298	  305  268    -17     55    673
20210112163939398	  305  267    -17     53    674
20210112163939498	  305  268    -17     55    673
20210112163939565	  305  268    -17     55    673
20210112163939665	  303  268    -21     55    674
20210112163939698	  305  268    -17     55    673
20210112163939832	  305  268    -17     55    674
20210112163939965	  305  267    -17     53    674
20210112163940065	  305  267    -17     53    673
20210112163940165	  305  268    -17     55    674
20210112163940265	  305  268    -17     55    674
20210112163940365	  305  268    -17     55    674
20210112163940432	  305  268    -17     55    674
20210112163940532	  305  268    -17     55    674
20210112163940632	  305  268    -17     55    674
20210112163940665	  305  268    -17     55    673
20210112163940699	  305  268    -17     55    674
20210112163940899	  308  267    -12     53    673
20210112163941032	  308  267    -12     53    665
20210112163941132	  308  267    -12     52    664
20210112163941199	  308  267    -11     52    662
20210112163941299	  310  266     -8     50    658
20210112163941399	  310  267     -8     52    654
20210112163941499	  311  265     -6     48    650
20210112163941566	  311  264     -6     46    648
20210112163941632	  314  265     -1     48    646
20210112163941699	  312  264     -4     46    642
20210112163941766	  313  264     -3     45    639
20210112163941866	  316  262      1     42    636
20210112163941932	  316  263      1     43    634
20210112163942066	  317  262      3     41    629
20210112163942232	  319  259      6     36    622
20210112163942332	  320  260      8     38    620
20210112163942432	  321  258      9     34    616
20210112163942532	  320  257      8     32    613
20210112163942632	  323  257     13     32    609
20210112163942699	  323  255     12     29    607
20210112163942799	  324  255     14     29    609
20210112163942899	  323  253     13     26    608
20210112163943066	  324  254     14     27    606
20210112163943266	  324  253     14     25    605
20210112163943366	  323  252     12     24    605
20210112163943499	  325  253     16     25    604
20210112163943733	  325  252     16     24    605
20210112163943766	  325  252     16     24    605
20210112163943833	  325  254     16     27    605
20210112163943899	  326  255     17     29    605
20210112163943966	  325  251     16     22    603
20210112163944033	  324  251     14     22    603
20210112163944233	  323  252     12     24    604
20210112163944533	  325  252     16     24    603
20210112163944766	  325  251     16     22    602
20210112163944866	  325  252     16     24    602
20210112163944933	  325  252     16     24    603
20210112163945033	  326  253     17     25    603
20210112163945133	  326  253     17     25    603
20210112163945300	  325  250     16     20    601
20210112163945500	  325  251     16     22    602
20210112163945667	  325  250     16     20    601
20210112163945800	  325  249     16     19    602
20210112163945900	  325  249     16     19    602
20210112163946100	  325  252     16     24    603
20210112163946300	  325  251     16     22    600
20210112163946500	  326  251     17     22    601
20210112163946567	  326  253     17     25    600
20210112163946700	  326  251     17     22    601
20210112163946800	  326  249     17     19    599
20210112163946867	  326  252     17     24    601
20210112163946967	  326  251     17     22    600
20210112163947067	  325  252     16     24    600
20210112163947200	  326  249     17     19    601
20210112163947467	  325  249     15     19    599
20210112163947567	  326  250     17     20    601
20210112163947634	  326  251     17     22    600
20210112163947667	  325  250     15     20    599
20210112163947734	  326  250     17     20    598
20210112163947767	  326  250     17     20    599
20210112163947934	  326  251     17     22    599
20210112163948034	  326  251     17     22    599
20210112163948200	  326  251     17     22    599
20210112163948300	  327  252     19     24    600
20210112163948401	  325  251     15     22    599
20210112163948534	  326  251     17     22    599
20210112163948601	  326  250     17     20    600
20210112163948701	  327  251     19     22    599
20210112163948767	  325  249     15     19    599
20210112163948901	  325  249     15     19    599
20210112163948967	  326  250     17     20    599
20210112163949067	  326  250     17     20    600
20210112163949167	  326  250     17     20    599
20210112163949267	  326  250     17     20    599
20210112163949367	  325  249     15     19    599
20210112163949434	  325  251     15     22    600
20210112163949534	  325  249     15     19    599
20210112163949768	  326  250     17     20    599
20210112163949968	  326  250     17     20    599
20210112163950068	  326  250     17     20    599
20210112163950168	  326  248     17     17    597
20210112163950234	  326  251     17     22    599
20210112163950334	  326  250     17     20    599
20210112163950434	  326  252     17     24    599
20210112163950534	  326  250     17     20    599
20210112163950701	  326  249     17     19    601
20210112163950901	  327  250     19     20    598
20210112163951034	  328  251     20     22    599
20210112163951134	  327  249     19     19    599
20210112163951235	  325  247     15     16    599
20210112163951401	  327  250     19     20    599
20210112163951635	  327  250     19     20    599
20210112163951701	  326  250     17     20    599
20210112163951901	  326  248     17     17    598
20210112163952101	  326  249     17     19    598
20210112163952335	  326  250     17     20    599
20210112163952535	  326  253     17     25    599
20210112163952635	  327  249     19     19    598
20210112163952835	  326  249     17     19    598
20210112163953035	  326  249     17     19    598
20210112163953068	  325  247     15     16    599
20210112163953202	  327  248     19     17    598
20210112163953268	  327  251     19     22    595
20210112163953368	  319  260      6     37    614
20210112163953402	  317  263      3     42    620
20210112163953502	  316  265      1     47    632
20210112163953635	  315  268      0     52    632
20210112163953835	  311  271     -6     58    643
20210112163954002	  311  269     -6     55    647
20210112163954102	  311  268     -6     53    653
20210112163954169	  311  268     -6     53    655
20210112163954269	  311  269     -6     55    657
20210112163954369	  310  269     -8     56    660
20210112163954469	  309  268    -10     54    666
20210112163954535	  309  269    -10     56    668
20210112163954635	  308  269    -12     56    669
20210112163954769	  308  267    -12     53    671
20210112163954802	  308  268    -12     55    672
20210112163954835	  309  269    -10     57    671
20210112163954835	  309  269    -10     57    671
20210112163954902	  308  268    -12     55    671
20210112163954902	  308  268    -12     55    671
20210112163954969	  308  268    -12     55    670
20210112163954969	  308  268    -12     55    670
20210112163955035	  308  268    -12     55    670
20210112163955102	  309  269    -10     56    668
20210112163955136	  309  267    -10     53    667
20210112163955169	  310  267     -8     53    664
20210112163955169	  310  267     -8     52    663
20210112163955236	  309  267    -10     52    662
20210112163955302	  310  265     -8     49    661
20210112163955302	  311  267     -6     52    660
20210112163955402	  311  266     -6     50    657
20210112163955469	  312  266     -4     50    655
20210112163955536	  313  265     -3     48    652
20210112163955569	  312  265     -4     48    650
20210112163955636	  313  265     -3     48    648
20210112163955669	  314  266     -1     49    647
20210112163955669	  314  266     -1     49    647
20210112163955736	  314  264     -1     46    646
20210112163955769	  315  265      0     47    643
20210112163955802	  315  263      0     44    642
20210112163955802	  315  263      0     44    642
20210112163955869	  315  262      0     42    640
20210112163955936	  316  262      1     42    637
20210112163956069	  317  263      3     43    632
20210112163956102	  317  261      3     40    631
20210112163956169	  319  261      6     40    628
20210112163956202	  318  261      5     40    627
20210112163956336	  320  258      8     34    622
20210112163956369	  321  259     10     36    620
20210112163956503	  321  257      9     32    615
20210112163956536	  320  257      8     32    614
20210112163956603	  322  256     11     31    613
20210112163956603	  322  257     11     32    612
20210112163956703	  324  255     14     29    608
20210112163956703	  324  254     14     27    609
20210112163956869	  326  252     17     24    604
20210112163956869	  326  252     17     24    604
20210112163956969	  325  253     16     25    604
20210112163957069	  325  251     16     22    604
20210112163957169	  326  251     17     22    602
20210112163957203	  326  251     17     22    600
20210112163957269	  326  251     17     22    602
20210112163957369	  325  252     16     24    602
20210112163957469	  326  252     17     24    602
20210112163957569	  326  252     17     24    600
20210112163957769	  325  251     15     22    599
20210112163957769	  324  251     14     22    599
20210112163957936	  325  251     16     22    601
20210112163957970	  328  252     20     24    601
20210112163958036	  326  250     17     20    601
20210112163958070	  326  251     17     22    601
20210112163958103	  327  252     19     24    601
20210112163958103	  326  251     17     22    601
20210112163958336	  326  250     17     20    601
20210112163958503	  326  250     17     20    600
20210112163958670	  326  249     17     19    599
20210112163958836	  327  250     19     20    601
20210112163959070	  325  249     15     19    599
20210112163959303	  326  249     17     19    599
20210112163959537	  327  250     19     20    599
20210112163959737	  327  248     19     17    598
20210112163959903	  327  250     19     20    599
20210112164000103	  327  251     19     22    599
20210112164000237	  327  249     19     19    597
20210112164000237	  326  248     17     17    597
20210112164000303	  328  250     20     20    598
20210112164000303	  327  254     19     27    601
20210112164000370	  328  249     20     19    599
20210112164000470	  327  248     19     17    598
20210112164000470	  303  224    -21    -22    678
20210112164000570	  327  249     19     19    597
20210112164000870	  327  249     19     19    599
20210112164001070	  326  250     17     20    598
20210112164001270	  327  249     19     19    598
20210112164001470	  328  249     20     19    599
20210112164001670	  327  249     19     19    597
20210112164001871	  327  251     19     22    598
20210112164001971	  327  249     19     19    597
20210112164002004	  327  249     19     19    597
20210112164002037	  327  249     19     19    598
20210112164002071	  325  249     15     19    599
20210112164002104	  328  249     20     19    598
20210112164002304	  326  249     17     19    599
20210112164002471	  327  249     19     19    597
20210112164002671	  327  249     19     19    598
20210112164002837	  327  249     19     19    598
20210112164003071	  328  248     20     17    598
20210112164003238	  327  249     19     19    598
20210112164003504	  327  249     19     19    598
20210112164003704	  328  250     20     20    598
20210112164003938	  326  248     17     17    597
20210112164004104	  327  249     19     19    597
20210112164004305	  325  248     15     17    597
20210112164004505	  326  248     17     17    596
20210112164004705	  326  249     17     19    597
20210112164004905	  328  250     20     20    597
20210112164005105	  327  248     19     17    597
20210112164005305	  327  249     19     19    597
20210112164005538	  325  248     15     17    598
20210112164005705	  327  248     18     17    596
20210112164005938	  327  249     19     19    597
20210112164006105	  327  249     19     19    598
20210112164006538	  328  249     20     19    597
20210112164006972	  328  248     20     17    597
20210112164007139	  327  249     19     19    597
20210112164007405	  328  246     20     14    596
20210112164007572	  323  256     13     30    610
20210112164007805	  316  267      1     50    629
20210112164008039	  313  269     -3     54    645
20210112164008239	  312  268     -4     53    648
20210112164008439	  312  268     -4     53    653
20210112164008706	  310  268     -8     54    663
20210112164008872	  308  267    -12     53    670
20210112164009139	  309  268    -10     55    668
20210112164009306	  310  266     -8     51    670
20210112164009506	  311  266     -7     50    659
20210112164009739	  313  267     -3     52    651
20210112164010006	  315  265      0     47    641
20210112164010106	  316  262      1     42    639
20210112164010139	  316  262      1     42    637
20210112164010239	  318  262      5     42    634
20210112164010273	  319  263      6     43    631
20210112164010439	  320  260      8     38    626
20210112164010439	  320  260      8     38    626
20210112164010606	  321  258      9     34    619
20210112164010673	  322  258     11     34    617
20210112164010806	  323  256     13     31    612
20210112164010973	  324  254     14     27    606
20210112164011206	  326  250     17     21    602
20210112164011306	  327  253     19     25    604
20210112164011773	  326  249     17     19    599
20210112164012006	  326  250     17     20    599
20210112164012006	  326  249     17     19    599
20210112164012073	  328  250     20     20    599
20210112164012106	  327  250     19     20    598
20210112164012206	  325  249     15     19    598
20210112164012240	  326  250     17     20    599
20210112164012273	  326  250     17     20    599
20210112164012373	  326  249     17     19    599
20210112164012573	  327  250     19     20    599
20210112164012607	  327  249     19     19    600
20210112164012640	  327  249     19     19    599
20210112164012807	  326  251     17     22    598
20210112164013040	  326  250     17     20    600
20210112164013273	  326  249     17     19    599
20210112164013507	  327  248     19     17    598
20210112164013673	  328  249     20     19    597
20210112164013707	  328  250     20     20    597
20210112164013773	  328  249     20     19    599
20210112164013874	  327  250     19     20    599
20210112164014074	  327  248     19     17    597
20210112164014307	  327  248     19     17    598
20210112164014540	  327  248     19     17    597
20210112164014774	  328  249     20     19    597
20210112164014940	  328  249     20     19    597
20210112164015140	  327  248     18     17    596
20210112164015374	  327  248     19     17    598
20210112164015574	  327  247     19     16    597
20210112164015774	  328  249     20     19    597
20210112164016107	  329  248     22     17    597
20210112164016341	  327  250     19     20    598
20210112164016441	  327  248     19     17    597
20210112164016641	  328  249     20     19    598
20210112164016874	  328  248     20     17    596
20210112164016974	  328  250     20     20    597
20210112164017074	  327  247     18     16    596
20210112164017208	  328  248     20     17    598
20210112164017308	  328  250     20     20    597
20210112164017508	  328  248     20     17    596
20210112164017741	  327  249     19     19    597
20210112164017841	  328  248     20     17    597
20210112164017941	  327  249     19     19    597
20210112164018041	  327  248     18     17    596
20210112164018175	  328  248     20     17    597
20210112164018275	  327  247     18     16    596
20210112164018341	  328  248     20     17    596
20210112164018441	  328  248     20     17    597
20210112164018475	  329  249     22     19    597
20210112164018541	  327  249     18     19    596
20210112164018641	  327  247     19     16    595
20210112164018808	  328  247     20     16    597
20210112164019008	  327  251     19     22    597
20210112164019175	  328  247     20     16    596
20210112164019275	  328  248     20     17    596
20210112164019575	  328  248     20     17    596
20210112164019975	  329  248     22     17    596
20210112164020142	  328  248     20     17    596
20210112164020208	  329  248     22     17    596
20210112164020242	  331  249     24     19    597
20210112164020275	  328  247     20     16    597
20210112164020309	  329  249     22     19    597
20210112164020342	  328  248     20     17    597
20210112164020409	  328  249     20     19    596
20210112164020742	  328  247     20     16    596
20210112164020975	  328  250     20     20    596
20210112164021175	  328  247     20     16    596
20210112164021209	  328  248     20     17    596
20210112164021242	  329  249     21     19    597
20210112164021442	  329  248     22     17    595
20210112164021642	  328  247     20     16    596
20210112164021776	  327  252     19     24    598
20210112164021942	  318  265      5     46    626
20210112164022009	  317  267      3     50    628
20210112164022276	  313  270     -2     56    641
20210112164022476	  313  268     -3     53    646
20210112164022542	  312  270     -4     56    649
20210112164022676	  312  269     -4     55    652
20210112164022776	  311  267     -6     52    656
20210112164022909	  310  268     -8     54    662
20210112164023009	  310  269     -8     56    665
20210112164023109	  310  268     -8     54    665
20210112164023209	  310  268     -8     54    664
20210112164023376	  310  267     -8     53    668
20210112164023476	  308  269    -12     56    667
20210112164023576	  311  268     -6     55    668
20210112164023676	  310  267     -8     52    661
20210112164023776	  312  268     -5     54    660
20210112164023909	  313  267     -3     52    653
20210112164024009	  313  265     -3     48    651
20210112164024109	  314  265     -1     48    647
20210112164024210	  315  264      0     46    643
20210112164024343	  316  262      1     42    637
20210112164024443	  316  260      1     38    634
20210112164024543	  317  261      3     40    631
20210112164024676	  321  260     10     38    626
20210112164024810	  320  259      8     36    620
20210112164024910	  323  258     13     34    616
20210112164025010	  323  257     13     32    613
20210112164025110	  324  255     14     29    609
20210112164025210	  324  252     14     24    606
20210112164025343	  327  251     19     22    602
20210112164025543	  326  251     17     22    602
20210112164025643	  327  254     19     27    602
20210112164025777	  326  250     17     20    598
20210112164025810	  326  250     17     20    598
20210112164025877	  326  250     17     20    601
20210112164026010	  327  251     19     22    599
20210112164026243	  328  250     20     20    599
20210112164026477	  327  250     19     20    599
20210112164026610	  326  250     17     20    598
20210112164026743	  326  248     17     17    598
20210112164026843	  327  250     19     20    599
20210112164026944	  327  249     19     19    597
20210112164027077	  328  250     20     20    597
20210112164027177	  328  251     20     22    599
20210112164027310	  326  251     17     22    596
20210112164027477	  327  249     19     19    598
20210112164027677	  326  248     17     17    597
20210112164027777	  329  250     22     20    597
20210112164027810	  328  249     20     19    598
20210112164028010	  328  249     20     19    598
20210112164028210	  327  248     19     17    597
20210112164028477	  328  248     20     17    598
20210112164028644	  329  250     21     20    596
20210112164028777	  328  248     20     17    597
20210112164028877	  328  249     20     19    598
20210112164028944	  327  247     19     16    596
20210112164029211	  328  249     20     19    597
20210112164029411	  329  249     21     19    597
20210112164029544	  327  249     19     19    596
20210112164029678	  328  248     20     17    597
20210112164029778	  328  249     20     19    598
20210112164029878	  329  248     22     17    597
20210112164029978	  328  249     20     19    596
20210112164030111	  328  247     20     15    596
20210112164030311	  329  246     22     14    596
20210112164030644	  327  248     19     17    596
20210112164030778	  329  250     21     20    597
20210112164030911	  327  249     19     19    598
20210112164031011	  327  251     19     22    597
20210112164031111	  329  248     22     17    596
20210112164031211	  328  249     20     19    597
20210112164031345	  328  247     20     16    597
20210112164031445	  329  248     22     17    596
20210112164031545	  327  249     19     19    597
20210112164032111	  327  248     19     17    597
20210112164032445	  327  248     19     17    597
20210112164033012	  328  250     20     20    597
20210112164033212	  327  247     19     16    596
20210112164033345	  328  247     20     16    596
20210112164033378	  327  245     19     12    596
20210112164033445	  329  248     22     17    596
20210112164033479	  327  247     19     16    595
20210112164033579	  328  248     20     17    596
20210112164033645	  329  249     22     19    597
20210112164033679	  328  250     20     20    597
20210112164033745	  326  248     17     17    596
20210112164033812	  327  249     18     19    596
20210112164033879	  329  249     22     19    597
20210112164033945	  328  248     20     17    597
20210112164034145	  328  249     20     19    596
20210112164034212	  329  248     22     17    597
20210112164034479	  328  248     20     17    597
20210112164034645	  330  249     23     19    597
20210112164034679	  328  248     20     17    596
20210112164034745	  327  247     18     15    596
20210112164034846	  328  248     20     17    596
20210112164035146	  329  249     21     19    597
20210112164035212	  328  247     20     16    596
20210112164035246	  328  248     20     17    596
20210112164035379	  329  248     22     17    595
20210112164035612	  328  248     20     17    595
20210112164035846	  328  248     20     17    595
20210112164036079	  324  256     14     31    612
20210112164036179	  317  263      3     43    627
20210112164036279	  317  265      3     46    626
20210112164036479	  312  270     -4     56    644
20210112164036679	  312  270     -4     56    645
20210112164036913	  312  267     -4     52    652
20210112164037013	  311  267     -6     52    654
20210112164037180	  310  268     -8     54    662
20210112164037346	  310  267     -8     53    667
20210112164037480	  310  268     -8     54    665
20210112164037680	  309  268    -10     54    665
20210112164037913	  311  267     -6     52    661
20210112164038146	  313  267     -3     52    654
20210112164038346	  314  265     -1     48    645
20210112164038513	  316  263      1     44    640
20210112164038613	  316  263      1     44    636
20210112164038713	  318  262      5     42    631
20210112164038813	  319  260      6     38    628
20210112164038947	  319  260      6     38    625
20210112164039047	  322  257     11     33    618
20210112164039147	  322  258     11     34    616
20210112164039247	  322  256     11     31    613
20210112164039347	  324  254     14     27    610
20210112164039447	  324  254     14     27    605
20210112164039613	  326  250     17     20    600
20210112164039713	  326  250     17     21    602
20210112164039813	  328  253     20     25    604
20210112164040014	  326  251     17     22    599
20210112164040147	  327  249     19     19    599
20210112164040280	  329  248     22     17    601
20210112164040314	  328  250     20     20    600
20210112164040380	  326  250     17     20    599
20210112164040747	  327  248     19     17    599
20210112164040880	  327  252     19     24    598
20210112164040914	  326  250     17     20    598
20210112164040980	  326  248     17     17    598
20210112164041014	  327  250     19     20    598
20210112164041114	  328  249     20     19    597
20210112164041147	  328  252     20     24    598
20210112164041180	  328  249     20     19    598
20210112164041247	  328  249     20     19    597
20210112164041347	  328  249     20     19    598
20210112164041381	  327  249     19     19    597
20210112164041447	  326  250     17     20    597
20210112164041647	  325  248     15     17    598
20210112164041747	  326  248     17     17    598
20210112164041781	  328  248     20     17    597
20210112164041814	  327  248     19     17    597
20210112164041847	  328  249     20     19    597
20210112164041881	  327  248     19     17    598
20210112164041947	  328  249     20     19    598
20210112164041981	  327  249     19     19    597
20210112164042014	  327  248     18     17    596
20210112164042014	  327  248     18     17    596
20210112164042114	  327  247     19     16    597
20210112164042147	  328  247     20     16    597
20210112164042247	  328  248     20     17    597
20210112164042347	  329  250     22     20    598
20210112164042414	  326  249     17     19    597
20210112164042914	  328  250     20     20    599
20210112164043014	  327  247     19     16    596
20210112164043114	  329  251     22     22    598
20210112164043148	  329  250     22     20    598
20210112164043181	  328  250     20     20    597
20210112164043214	  328  247     20     16    597
20210112164043348	  328  249     20     19    596
20210112164043381	  328  248     20     17    597
20210112164043481	  327  249     19     19    597
20210112164043514	  328  248     20     17    597
20210112164043614	  328  247     20     16    596
20210112164043714	  327  249     19     19    595
20210112164043781	  328  248     20     17    596
20210112164043915	  328  248     20     17    596
20210112164043981	  329  248     21     17    596
20210112164044015	  328  248     20     17    596
20210112164044115	  329  248     22     17    597
20210112164044148	  328  247     20     16    597
20210112164044248	  328  248     20     17    596
20210112164044381	  328  247     20     16    597
20210112164044581	  328  248     20     17    596
20210112164044648	  328  248     20     17    597
20210112164044715	  328  247     20     16    598
20210112164044815	  330  250     23     20    597
20210112164044881	  328  248     20     17    595
20210112164044948	  327  247     18     16    596
20210112164044981	  328  248     20     17    596
20210112164045081	  328  248     20     17    596
20210112164045215	  329  248     22     17    596
20210112164045248	  328  247     20     16    596
20210112164045315	  328  249     20     19    595
20210112164045382	  328  247     20     16    596
20210112164045448	  328  248     20     17    596
20210112164045582	  328  248     20     17    597
20210112164045648	  327  247     18     16    595
20210112164045748	  328  247     20     16    597
20210112164045882	  328  245     20     12    597
20210112164046015	  329  246     22     14    595
20210112164046115	  329  251     21     22    597
20210112164046148	  328  249     20     19    596
20210112164046215	  329  248     21     17    597
20210112164046282	  329  248     22     17    596
20210112164046315	  328  248     20     17    596
20210112164046415	  327  247     19     16    596
20210112164046448	  328  246     20     14    596
20210112164046548	  328  247     20     16    596
20210112164046582	  329  248     22     18    596
20210112164046715	  326  248     17     17    596
20210112164046715	  328  248     20     17    596
20210112164046882	  329  250     22     20    596
20210112164046982	  329  249     22     18    596
20210112164047115	  330  249     23     19    596
20210112164047349	  329  248     22     17    597
20210112164047482	  328  246     20     14    595
20210112164047582	  327  247     19     16    596
20210112164047749	  328  248     20     17    595
20210112164047915	  328  246     20     14    595
20210112164048149	  328  250     20     20    596
20210112164048382	  329  248     22     17    596
20210112164048616	  329  247     22     16    595
20210112164048882	  329  250     22     20    596
20210112164049116	  330  249     23     19    596
20210112164049182	  328  246     20     14    595
20210112164049182	  328  246     20     14    596
20210112164049282	  329  248     22     17    596
20210112164049316	  327  247     19     16    596
20210112164049382	  328  246     20     14    595
20210112164049416	  328  247     20     16    595
20210112164049449	  329  247     22     16    595
20210112164049449	  328  246     20     14    595
20210112164049583	  327  248     18     17    595
20210112164049683	  328  246     20     14    596
20210112164049716	  329  246     22     14    596
20210112164049783	  328  248     20     17    595
20210112164049816	  328  247     20     16    595
20210112164049883	  328  247     20     16    595
20210112164049916	  329  246     22     14    596
20210112164049983	  328  246     20     14    595
20210112164050049	  328  246     20     14    595
20210112164050283	  325  254     16     27    605
20210112164050549	  316  266      1     48    627
20210112164050583	  315  267      0     50    632
20210112164050616	  314  270     -1     55    635
20210112164050816	  314  269     -1     54    643
20210112164050883	  313  268     -3     53    644
20210112164050916	  312  268     -4     53    645
20210112164050983	  312  270     -4     56    647
20210112164051250	  311  267     -6     52    655
20210112164051350	  311  268     -6     54    661
20210112164051416	  310  268     -8     54    663
20210112164051483	  309  268    -10     54    663
20210112164051650	  308  268    -12     54    665
20210112164051683	  309  268    -10     54    665
20210112164051716	  309  270    -10     58    663
20210112164051850	  310  269     -8     56    664
20210112164051916	  308  268    -12     54    667
20210112164051950	  309  269    -10     56    667
20210112164052016	  309  268    -10     54    666
20210112164052083	  310  267     -8     52    664
20210112164052150	  311  267     -6     52    660
20210112164052217	  312  265     -5     49    659
20210112164052317	  312  268     -4     54    656
20210112164052450	  313  266     -3     50    649
20210112164052517	  315  266      0     49    647
20210112164052551	  314  266     -1     49    647
20210112164052923	  317  261      3     40    634
20210112164053059	  319  260      6     38    628
20210112164053093	  321  260     10     37    627
20210112164053093	  321  260     10     38    626
20210112164053160	  320  259      8     36    624
20210112164053465	  322  255     11     29    614
20210112164053731	  325  253     16     25    605
20210112164053864	  327  250     19     20    600
20210112164053898	  325  251     15     22    599
20210112164053998	  326  251     17     22    600
20210112164054264	  326  250     17     20    598
20210112164054464	  327  248     19     17    598
20210112164054830	  327  250     19     20    598
20210112164055230	  329  249     22     19    598
20210112164055463	  327  249     19     19    598
20210112164055696	  327  248     19     17    598
20210112164055862	  327  250     19     20    597
20210112164056129	  328  251     20     22    597
20210112164056362	  328  249     20     19    597
20210112164056628	  327  247     19     16    596
20210112164056894	  327  247     18     16    596
20210112164057094	  329  249     21     19    597
20210112164057360	  329  249     22     19    596
20210112164057594	  328  248     20     17    596
20210112164057893	  329  249     22     19    598
20210112164058126	  329  248     22     17    596
20210112164058393	  329  247     22     16    596
20210112164058659	  329  246     22     14    596
20210112164059158	  329  249     22     19    598
20210112164059658	  328  248     20     17    595
20210112164059924	  328  248     20     17    596
20210112164100157	  328  247     20     16    596
20210112164100423	  328  248     20     17    596
20210112164100656	  328  247     20     16    595
20210112164101189	  328  249     20     19    595
20210112164101422	  332  249     26     19    597
20210112164101489	  328  247     20     16    595
20210112164101622	  329  248     22     17    596
20210112164101688	  328  247     20     16    596
20210112164101755	  329  249     22     19    596
20210112164101855	  328  248     20     17    596
20210112164102121	  329  248     22     17    596
20210112164102388	  329  248     22     17    595
20210112164102587	  329  248     21     17    597
20210112164102820	  328  248     20     17    595
20210112164103053	  327  249     19     19    596
20210112164103320	  329  248     22     17    596
20210112164103553	  329  246     22     14    595
20210112164103719	  329  248     21     17    597
20210112164103886	  329  248     22     17    596
20210112164103952	  329  248     22     17    596
20210112164104085	  328  247     20     16    596
20210112164104252	  329  248     22     17    597
20210112164104518	  329  252     22     24    600
20210112164104651	  320  263      8     43    624
20210112164104718	  317  264      3     45    626
20210112164104818	  317  267      3     50    628
20210112164104984	  313  269     -3     54    640
20210112164105284	  313  270     -3     56    648
20210112164105517	  312  268     -4     54    656
20210112164105783	  308  269    -12     56    664
20210112164106083	  310  268     -8     54    666
20210112164106349	  311  267     -6     52    662
20210112164106582	  312  267     -4     52    656
20210112164106815	  315  263      0     44    647
20210112164107048	  317  264      3     45    637
20210112164107281	  319  261      6     40    627
20210112164107548	  322  258     11     34    618
20210112164107781	  324  255     14     29    611
20210112164108080	  328  252     20     24    601
20210112164108214	  327  251     19     22    601
20210112164108480	  327  250     19     20    599
20210112164108747	  329  251     22     22    599
20210112164109016	  327  249     19     19    597
20210112164109285	  330  250     23     20    598
20210112164109554	  328  249     20     19    597
20210112164109788	  328  250     20     20    597
20210112164110088	  328  249     20     19    597
20210112164110321	  328  249     20     19    597
20210112164110454	  328  250     20     20    597
20210112164110621	  329  249     22     19    598
20210112164110888	  326  249     17     19    598
20210112164111155	  328  249     20     19    597
20210112164111421	  327  247     18     15    596
20210112164111655	  328  248     20     17    596
20210112164111888	  329  247     22     16    597
20210112164112022	  329  248     22     17    596
20210112164112155	  327  247     19     16    596
20210112164112288	  329  250     22     20    596
20210112164112388	  329  248     22     17    596
20210112164112522	  328  247     20     16    595
20210112164112655	  329  248     22     17    596
20210112164112722	  328  251     20     22    596
20210112164112922	  330  249     23     19    596
20210112164113122	  329  248     22     17    596
20210112164113355	  328  246     20     14    596
20210112164113555	  328  248     20     17    596
20210112164113655	  329  248     22     17    596
20210112164113789	  328  247     20     16    596
20210112164113922	  329  248     22     17    596
20210112164114022	  329  248     22     17    596
20210112164114155	  328  248     20     17    596
20210112164114289	  328  249     20     19    596
20210112164114389	  328  247     20     16    595
20210112164114522	  327  247     19     16    596
20210112164114689	  328  247     20     16    596
20210112164114722	  329  249     22     18    596
20210112164114756	  329  248     22     17    596
20210112164114822	  328  247     20     16    595
20210112164114856	  327  248     19     17    595
20210112164114922	  331  250     25     20    598
20210112164115156	  329  248     22     17    596
20210112164115422	  329  247     22     16    597
20210112164115689	  331  248     25     17    597
20210112164115956	  330  249     23     19    596
20210112164116189	  328  247     20     16    597
20210112164116256	  329  249     22     19    596
20210112164116389	  328  246     20     14    596
20210112164116656	  329  246     22     14    596
20210112164116889	  329  246     22     14    596
20210112164117123	  329  247     22     16    595
20210112164117223	  329  248     22     17    596
20210112164117356	  330  248     23     17    596
20210112164117490	  328  248     20     17    595
20210112164117590	  329  247     22     16    595
20210112164117723	  329  247     22     16    596
20210112164117856	  329  248     22     17    596
20210112164117990	  332  251     26     22    597
20210112164118090	  329  246     22     14    595
20210112164118390	  329  248     22     17    595
20210112164118623	  328  246     20     14    595
20210112164118757	  330  251     23     22    596
20210112164118857	  323  259     13     36    617
20210112164118990	  318  265      5     46    625
20210112164119123	  316  267      1     50    630
20210112164119223	  315  270      0     56    641
20210112164119357	  315  270      0     56    642
20210112164119523	  314  267     -1     51    648
20210112164119623	  312  269     -4     55    651
20210112164119757	  313  267     -3     52    653
20210112164119890	  312  268     -5     54    660
20210112164119990	  311  268     -6     54    662
20210112164120124	  309  268    -10     54    663
20210112164120257	  310  266     -8     51    666
20210112164120357	  310  270     -8     58    665
20210112164120490	  310  268     -8     54    665
20210112164120557	  310  268     -8     54    665
20210112164120590	  311  268     -6     54    664
20210112164120624	  311  267     -6     52    661
20210112164120757	  313  268     -3     54    657
20210112164120924	  313  267     -3     51    651
20210112164121157	  317  265      3     48    644
20210112164121391	  318  261      5     40    635
20210112164121524	  319  260      6     38    630
20210112164121624	  319  259      6     36    624
20210112164121924	  321  254      9     27    615
20210112164122124	  325  254     16     27    608
20210112164122224	  325  251     16     22    604
20210112164122291	  325  251     16     22    602
20210112164122357	  326  250     17     20    599
20210112164122457	  326  250     17     20    599
20210112164122558	  327  250     19     20    599
20210112164122691	  327  250     19     20    599
20210112164123158	  328  249     20     19    598
20210112164123258	  327  248     19     17    598
20210112164123291	  326  248     17     17    597
20210112164123358	  327  249     19     19    597
20210112164123491	  328  249     20     19    598
20210112164123758	  327  249     18     19    596
20210112164124025	  327  248     19     17    595
20210112164124158	  328  249     20     19    597
20210112164124291	  329  248     22     17    596
20210112164124558	  330  251     23     22    598
20210112164124825	  329  247     22     16    598
20210112164124925	  327  248     19     17    597
20210112164125092	  328  248     20     17    596
20210112164125192	  328  246     20     14    597
20210112164125325	  327  247     18     16    596
20210112164125458	  328  248     20     17    596
20210112164125725	  331  250     25     20    597
20210112164125958	  329  248     22     17    596
20210112164126092	  328  250     20     20    596
20210112164126225	  330  249     23     19    596
20210112164126492	  328  246     20     14    595
20210112164126725	  328  246     20     14    595
20210112164126892	  330  250     23     20    597
20210112164127025	  329  246     21     14    596
20210112164127159	  328  248     20     17    595
20210112164127259	  329  246     22     14    596
20210112164127392	  329  247     22     16    595
20210112164127525	  328  246     20     14    595
20210112164127625	  331  249     25     19    597
20210112164127692	  330  247     23     16    595
20210112164127726	  329  246     22     14    596
20210112164127792	  329  247     22     16    595
20210112164127926	  329  248     22     17    596
20210112164128059	  329  247     22     16    595
20210112164128359	  330  249     23     19    596
20210112164128426	  329  248     22     17    594
20210112164128592	  329  249     22     19    596
20210112164128859	  329  247     22     16    595
20210112164129126	  329  246     22     14    596
20210112164129393	  328  246     20     14    595
20210112164129526	  329  247     22     16    595
20210112164129626	  329  247     22     16    594
20210112164129726	  328  246     20     14    595
20210112164129826	  327  248     19     17    595
20210112164129926	  330  247     23     16    596
20210112164129993	  329  247     22     16    597
20210112164130126	  329  247     22     16    595
20210112164130426	  329  246     22     14    596
20210112164130626	  329  247     22     16    595
20210112164130760	  328  246     20     14    595
20210112164130893	  330  248     23     17    595
20210112164131026	  327  248     19     17    595
20210112164131160	  331  251     25     22    598
20210112164131293	  328  245     20     12    594
20210112164131426	  328  245     20     12    595
20210112164131560	  329  247     22     16    595
20210112164131726	  329  248     22     17    596
20210112164131893	  329  249     22     19    595
20210112164132027	  329  246     22     14    595
20210112164132160	  328  246     20     14    595
20210112164132293	  329  247     22     16    594
20210112164132427	  328  246     20     14    595
20210112164132593	  329  247     22     16    594
20210112164132727	  329  246     22     14    594
20210112164132860	  329  247     22     16    595
20210112164132993	  326  253     17     25    599
20210112164133160	  318  263      5     43    624
20210112164133294	  318  266      5     48    626
20210112164133427	  314  270     -1     56    639
20210112164133594	  313  270     -3     56    640
20210112164133727	  313  268     -3     53    645
20210112164133860	  313  267     -3     51    649
20210112164133994	  312  267     -4     52    653
20210112164134127	  310  268     -8     54    659
20210112164134260	  310  268     -8     54    662
20210112164134427	  310  268     -8     54    662
20210112164134594	  309  268    -10     54    666
20210112164134727	  310  268     -8     54    664
20210112164134861	  311  267     -6     52    660
20210112164134994	  312  268     -4     53    655
20210112164135127	  313  266     -3     50    651
20210112164135261	  315  265      0     48    646
20210112164135394	  316  265      1     47    641
20210112164135494	  314  263     -1     44    638
20210112164135527	  316  263      1     44    637
20210112164135694	  318  261      5     40    630
20210112164135794	  319  261      6     40    627
20210112164135994	  321  257      9     32    618
20210112164136294	  325  252     16     24    609
20210112164136394	  325  254     16     27    605
20210112164136561	  327  250     19     20    600
20210112164136694	  328  250     20     20    600
20210112164136861	  327  249     19     19    599
20210112164136995	  327  249     19     19    599
20210112164137261	  326  250     17     20    598
20210112164137361	  329  250     22     20    598
20210112164137395	  329  249     22     19    599
20210112164137395	  329  250     22     20    599
20210112164137461	  329  250     22     20    599
20210112164137561	  327  249     19     19    597
20210112164137795	  328  250     20     20    599
20210112164137961	  326  249     17     19    597
20210112164138028	  328  247     20     16    597
20210112164138262	  328  250     20     20    596
20210112164138795	  328  248     20     17    595
20210112164139295	  328  248     20     17    596
20210112164139362	  327  247     19     16    596
20210112164139862	  326  247     17     16    595
20210112164140062	  327  248     19     17    596
20210112164140229	  329  249     22     19    595
20210112164140362	  329  248     22     17    596
20210112164140662	  328  246     20     14    596
20210112164140929	  329  248     22     17    596
20210112164141062	  329  248     21     17    597
20210112164141329	  327  248     19     17    597
20210112164141696	  328  249     20     19    596
20210112164141962	  328  246     20     14    595
20210112164142096	  328  247     20     16    595
20210112164142296	  328  247     20     16    596
20210112164142396	  329  247     22     16    595
20210112164142496	  328  246     20     14    595
20210112164142563	  330  248     23     17    597
20210112164142629	  330  248     23     17    597
20210112164142629	  329  248     22     17    597
20210112164142763	  330  246     23     14    596
20210112164142796	  329  246     22     14    595
20210112164142829	  329  246     22     14    595
20210112164142863	  329  246     22     14    595
20210112164142929	  329  247     22     16    596
20210112164142963	  329  246     22     14    596
20210112164143096	  330  248     23     17    595
20210112164143163	  328  247     20     16    596
20210112164143296	  329  246     22     14    595
20210112164143330	  329  247     22     16    595
20210112164143363	  329  246     22     14    596
20210112164143430	  329  246     22     14    595
20210112164143463	  330  247     23     16    595
20210112164143530	  329  247     22     16    595
20210112164143596	  329  246     22     14    596
20210112164143663	  329  247     22     16    595
20210112164143696	  330  247     23     16    595
20210112164143730	  329  247     22     16    595
20210112164143830	  329  246     22     14    595
20210112164143963	  327  248     19     17    595
20210112164144030	  330  248     23     17    596
20210112164144096	  330  247     23     16    594
20210112164144163	  329  246     22     14    595
20210112164144230	  330  248     23     17    597
20210112164144263	  329  247     22     16    596
20210112164144363	  329  246     22     14    594
20210112164144496	  329  247     22     16    596
20210112164144597	  330  247     23     16    594
20210112164144863	  329  247     22     16    595
20210112164145130	  330  247     23     16    595
20210112164145430	  330  247     23     16    595
20210112164145763	  330  247     23     16    595
20210112164146030	  329  246     22     14    595
20210112164146297	  329  246     22     14    594
20210112164146597	  328  246     20     14    594
20210112164146897	  328  246     20     14    594
20210112164147464	  318  265      5     46    624
20210112164147631	  314  269     -1     54    635
20210112164147931	  314  269     -1     54    644
20210112164148231	  312  267     -4     52    652
20210112164148497	  310  268     -8     54    663
20210112164148797	  311  269     -6     56    663
20210112164149098	  308  269    -12     56    665
20210112164149398	  314  265     -1     48    648
20210112164149664	  316  265      1     47    641
20210112164149864	  318  263      5     43    632
20210112164149931	  319  260      6     38    631
20210112164150031	  319  260      6     38    626
20210112164150164	  321  259     10     36    621
20210112164150264	  322  257     11     32    617
20210112164150331	  324  257     14     32    615
20210112164150631	  326  253     17     25    605
20210112164150998	  327  250     19     20    599
20210112164151065	  327  250     19     20    598
20210112164151531	  327  248     19     17    599
20210112164152098	  328  249     20     19    597
20210112164152398	  329  248     22     17    595
20210112164152565	  328  247     20     16    597
20210112164152698	  328  249     20     19    597
20210112164152765	  328  248     20     17    596
20210112164152832	  328  248     20     17    596
20210112164152932	  329  248     21     17    597
20210112164153132	  329  248     22     17    596
20210112164153599	  328  246     20     14    597
20210112164153732	  329  247     22     16    595
20210112164153799	  329  248     22     17    597
20210112164154165	  330  248     23     17    597
20210112164154499	  329  248     22     17    596
20210112164154766	  329  247     22     16    595
20210112164154932	  327  248     19     17    596
20210112164155199	  331  249     25     19    597
20210112164155332	  327  248     18     17    595
20210112164155599	  330  247     23     16    596
20210112164155866	  329  247     22     16    595
20210112164156466	  329  246     22     14    595
20210112164156599	  329  248     22     17    596
20210112164156733	  332  248     27     17    598
20210112164157033	  327  246     18     14    595
20210112164157300	  329  247     22     16    596
20210112164157600	  330  247     23     16    596
20210112164157833	  330  247     23     16    596
20210112164158033	  329  248     22     17    595
20210112164158166	  329  246     22     14    596
20210112164158400	  330  247     23     16    595
20210112164158600	  329  247     22     16    596
20210112164158967	  330  249     23     19    597
20210112164159233	  328  246     20     14    594
20210112164159400	  329  246     22     14    595
20210112164159500	  329  247     22     16    594
20210112164159667	  329  247     22     16    595
20210112164159834	  329  246     22     14    594
20210112164159967	  329  247     22     16    595
20210112164200100	  330  247     23     16    595
20210112164200234	  329  247     22     16    594
20210112164200367	  330  247     23     16    595
20210112164200534	  328  246     20     14    593
20210112164200667	  330  248     23     17    595
20210112164200800	  329  247     22     16    594
20210112164201101	  329  247     22     16    595
20210112164201334	  329  245     22     12    593
20210112164201501	  324  257     14     32    606
20210112164201634	  319  265      6     46    624
20210112164201801	  316  268      1     51    629
20210112164201934	  312  270     -4     56    641
20210112164202067	  314  269     -1     54    641
20210112164202201	  312  269     -4     55    647
20210112164202368	  312  267     -4     51    650
20210112164202501	  311  268     -6     54    656
20210112164202634	  311  268     -6     54    660
20210112164202768	  310  269     -8     56    662
20210112164202901	  310  267     -8     53    664
20210112164203068	  309  268    -10     54    664
20210112164203201	  309  268    -10     54    663
20210112164203368	  312  268     -4     54    658
20210112164203501	  313  264     -3     47    655
20210112164203635	  312  265     -4     48    648
20210112164203735	  314  265     -1     48    646
20210112164203801	  315  263      0     44    643
20210112164204068	  318  263      5     43    634
20210112164204201	  320  260      8     38    628
20210112164204368	  321  259     10     36    621
20210112164204501	  323  257     13     32    616
20210112164204768	  324  254     14     27    607
20210112164204935	  328  251     20     22    603
20210112164205068	  327  250     19     20    598
20210112164205202	  328  250     20     20    599
20210112164205335	  327  250     19     20    599
20210112164205502	  328  247     20     16    598
20210112164205635	  328  249     20     19    597
20210112164205768	  328  248     20     17    598
20210112164206069	  329  251     22     22    598
20210112164206469	  328  248     20     17    599
20210112164206602	  327  250     19     20    597
20210112164206769	  328  248     20     17    596
20210112164206902	  328  249     20     19    597
20210112164207035	  328  249     20     19    595
20210112164207335	  330  250     23     20    597
20210112164207569	  328  246     20     14    596
20210112164207736	  328  248     20     17    595
20210112164207869	  330  249     23     19    596
20210112164208036	  328  247     20     16    595
20210112164208202	  328  248     20     17    595
20210112164208336	  330  249     23     19    597
20210112164208469	  329  247     22     16    595
20210112164208602	  327  247     19     16    595
20210112164208736	  329  248     22     17    596
20210112164208869	  329  246     22     14    595
20210112164209003	  330  248     23     17    595
20210112164209169	  328  248     20     17    596
20210112164209336	  329  246     22     14    596
20210112164209469	  329  247     22     16    594
20210112164209603	  329  247     22     16    595
20210112164209736	  329  247     22     16    595
20210112164209903	  329  246     22     14    595
20210112164210003	  329  246     22     14    595
20210112164210170	  329  247     22     16    595
20210112164210303	  329  247     22     16    595
20210112164210436	  329  247     22     16    595
20210112164210603	  330  248     23     17    595
20210112164210736	  330  247     23     16    594
20210112164210870	  330  247     23     16    595
20210112164211003	  330  246     23     14    596
20210112164211170	  330  247     23     16    595
20210112164211303	  329  248     22     17    597
20210112164211437	  329  247     22     16    594
20210112164211570	  330  247     23     16    595
20210112164211737	  329  246     22     14    596
20210112164211870	  331  246     25     14    595
20210112164212037	  329  247     22     16    596
20210112164212170	  328  245     20     12    593
20210112164212303	  329  246     21     14    597
20210112164212437	  329  246     22     14    594
20210112164212603	  330  247     23     16    596
20210112164212870	  330  248     23     17    595
20210112164213170	  329  248     22     17    596
20210112164213304	  329  247     22     16    593
20210112164213437	  330  247     23     16    595
20210112164213604	  330  247     23     16    594
20210112164213737	  328  247     20     16    595
20210112164213871	  329  247     22     16    595
20210112164214004	  328  249     20     19    595
20210112164214304	  330  247     23     16    594
20210112164214571	  329  247     22     16    595
20210112164214737	  329  247     22     16    594
20210112164214871	  329  248     22     17    595
20210112164215004	  328  246     20     14    593
20210112164215137	  329  246     22     14    595
20210112164215304	  329  247     22     16    594
20210112164215471	  329  245     22     12    593
20210112164215638	  330  247     23     15    593
20210112164215771	  324  257     14     32    612
20210112164215904	  319  265      6     46    624
20210112164216038	  317  268      3     51    628
20210112164216204	  315  269      0     54    642
20210112164216338	  314  267     -1     51    639
20210112164216471	  313  268     -3     53    647
20210112164216605	  313  268     -3     53    650
20210112164216805	  312  268     -4     54    658
20210112164216938	  311  268     -6     54    662
20210112164217071	  311  269     -6     56    662
20210112164217238	  309  268    -10     54    662
20210112164217371	  310  268     -8     54    663
20210112164217505	  310  268     -8     54    664
20210112164217671	  313  265     -3     48    655
20210112164217805	  314  267     -1     51    651
20210112164217972	  315  266      0     49    645
20210112164218138	  316  263      1     44    640
20210112164218272	  317  262      3     42    635
20210112164218438	  320  262      8     41    629
20210112164218605	  322  259     11     36    621
20210112164218738	  322  256     11     31    617
20210112164219038	  326  253     17     26    607
20210112164219239	  327  251     19     22    599
20210112164219372	  327  248     19     17    599
20210112164219539	  327  249     19     19    597
20210112164219672	  328  248     20     17    598
20210112164219839	  329  249     22     19    598
20210112164219972	  328  249     20     19    597
20210112164220039	  328  249     20     19    597
20210112164220305	  328  249     20     19    598
20210112164220405	  328  248     20     17    596
20210112164220572	  328  247     20     16    597
20210112164220606	  327  249     19     19    596
20210112164220706	  329  248     22     17    597
20210112164221206	  329  247     21     15    597
20210112164221339	  330  246     23     14    596
20210112164221506	  329  248     21     17    597
20210112164221706	  329  247     22     16    596
20210112164221839	  328  246     20     14    595
20210112164222006	  328  247     20     16    596
20210112164222139	  329  248     22     17    597
20210112164222306	  329  248     22     17    596
20210112164222473	  328  248     20     17    596
20210112164222606	  330  249     23     19    597
20210112164222773	  329  248     22     17    596
20210112164222939	  330  248     23     17    595
20210112164223106	  329  247     22     16    594
20210112164223239	  329  247     22     16    595
20210112164223406	  329  246     22     14    595
20210112164223573	  328  246     20     14    595
20210112164223706	  330  246     23     14    596
20210112164223873	  329  247     22     16    595
20210112164224040	  330  248     23     17    597
20210112164224206	  329  245     22     12    594
20210112164224373	  328  247     20     16    596
20210112164224506	  328  246     20     14    594
20210112164224673	  328  249     20     19    595
20210112164224840	  329  247     22     16    595
20210112164224973	  330  248     23     17    596
20210112164225273	  330  248     23     17    595
20210112164225573	  330  247     23     16    594
20210112164225707	  330  247     23     16    595
20210112164225873	  329  247     22     16    595
20210112164226040	  329  247     22     16    595
20210112164226207	  328  247     20     16    595
20210112164226340	  329  247     22     16    594
20210112164226474	  328  246     20     14    596
20210112164226674	  330  248     23     17    597
20210112164226807	  328  248     20     17    594
20210112164226974	  330  248     23     17    595
20210112164227140	  329  247     22     16    594
20210112164227307	  328  246     20     14    595
20210112164227441	  329  247     22     16    593
20210112164227541	  328  246     20     14    595
20210112164227741	  330  247     23     16    595
20210112164227941	  330  247     23     16    595
20210112164228107	  330  248     23     17    595
20210112164228207	  330  247     23     16    595
20210112164228407	  330  247     23     16    595
20210112164228674	  330  247     23     16    595
20210112164228941	  330  247     23     16    595
20210112164229108	  329  246     22     14    593
20210112164229274	  329  247     22     16    593
20210112164229441	  329  246     22     14    593
20210112164229608	  328  248     20     17    596
20210112164229741	  329  245     22     12    593
20210112164229908	  330  249     23     19    594
20210112164230041	  321  262      9     41    618
20210112164230208	  318  266      5     48    624
20210112164230408	  314  270     -1     56    639
20210112164230541	  316  270      1     56    642
20210112164230708	  313  268     -3     53    647
20210112164230841	  314  267     -1     51    649
20210112164231008	  312  269     -4     55    657
20210112164231175	  310  268     -8     54    661
20210112164231308	  310  268     -8     54    662
20210112164231475	  311  269     -6     56    662
20210112164231675	  311  268     -6     54    663
20210112164231808	  311  268     -6     54    663
20210112164231975	  309  268    -10     54    664
20210112164232108	  311  268     -6     54    664
20210112164232275	  309  268    -10     54    665
20210112164232442	  311  267     -6     53    667
20210112164232575	  310  267     -8     53    666
20210112164232742	  309  268    -10     54    666
20210112164232909	  310  268     -8     55    667
20210112164233075	  310  267     -8     53    670
20210112164233242	  309  267    -10     53    670
20210112164233375	  310  267     -8     53    670
20210112164233542	  309  268    -10     55    668
20210112164233675	  308  269    -12     56    668
20210112164233842	  309  267    -10     53    670
20210112164234009	  309  268    -10     55    669
20210112164234176	  309  268    -10     55    669
20210112164234342	  310  268     -8     55    668
20210112164234476	  310  267     -8     53    670
20210112164234642	  309  268    -10     55    668
20210112164234809	  309  268    -10     55    669
20210112164234976	  310  269     -8     56    669
20210112164235109	  310  267     -8     53    670
20210112164235276	  309  269    -10     56    668
20210112164235443	  309  268    -10     55    669
20210112164235609	  310  269     -8     56    669
20210112164235776	  309  267    -10     53    670
20210112164235909	  309  266    -10     51    671
20210112164236076	  309  268    -10     55    670
20210112164236210	  309  268    -10     55    670
20210112164236376	  309  268    -10     55    671
20210112164236543	  310  267     -8     53    671
20210112164236710	  310  268     -8     55    670
20210112164236876	  310  268     -8     55    670
20210112164237043	  308  269    -12     57    670
20210112164237176	  310  268     -8     55    670
20210112164237343	  309  268    -10     55    671
20210112164237476	  309  268    -10     55    671
20210112164237643	  309  268    -10     55    671
20210112164237810	  309  267    -10     53    672
20210112164237977	  309  270    -10     58    672
20210112164238143	  309  268    -10     55    672
20210112164238277	  308  268    -12     55    673
20210112164238443	  309  268    -10     55    672
20210112164238610	  308  269    -12     57    671
20210112164238743	  309  268    -10     55    672
20210112164238910	  309  268    -10     55    671
20210112164239044	  309  268    -10     55    672
20210112164239244	  309  267    -10     53    671
20210112164239410	  309  269    -10     57    672
20210112164239544	  310  269     -8     57    672
20210112164239710	  309  269    -10     57    671
20210112164239877	  309  268    -10     55    672
20210112164240010	  309  268    -10     55    672
20210112164240177	  309  268    -10     55    671
20210112164240310	  308  267    -12     53    672
20210112164240511	  309  267    -10     53    672
20210112164240677	  310  267     -8     53    672
20210112164240811	  310  269     -8     57    671
20210112164240977	  308  269    -12     57    672
20210112164241111	  310  267     -8     53    673
20210112164241277	  308  267    -12     53    673
20210112164241344	  309  268    -10     55    672
