20210112162113536	  305  299    -16    105    643
20210112162113908	  303  300    -20    107    642
20210112162113975	  303  300    -20    107    643
20210112162114074	  303  300    -20    107    643
20210112162114173	  303  300    -20    107    643
20210112162114272	  302  299    -21    105    644
20210112162114370	  303  300    -20    107    642
20210112162114436	  303  301    -20    108    641
20210112162114534	  302  300    -21    107    643
20210112162114633	  301  299    -23    105    643
20210112162114731	  302  301    -21    108    641
20210112162114829	  303  300    -20    107    642
20210112162114895	  303  300    -20    107    643
20210112162114993	  302  300    -21    107    642
20210112162115090	  303  300    -20    107    642
20210112162115188	  302  300    -21    107    643
20210112162115253	  302  300    -21    107    643
20210112162115350	  302  300    -21    107    643
20210112162115447	  302  300    -21    107    642
20210112162115543	  301  301    -23    108    642
20210112162115640	  302  300    -21    107    643
20210112162115704	  302  300    -21    107    644
20210112162115803	  303  299    -20    105    644
20210112162115903	  301  300    -23    107    642
20210112162116036	  301  300    -23    107    643
20210112162116103	  301  300    -23    107    644
20210112162116203	  302  300    -21    107    643
20210112162116303	  302  300    -21    107    643
20210112162116370	  301  300    -23    107    644
20210112162116470	  302  300    -21    107    643
20210112162116570	  302  300    -21    107    643
20210112162116637	  301  300    -23    107    644
20210112162116736	  302  301    -21    108    642
20210112162116836	  301  301    -23    109    643
20210112162116936	  302  300    -21    107    643
20210112162117002	  303  302    -20    110    642
20210112162117102	  301  300    -23    107    643
20210112162117235	  303  301    -20    108    642
20210112162117335	  303  302    -20    110    641
20210112162117402	  303  302    -20    110    641
20210112162117501	  302  301    -21    108    642
20210112162117601	  302  300    -21    107    643
20210112162117668	  301  300    -23    107    644
20210112162117767	  303  302    -20    110    643
20210112162117868	  302  301    -21    108    642
20210112162117934	  302  300    -21    107    643
20210112162118068	  302  301    -21    108    642
20210112162118135	  301  300    -23    107    644
20210112162118235	  302  301    -21    108    642
20210112162118335	  303  302    -20    110    642
20210112162118402	  303  302    -20    110    642
20210112162118535	  303  301    -20    108    642
20210112162118636	  302  300    -21    107    643
20210112162118736	  302  301    -21    108    643
20210112162118803	  301  300    -23    107    643
20210112162118904	  302  300    -21    107    644
20210112162119005	  301  300    -23    107    644
20210112162119106	  301  300    -23    107    643
20210112162119173	  302  301    -21    108    642
20210112162119274	  303  302    -20    110    642
20210112162119375	  302  300    -21    107    644
20210112162119442	  303  302    -20    110    642
20210112162119543	  301  300    -23    107    642
20210112162119645	  303  299    -20    105    644
20210112162119779	  302  301    -21    108    642
20210112162119846	  303  301    -20    108    642
20210112162119946	  302  301    -21    108    643
20210112162120046	  302  300    -21    107    643
20210112162120113	  303  302    -20    110    641
20210112162120213	  302  301    -21    108    643
20210112162120313	  303  302    -20    110    642
20210112162120413	  301  301    -23    108    642
20210112162120480	  302  301    -21    108    643
20210112162120580	  302  301    -21    108    642
20210112162120680	  301  301    -23    108    642
20210112162120746	  302  301    -21    108    642
20210112162120846	  301  299    -23    105    643
20210112162120946	  302  300    -21    107    643
20210112162121080	  302  300    -21    107    643
20210112162121146	  303  302    -20    110    642
20210112162121246	  302  301    -21    108    643
20210112162121346	  301  302    -23    110    642
20210112162121413	  302  301    -21    108    642
20210112162121513	  303  299    -20    105    645
20210112162121613	  302  300    -21    107    643
20210112162121713	  301  300    -23    107    644
20210112162121780	  302  301    -21    108    642
20210112162121880	  302  300    -21    107    643
20210112162121980	  303  301    -20    108    642
20210112162122047	  303  301    -20    108    642
20210112162122147	  303  301    -20    108    643
20210112162122280	  301  300    -23    107    643
20210112162122347	  303  302    -20    110    642
20210112162122447	  301  300    -23    107    643
20210112162122613	  303  302    -20    110    642
20210112162122713	  301  301    -23    108    643
20210112162122780	  302  300    -21    107    643
20210112162122880	  303  302    -20    110    642
20210112162122980	  302  300    -21    107    643
20210112162123047	  301  300    -23    107    644
20210112162123147	  303  302    -20    110    642
20210112162123247	  302  300    -21    107    643
20210112162123347	  303  302    -20    110    642
20210112162123414	  303  301    -20    108    642
20210112162123547	  301  300    -23    107    643
20210112162123647	  303  302    -20    110    641
20210112162123747	  301  302    -23    110    642
20210112162123814	  302  301    -21    108    642
20210112162123914	  303  302    -20    110    641
20210112162124014	  303  301    -20    108    642
20210112162124080	  302  300    -21    107    644
20210112162124180	  303  302    -20    110    642
20210112162124281	  303  302    -20    110    642
20210112162124381	  302  301    -21    108    643
20210112162124447	  301  300    -23    107    643
20210112162124547	  302  301    -21    108    642
20210112162124647	  303  302    -20    110    641
20210112162124747	  303  302    -20    110    642
20210112162124847	  303  302    -20    110    642
20210112162124947	  302  301    -21    108    642
20210112162125047	  303  299    -20    105    644
20210112162125114	  302  301    -21    108    642
20210112162125214	  303  302    -20    110    641
20210112162125314	  301  300    -23    107    643
20210112162125414	  302  301    -21    108    642
20210112162125514	  302  301    -21    108    642
20210112162125614	  302  300    -21    107    643
20210112162125714	  302  301    -21    108    642
20210112162125781	  303  301    -20    108    642
20210112162125881	  302  301    -21    108    642
20210112162126014	  302  301    -21    108    642
20210112162126081	  301  300    -23    107    643
20210112162126181	  302  300    -21    107    643
20210112162126281	  302  301    -21    108    643
20210112162126414	  303  302    -20    110    641
20210112162126514	  303  301    -20    108    643
20210112162126614	  302  301    -21    108    642
20210112162126714	  302  300    -21    107    644
20210112162126781	  301  300    -23    107    644
20210112162126881	  302  301    -21    108    642
20210112162126981	  303  302    -20    110    643
20210112162127048	  301  300    -23    107    643
20210112162127148	  301  300    -23    107    643
20210112162127281	  303  301    -20    108    642
20210112162127381	  302  301    -21    108    643
20210112162127448	  303  302    -20    110    642
20210112162127548	  302  300    -21    107    644
20210112162127648	  303  302    -20    110    642
20210112162127748	  302  300    -21    107    644
20210112162127848	  303  301    -20    108    643
20210112162127915	  302  301    -21    108    642
20210112162128015	  302  299    -21    105    644
20210112162128115	  303  302    -20    110    642
20210112162128215	  303  301    -20    108    643
20210112162128315	  302  301    -21    108    643
20210112162128415	  302  301    -21    109    643
20210112162128548	  303  302    -20    110    641
20210112162128615	  302  301    -21    108    643
20210112162128715	  301  300    -23    107    644
20210112162128815	  302  301    -21    108    643
20210112162128915	  303  302    -20    110    643
20210112162128982	  303  302    -20    110    641
20210112162129082	  303  301    -20    108    642
20210112162129182	  303  302    -20    110    642
20210112162129248	  301  300    -23    107    644
20210112162129448	  303  302    -20    110    642
20210112162129548	  303  302    -20    110    642
20210112162129648	  302  301    -21    108    642
20210112162129782	  303  302    -20    110    642
20210112162129848	  303  302    -20    110    642
20210112162129948	  302  300    -21    107    644
20210112162130049	  303  299    -20    105    645
20210112162130115	  302  300    -21    107    643
20210112162130215	  303  302    -20    110    642
20210112162130315	  303  302    -20    110    642
20210112162130382	  302  300    -21    107    644
20210112162130482	  303  302    -20    110    641
20210112162130582	  303  302    -20    110    642
20210112162130682	  301  300    -23    107    643
20210112162130782	  303  302    -20    110    642
20210112162130849	  303  302    -20    110    642
20210112162130982	  302  301    -21    108    642
20210112162131082	  302  300    -21    107    643
20210112162131182	  301  302    -23    110    642
20210112162131249	  303  302    -20    110    642
20210112162131349	  301  300    -23    107    644
20210112162131449	  303  302    -20    110    642
20210112162131516	  301  300    -23    107    643
20210112162131616	  303  299    -20    105    644
20210112162131716	  303  302    -20    110    642
20210112162131816	  302  301    -21    108    642
20210112162131882	  303  302    -20    110    643
20210112162131982	  298  299    -28    105    641
20210112162132082	  290  297    -41    100    632
20210112162132216	  284  296    -50     97    622
20210112162132316	  279  298    -58     99    617
20210112162132382	  276  294    -62     92    614
20210112162132482	  268  292    -75     88    609
20210112162132582	  261  289    -85     83    604
20210112162132683	  254  286    -95     77    598
20210112162132783	  244  283   -110     72    594
20210112162132849	  238  280   -118     66    587
20210112162132949	  233  277   -126     62    587
20210112162133049	  222  271   -141     52    580
20210112162133116	  218  268   -147     47    579
20210112162133216	  209  261   -160     36    576
20210112162133316	  200  256   -172     28    571
20210112162133449	  192  249   -183     18    567
20210112162133516	  187  244   -189     10    565
20210112162133616	  179  237   -199      0    561
20210112162133716	  170  229   -212    -11    559
20210112162133816	  163  222   -221    -21    557
20210112162133949	  164  220   -220    -24    558
20210112162134049	  160  217   -225    -28    555
20210112162134116	  159  215   -227    -31    557
20210112162134216	  157  213   -229    -34    555
20210112162134316	  159  213   -227    -34    557
20210112162134416	  153  210   -235    -39    556
20210112162134516	  152  210   -237    -39    557
20210112162134616	  157  212   -230    -36    558
20210112162134750	  153  207   -234    -43    554
20210112162134883	  152  207   -236    -43    555
20210112162135016	  154  207   -233    -43    556
20210112162135083	  152  205   -236    -46    554
20210112162135183	  150  205   -238    -46    554
20210112162135283	  151  204   -238    -47    556
20210112162135383	  149  204   -240    -47    553
20210112162135483	  147  203   -243    -49    553
20210112162135550	  147  203   -243    -49    553
20210112162135650	  151  203   -238    -49    556
20210112162135750	  147  203   -243    -49    555
20210112162135850	  149  201   -240    -52    554
20210112162135950	  148  201   -241    -52    554
20210112162136050	  151  202   -238    -50    557
20210112162136150	  148  200   -241    -53    553
20210112162136250	  147  200   -243    -53    555
20210112162136317	  149  198   -241    -56    556
20210112162136417	  147  198   -243    -56    554
20210112162136517	  146  198   -244    -56    554
20210112162136617	  146  198   -244    -56    554
20210112162136717	  146  198   -244    -56    554
20210112162136784	  146  198   -244    -56    554
20210112162136884	  143  197   -248    -57    554
20210112162137017	  147  196   -243    -59    554
20210112162137084	  146  196   -244    -59    554
20210112162137217	  147  195   -244    -61    557
20210112162137284	  145  194   -246    -62    554
20210112162137384	  145  196   -245    -59    553
20210112162137550	  143  194   -248    -62    553
20210112162137650	  145  195   -246    -60    554
20210112162137750	  144  194   -247    -62    554
20210112162137817	  147  196   -244    -59    557
20210112162137950	  142  195   -250    -60    554
20210112162138050	  145  194   -246    -62    555
20210112162138151	  144  194   -247    -62    554
20210112162138251	  142  194   -250    -62    553
20210112162138317	  143  194   -248    -62    554
20210112162138417	  143  193   -249    -63    555
20210112162138517	  144  193   -248    -63    556
20210112162138651	  144  193   -247    -63    555
20210112162138717	  144  192   -248    -65    555
20210112162138851	  140  192   -253    -65    554
20210112162138951	  141  192   -251    -64    553
20210112162139051	  143  193   -248    -63    553
20210112162139151	  141  191   -252    -66    555
20210112162139217	  144  190   -248    -68    557
20210112162139351	  145  191   -247    -66    558
20210112162139451	  142  191   -251    -66    556
20210112162139551	  141  191   -252    -66    555
20210112162139651	  141  190   -251    -67    554
20210112162139751	  142  190   -251    -68    557
20210112162139851	  141  190   -252    -68    555
20210112162139951	  141  190   -252    -68    555
20210112162140084	  142  190   -250    -68    555
20210112162140184	  142  189   -252    -69    557
20210112162140284	  141  189   -252    -69    556
20210112162140384	  139  190   -254    -67    554
20210112162140484	  141  189   -252    -69    555
20210112162140618	  141  190   -252    -68    556
20210112162140718	  142  189   -252    -69    557
20210112162140818	  141  188   -252    -71    556
20210112162140918	  138  188   -255    -70    553
20210112162141018	  141  189   -252    -69    556
20210112162141118	  138  188   -255    -70    553
20210112162141185	  140  187   -253    -72    555
20210112162141318	  138  188   -255    -70    553
20210112162141418	  139  188   -254    -70    554
20210112162141518	  137  187   -256    -72    553
20210112162141618	  138  188   -255    -70    553
20210112162141718	  140  187   -253    -72    554
20210112162141851	  140  187   -253    -72    554
20210112162141952	  139  187   -254    -72    553
20210112162142052	  139  187   -255    -72    555
20210112162142152	  138  187   -255    -72    553
20210112162142252	  140  187   -253    -72    555
20210112162142352	  141  185   -253    -75    558
20210112162142485	  141  187   -252    -72    556
20210112162142552	  139  186   -255    -73    555
20210112162142685	  140  186   -253    -73    555
20210112162142785	  139  187   -254    -72    554
20210112162142885	  140  186   -253    -73    555
20210112162143018	  139  185   -255    -75    556
20210112162143118	  139  186   -254    -73    555
20210112162143218	  141  188   -253    -71    557
20210112162143319	  136  184   -258    -76    553
20210112162143452	  136  185   -259    -75    555
20210112162143552	  139  185   -255    -75    556
20210112162143652	  137  185   -257    -75    554
20210112162143785	  141  184   -253    -76    558
20210112162143885	  138  185   -256    -75    555
20210112162143985	  138  184   -256    -76    555
20210112162144085	  139  185   -255    -75    556
20210112162144219	  139  185   -255    -75    556
20210112162144319	  137  185   -257    -75    553
20210112162144419	  136  185   -259    -75    554
20210112162144552	  146  198   -245    -56    555
20210112162144652	  150  201   -239    -52    556
20210112162144752	  155  209   -233    -40    558
20210112162144852	  158  213   -228    -34    557
20210112162144986	  170  226   -213    -15    561
20210112162145086	  171  230   -211    -10    562
20210112162145186	  182  239   -197      3    566
20210112162145319	  192  248   -183     16    569
20210112162145419	  201  254   -170     25    572
20210112162145519	  209  261   -160     36    578
20210112162145652	  219  268   -146     47    583
20210112162145752	  229  274   -132     57    589
20210112162145852	  239  280   -118     67    592
20210112162145953	  248  284   -104     74    596
20210112162146086	  261  289    -85     83    606
20210112162146186	  269  291    -74     87    613
20210112162146286	  278  295    -60     95    620
20210112162146419	  276  295    -63     94    618
20210112162146519	  276  295    -63     94    617
20210112162146619	  280  295    -57     95    622
20210112162146719	  281  297    -55     98    622
20210112162146853	  279  294    -58     94    624
20210112162146953	  282  297    -53     98    622
20210112162147053	  285  296    -49     97    627
20210112162147186	  285  298    -48    100    623
20210112162147286	  283  296    -52     97    626
20210112162147386	  285  297    -49     99    626
20210112162147486	  284  297    -50     99    625
20210112162147620	  284  296    -51     98    627
20210112162147720	  286  296    -47     98    628
20210112162147820	  286  297    -47     99    627
20210112162147920	  287  297    -46     99    629
20210112162148053	  286  296    -47     98    629
20210112162148153	  280  293    -56     92    621
20210112162148253	  272  293    -69     91    614
20210112162148386	  264  289    -81     83    605
20210112162148487	  259  288    -88     81    603
20210112162148587	  248  284   -104     74    595
20210112162148687	  242  281   -113     68    590
20210112162148820	  233  276   -126     60    588
20210112162148920	  223  270   -140     50    582
20210112162149020	  216  266   -150     44    578
20210112162149120	  208  260   -161     35    574
20210112162149253	  196  252   -177     22    568
20210112162149353	  188  246   -188     13    567
20210112162149453	  181  238   -197      1    562
20210112162149587	  172  229   -210    -11    561
20210112162149687	  165  221   -219    -23    559
20210112162149787	  157  213   -229    -34    556
20210112162149920	  152  205   -237    -46    558
20210112162150020	  152  205   -237    -46    557
20210112162150120	  148  203   -241    -49    554
20210112162150220	  147  200   -243    -53    556
20210112162150354	  146  198   -245    -56    557
20210112162150454	  148  196   -242    -59    556
20210112162150554	  146  196   -245    -59    556
20210112162150654	  144  196   -247    -59    555
20210112162150787	  143  195   -248    -60    553
20210112162150887	  142  195   -250    -60    554
20210112162150987	  146  195   -245    -60    555
20210112162151120	  142  194   -250    -62    554
20210112162151221	  143  192   -249    -65    556
20210112162151321	  140  191   -253    -66    554
20210112162151454	  142  191   -250    -66    555
20210112162151554	  141  191   -252    -66    555
20210112162151654	  142  190   -251    -68    556
20210112162151787	  142  190   -251    -68    557
20210112162151887	  141  190   -253    -68    557
20210112162151987	  141  189   -252    -69    556
20210112162152087	  141  189   -252    -69    556
20210112162152221	  141  189   -252    -69    556
20210112162152321	  138  188   -255    -70    553
20210112162152421	  137  187   -257    -72    554
20210112162152521	  139  188   -255    -70    555
20210112162152654	  139  187   -254    -72    554
20210112162152754	  138  188   -256    -70    554
20210112162152854	  140  188   -253    -70    555
20210112162152988	  137  186   -257    -73    554
20210112162153088	  136  186   -259    -73    554
20210112162153188	  140  186   -254    -73    556
20210112162153321	  138  186   -256    -73    554
20210112162153421	  140  186   -254    -73    556
20210112162153521	  138  185   -257    -75    556
20210112162153621	  138  185   -256    -75    555
20210112162153755	  139  185   -255    -75    556
20210112162153855	  136  185   -259    -75    554
20210112162154088	  140  185   -255    -75    557
20210112162154221	  140  186   -254    -74    556
20210112162154321	  140  184   -255    -77    557
20210112162154421	  137  185   -257    -75    554
20210112162154521	  138  185   -257    -75    557
20210112162154655	  138  184   -256    -76    555
20210112162154755	  140  185   -255    -75    557
20210112162154855	  139  184   -256    -76    557
20210112162154955	  139  184   -255    -76    556
20210112162155088	  138  183   -256    -78    555
20210112162155188	  139  182   -256    -79    557
20210112162155288	  139  184   -255    -76    557
20210112162155388	  135  183   -260    -78    554
20210112162155522	  135  183   -260    -77    553
20210112162155622	  137  184   -257    -76    554
20210112162155722	  135  183   -260    -78    554
20210112162155822	  136  181   -258    -80    554
20210112162155955	  136  184   -259    -76    554
20210112162156055	  135  182   -259    -79    552
20210112162156155	  137  183   -257    -78    555
20210112162156288	  137  181   -257    -81    555
20210112162156389	  135  183   -260    -77    553
20210112162156489	  134  181   -261    -80    554
20210112162156589	  136  182   -259    -79    554
20210112162156722	  138  182   -257    -79    556
20210112162156822	  137  182   -258    -79    556
20210112162156922	  138  182   -257    -79    556
20210112162157055	  135  182   -260    -79    554
20210112162157155	  136  181   -259    -81    555
20210112162157255	  136  182   -259    -79    554
20210112162157355	  134  181   -261    -80    554
20210112162157489	  136  181   -259    -81    555
20210112162157589	  138  181   -257    -81    556
20210112162157689	  137  181   -258    -80    555
20210112162157822	  136  181   -259    -81    554
20210112162157922	  137  181   -258    -80    555
20210112162158022	  137  181   -259    -81    556
20210112162158156	  138  180   -256    -82    556
20210112162158356	  135  179   -260    -83    555
20210112162158456	  137  180   -258    -82    556
20210112162158589	  136  180   -259    -82    555
20210112162158689	  135  179   -261    -83    555
20210112162158789	  136  180   -259    -82    555
20210112162159023	  136  179   -259    -83    556
20210112162159223	  137  181   -259    -81    556
20210112162159356	  135  179   -260    -83    554
20210112162159456	  133  179   -263    -83    555
20210112162159556	  136  180   -260    -82    556
20210112162159656	  133  179   -263    -83    554
20210112162159789	  137  180   -259    -82    556
20210112162159889	  136  179   -259    -83    556
20210112162159989	  134  180   -262    -82    555
20210112162200123	  136  179   -259    -83    556
20210112162200223	  134  180   -262    -82    555
20210112162200323	  136  176   -260    -88    558
20210112162200423	  135  179   -261    -83    555
20210112162200556	  138  182   -256    -79    556
20210112162200656	  145  196   -246    -59    556
20210112162200756	  146  197   -245    -57    555
20210112162200856	  150  205   -240    -46    557
20210112162200990	  160  214   -227    -33    560
20210112162201090	  164  219   -221    -26    560
20210112162201190	  171  228   -211    -12    561
20210112162201290	  177  233   -203     -5    563
20210112162201423	  191  246   -185     13    570
20210112162201523	  197  251   -176     21    570
20210112162201623	  205  256   -166     29    578
20210112162201757	  215  266   -152     44    581
20210112162201857	  225  272   -138     54    586
20210112162201957	  236  278   -123     64    593
20210112162202057	  244  283   -111     72    596
20210112162202190	  254  288    -96     81    604
20210112162202290	  267  291    -76     87    611
20210112162202390	  273  294    -67     93    616
20210112162202490	  272  295    -69     94    615
20210112162202623	  273  293    -67     91    616
20210112162202723	  275  294    -64     93    618
20210112162202823	  276  294    -63     93    620
20210112162202957	  277  296    -61     96    619
20210112162203057	  277  295    -61     95    621
20210112162203157	  279  295    -58     95    621
20210112162203257	  280  296    -56     96    621
20210112162203390	  278  295    -60     95    623
20210112162203490	  282  296    -53     97    623
20210112162203590	  280  296    -57     97    621
20210112162203690	  281  296    -55     97    623
20210112162203824	  284  298    -50    101    625
20210112162203924	  282  295    -54     95    625
20210112162204024	  284  296    -50     97    627
20210112162204157	  282  297    -53     98    621
20210112162204257	  276  294    -63     92    616
20210112162204357	  265  290    -79     85    608
20210112162204457	  260  288    -87     81    605
20210112162204591	  252  286    -98     77    597
20210112162204691	  241  281   -115     69    593
20210112162204791	  237  279   -121     65    592
20210112162204891	  228  274   -134     57    587
20210112162205024	  215  266   -151     44    579
20210112162205124	  208  261   -161     36    576
20210112162205224	  200  255   -172     27    571
20210112162205357	  189  247   -187     15    567
20210112162205457	  184  238   -194      1    566
20210112162205557	  174  232   -207     -7    562
20210112162205691	  167  221   -216    -23    559
20210112162205791	  160  213   -226    -34    558
20210112162205891	  153  205   -236    -46    558
20210112162206024	  147  199   -244    -55    556
20210112162206124	  148  199   -242    -55    557
20210112162206224	  145  197   -246    -57    554
20210112162206324	  145  195   -246    -60    556
20210112162206458	  144  193   -248    -63    555
20210112162206558	  145  195   -247    -61    557
20210112162206658	  143  191   -249    -66    556
20210112162206791	  143  192   -250    -65    557
20210112162206891	  139  191   -255    -66    555
20210112162207025	  141  189   -252    -69    556
20210112162207125	  138  189   -255    -69    554
20210112162207225	  142  190   -252    -68    558
20210112162207358	  140  187   -253    -72    555
20210112162207458	  140  188   -253    -71    555
20210112162207558	  140  186   -253    -73    555
20210112162207658	  140  187   -255    -72    557
20210112162207791	  139  186   -256    -73    557
20210112162207891	  139  186   -255    -73    555
20210112162207991	  141  185   -253    -75    558
20210112162208091	  140  186   -253    -73    555
20210112162208225	  137  184   -258    -76    556
20210112162208325	  136  185   -259    -75    554
20210112162208458	  138  185   -257    -75    556
20210112162208558	  136  185   -259    -75    555
20210112162208658	  137  184   -259    -76    556
20210112162208792	  138  183   -256    -78    554
20210112162208892	  138  183   -256    -78    556
20210112162209025	  138  183   -256    -78    556
20210112162209125	  139  183   -256    -78    557
20210112162209225	  135  183   -260    -78    554
20210112162209358	  135  183   -260    -78    554
20210112162209458	  138  183   -256    -78    555
20210112162209592	  135  180   -260    -82    555
20210112162209692	  136  182   -259    -79    555
20210112162209792	  136  182   -259    -79    554
20210112162209925	  135  181   -260    -81    555
20210112162210125	  134  181   -261    -80    554
20210112162210259	  133  180   -263    -82    554
20210112162210359	  137  181   -258    -81    556
20210112162210592	  133  180   -263    -82    554
20210112162210692	  136  181   -259    -80    555
20210112162210826	  136  180   -259    -82    556
20210112162210926	  135  179   -261    -84    556
20210112162211059	  136  181   -259    -81    556
20210112162211292	  137  180   -259    -82    557
20210112162211426	  136  181   -260    -81    556
20210112162211526	  135  179   -261    -83    555
20210112162211659	  135  180   -261    -82    556
20210112162211759	  135  179   -261    -84    556
20210112162211859	  134  180   -262    -82    555
20210112162211992	  136  179   -259    -84    557
20210112162212092	  136  179   -260    -84    556
20210112162212459	  133  179   -263    -84    556
20210112162212559	  136  179   -260    -84    556
20210112162212693	  136  179   -260    -84    557
20210112162212826	  136  178   -259    -85    557
20210112162212959	  135  178   -261    -85    556
20210112162213193	  134  178   -262    -85    556
20210112162213326	  132  178   -265    -85    556
20210112162213459	  136  178   -260    -85    558
20210112162213560	  135  178   -261    -85    557
20210112162213793	  133  179   -263    -84    556
20210112162213893	  136  176   -260    -88    558
20210112162213993	  133  179   -263    -84    555
20210112162214126	  135  177   -261    -87    557
20210112162214260	  135  178   -261    -85    557
20210112162214360	  136  176   -260    -88    558
20210112162214493	  135  177   -261    -87    557
20210112162214626	  135  178   -261    -85    556
20210112162214760	  134  177   -263    -87    557
20210112162214860	  131  176   -267    -88    556
20210112162214993	  133  177   -264    -87    557
20210112162215093	  133  176   -264    -88    557
20210112162215227	  133  177   -264    -87    557
20210112162215360	  133  178   -264    -85    557
20210112162215493	  133  177   -263    -87    556
20210112162215593	  132  175   -266    -90    557
20210112162215727	  132  177   -265    -87    556
20210112162215860	  131  177   -267    -87    557
20210112162215993	  131  176   -267    -88    557
20210112162216093	  131  176   -266    -88    556
20210112162216227	  131  176   -266    -88    556
20210112162216360	  134  176   -263    -88    557
20210112162216460	  133  176   -264    -88    557
20210112162216594	  134  176   -262    -88    556
20210112162216727	  141  190   -253    -68    557
20210112162216860	  142  194   -251    -62    557
20210112162216960	  151  203   -238    -49    556
20210112162217094	  158  213   -229    -34    559
20210112162217227	  165  221   -219    -23    560
20210112162217360	  176  231   -204     -8    563
20210112162217494	  186  242   -192      7    569
20210112162217594	  191  248   -185     16    570
20210112162217727	  203  256   -169     29    576
20210112162217861	  213  266   -155     44    581
20210112162217961	  221  270   -144     51    584
20210112162218094	  237  278   -121     64    592
20210112162218227	  248  284   -105     74    600
20210112162218361	  260  289    -87     83    606
20210112162218461	  270  292    -72     89    615
20210112162218594	  269  292    -74     89    614
20210112162218727	  272  294    -69     92    614
20210112162218861	  272  294    -69     93    617
20210112162218961	  273  294    -67     92    615
20210112162219094	  273  295    -67     94    617
20210112162219228	  277  296    -61     96    619
20210112162219361	  276  295    -63     95    619
20210112162219494	  278  295    -60     95    619
20210112162219594	  280  295    -57     95    622
20210112162219728	  278  297    -60     98    621
20210112162219861	  279  296    -58     96    621
20210112162219994	  280  297    -57     98    621
20210112162220094	  281  296    -55     97    621
20210112162220228	  280  293    -57     92    624
20210112162220361	  270  293    -72     90    612
20210112162220628	  253  286    -97     77    599
20210112162220728	  243  282   -112     70    593
20210112162220861	  232  277   -128     62    590
20210112162220995	  224  271   -138     52    582
20210112162221128	  210  264   -158     41    577
20210112162221228	  204  258   -166     32    573
20210112162221361	  194  251   -180     21    568
20210112162221495	  185  239   -192      3    565
20210112162221628	  172  231   -209     -8    560
20210112162221761	  164  221   -220    -23    558
20210112162221861	  157  213   -230    -34    557
20210112162221995	  148  202   -242    -50    556
20210112162222128	  143  197   -249    -57    554
20210112162222262	  144  195   -247    -60    554
20210112162222362	  144  194   -248    -62    556
20210112162222495	  140  192   -253    -65    555
20210112162222628	  141  190   -253    -68    557
20210112162222762	  140  188   -253    -71    555
20210112162222895	  142  186   -251    -73    557
20210112162222995	  139  186   -254    -73    554
20210112162223128	  138  187   -256    -72    554
20210112162223262	  138  186   -256    -73    555
20210112162223362	  137  185   -258    -75    556
20210112162223495	  138  185   -256    -75    554
20210112162223629	  136  185   -259    -75    555
20210112162223762	  137  184   -257    -76    555
20210112162223862	  136  184   -258    -76    554
20210112162223995	  135  184   -260    -76    554
20210112162224129	  137  182   -258    -79    556
20210112162224262	  135  183   -259    -77    553
20210112162224495	  136  181   -258    -80    554
20210112162224629	  136  181   -259    -81    555
20210112162224762	  136  180   -259    -82    556
20210112162224862	  136  181   -259    -81    555
20210112162224996	  137  181   -258    -81    556
20210112162225129	  136  180   -259    -82    555
20210112162225262	  135  179   -260    -83    555
20210112162225362	  136  180   -260    -82    556
20210112162225496	  135  180   -261    -82    556
20210112162225629	  136  180   -260    -83    557
20210112162225763	  133  179   -263    -83    555
20210112162225896	  136  179   -260    -84    556
20210112162225996	  133  179   -263    -84    555
20210112162226263	  136  179   -260    -84    556
20210112162226396	  132  178   -265    -85    555
20210112162226529	  137  178   -259    -85    558
20210112162226629	  132  178   -265    -85    556
20210112162226763	  133  176   -264    -88    557
20210112162226896	  134  178   -262    -86    556
20210112162226996	  137  179   -259    -84    558
20210112162227130	  132  177   -265    -86    555
20210112162227263	  135  177   -261    -87    557
20210112162227396	  134  176   -263    -88    558
20210112162227496	  132  177   -265    -87    557
20210112162227630	  132  177   -265    -87    557
20210112162227763	  135  177   -261    -87    557
20210112162227896	  134  175   -262    -90    556
20210112162227996	  136  179   -260    -84    558
20210112162228130	  131  175   -266    -89    555
20210112162228263	  132  177   -265    -87    557
20210112162228397	  136  177   -260    -87    558
20210112162228497	  134  176   -263    -88    558
20210112162228630	  135  177   -261    -87    557
20210112162228763	  133  175   -264    -90    557
20210112162228897	  133  177   -264    -87    557
20210112162228997	  131  175   -266    -89    555
20210112162229130	  135  178   -261    -85    557
20210112162229263	  131  175   -266    -89    554
20210112162229397	  134  176   -263    -88    558
20210112162229497	  131  176   -267    -88    557
20210112162229630	  133  175   -264    -89    556
20210112162229830	  133  175   -264    -90    557
20210112162229930	  132  175   -265    -89    556
20210112162230064	  132  176   -265    -88    556
20210112162230197	  130  174   -268    -91    555
20210112162230330	  131  175   -266    -89    554
20210112162230464	  132  177   -266    -87    558
20210112162230697	  133  176   -264    -88    557
20210112162230831	  134  173   -262    -92    556
20210112162230931	  133  176   -264    -88    557
20210112162231064	  133  174   -264    -91    556
20210112162231197	  130  174   -267    -90    554
20210112162231331	  130  174   -267    -91    555
20210112162231431	  133  174   -263    -91    556
20210112162231564	  134  175   -263    -90    558
20210112162231831	  133  175   -264    -90    557
20210112162231931	  133  173   -263    -92    555
20210112162232064	  132  174   -266    -91    557
20210112162232198	  133  174   -264    -91    556
20210112162232298	  134  172   -263    -94    557
20210112162232431	  134  175   -263    -90    559
20210112162232564	  131  173   -266    -92    556
20210112162232698	  133  175   -264    -90    557
20210112162232798	  141  189   -253    -69    558
20210112162232931	  143  191   -250    -66    557
20210112162233064	  151  203   -238    -49    557
20210112162233164	  155  210   -234    -39    559
20210112162233298	  159  217   -228    -29    559
20210112162233431	  173  228   -209    -13    563
20210112162233565	  183  239   -196      3    567
20210112162233698	  190  248   -186     16    569
20210112162233798	  201  254   -172     26    576
20210112162233931	  213  264   -155     41    582
20210112162234065	  224  271   -139     52    584
20210112162234198	  238  279   -119     65    592
20210112162234298	  247  284   -106     74    598
20210112162234431	  260  288    -87     81    606
20210112162234565	  265  294    -79     91    607
20210112162234698	  267  290    -76     85    609
20210112162234798	  269  291    -74     87    615
20210112162234932	  271  291    -71     88    616
20210112162235065	  272  292    -69     89    616
20210112162235198	  272  295    -69     94    616
20210112162235298	  273  294    -68     93    618
20210112162235432	  276  295    -63     94    616
20210112162235565	  277  296    -61     96    620
20210112162235665	  276  296    -63     96    619
20210112162235832	  278  296    -60     96    619
20210112162235932	  279  295    -58     95    622
20210112162236065	  279  295    -58     95    621
20210112162236198	  280  297    -56     98    620
20210112162236332	  275  294    -65     93    620
20210112162236432	  268  291    -74     86    608
20210112162236565	  258  289    -90     83    605
20210112162236699	  252  286    -98     77    598
20210112162236832	  239  279   -117     65    590
20210112162236932	  230  277   -131     62    590
20210112162237065	  221  271   -143     52    581
20210112162237199	  211  262   -157     38    578
20210112162237332	  199  254   -173     25    571
20210112162237432	  192  248   -182     16    567
20210112162237565	  181  239   -197      3    563
20210112162237699	  171  229   -210    -11    559
20210112162237832	  162  219   -224    -26    560
20210112162237932	  156  212   -232    -36    558
20210112162238066	  147  201   -243    -52    556
20210112162238199	  146  195   -245    -60    556
20210112162238332	  142  194   -251    -62    557
20210112162238432	  143  192   -250    -65    556
20210112162238566	  140  190   -254    -68    556
20210112162238699	  140  189   -253    -69    555
20210112162238832	  140  188   -253    -71    556
20210112162238932	  139  187   -255    -72    556
20210112162239066	  136  186   -258    -73    554
20210112162239199	  135  184   -260    -76    555
20210112162239333	  138  185   -257    -75    556
20210112162239433	  138  183   -257    -78    556
20210112162239566	  135  184   -261    -76    556
20210112162239699	  137  182   -258    -79    555
20210112162239833	  136  182   -259    -79    556
20210112162239933	  135  183   -260    -78    554
20210112162240066	  137  181   -258    -81    556
20210112162240199	  137  181   -259    -81    556
20210112162240333	  135  180   -260    -82    555
20210112162240466	  136  181   -260    -81    556
20210112162240600	  136  180   -260    -82    557
20210112162240700	  135  180   -261    -82    557
20210112162240833	  133  180   -263    -82    555
20210112162241100	  136  180   -260    -83    557
20210112162241200	  136  179   -260    -84    557
20210112162241333	  134  180   -263    -82    557
20210112162241466	  135  178   -261    -85    556
20210112162241600	  134  178   -263    -85    557
20210112162241700	  133  178   -264    -85    557
20210112162241933	  135  179   -262    -84    558
20210112162242033	  134  177   -263    -87    557
20210112162242167	  136  176   -261    -89    559
20210112162242300	  131  177   -266    -87    556
20210112162242400	  134  177   -263    -87    558
20210112162242533	  136  176   -261    -89    559
20210112162242667	  134  176   -263    -88    558
20210112162242800	  134  177   -263    -87    558
20210112162242900	  134  177   -263    -87    558
20210112162243034	  133  176   -265    -88    558
20210112162243167	  132  177   -266    -87    557
20210112162243300	  132  177   -266    -87    558
20210112162243434	  131  176   -266    -88    555
20210112162243567	  132  177   -266    -87    557
20210112162243667	  135  175   -262    -90    558
20210112162243800	  133  177   -264    -87    557
20210112162243934	  134  175   -263    -90    557
20210112162244067	  134  175   -262    -90    557
20210112162244167	  134  175   -263    -90    558
20210112162244301	  134  175   -262    -89    556
20210112162244367	  131  176   -267    -88    555
20210112162244471	  133  174   -265    -91    558
20210112162244570	  135  174   -262    -91    558
20210112162244702	  131  175   -267    -89    556
20210112162244834	  134  175   -262    -90    556
20210112162244966	  134  174   -263    -91    557
20210112162245098	  135  174   -262    -91    559
20210112162245230	  130  174   -268    -91    556
20210112162245363	  132  174   -265    -91    556
20210112162245473	  131  175   -267    -90    557
20210112162245656	  132  174   -265    -91    557
20210112162245766	  134  174   -262    -91    556
20210112162245914	  132  173   -266    -93    557
20210112162246209	  133  173   -264    -93    557
20210112162246501	  132  173   -265    -93    557
20210112162246601	  133  173   -264    -93    557
20210112162246768	  130  174   -268    -91    557
20210112162246868	  133  173   -264    -93    557
20210112162247001	  133  173   -264    -93    557
20210112162247135	  133  174   -265    -91    558
20210112162247268	  132  172   -265    -94    556
20210112162247401	  132  174   -266    -91    557
20210112162247535	  131  172   -266    -94    555
20210112162247668	  131  174   -266    -91    556
20210112162247935	  132  173   -265    -92    556
20210112162248068	  131  172   -267    -94    556
20210112162248168	  129  172   -269    -94    556
20210112162248335	  131  172   -267    -94    556
20210112162248435	  129  171   -269    -95    555
20210112162248602	  130  171   -267    -95    555
20210112162248702	  131  172   -266    -94    555
20210112162248835	  136  180   -260    -82    557
20210112162248968	  144  191   -249    -66    559
20210112162249135	  145  198   -246    -56    556
20210112162249235	  156  208   -233    -42    562
20210112162249402	  161  217   -225    -29    559
20210112162249502	  171  227   -212    -14    564
20210112162249669	  183  239   -195      3    566
20210112162249769	  189  245   -187     12    569
20210112162249902	  201  254   -171     26    575
20210112162250069	  213  265   -155     43    581
20210112162250202	  228  273   -134     56    589
20210112162250335	  241  281   -115     69    593
20210112162250469	  248  287   -106     80    605
20210112162250602	  264  290    -81     85    609
20210112162250736	  266  290    -78     85    610
20210112162250869	  268  291    -75     87    613
20210112162251002	  271  291    -71     88    618
20210112162251136	  270  292    -72     89    615
20210112162251269	  269  296    -74     96    617
20210112162251402	  274  294    -66     93    617
20210112162251536	  273  294    -67     92    616
20210112162251669	  275  294    -64     93    617
20210112162251802	  276  294    -63     93    619
20210112162251969	  275  296    -65     96    619
20210112162252103	  279  295    -58     95    621
20210112162252236	  278  296    -60     96    618
20210112162252369	  279  296    -58     96    619
20210112162252536	  266  290    -78     85    608
20210112162252669	  257  287    -91     79    602
20210112162252803	  250  285   -102     76    598
20210112162252936	  237  278   -121     64    591
20210112162253069	  225  272   -138     54    585
20210112162253236	  213  265   -154     42    578
20210112162253370	  203  257   -168     30    573
20210112162253503	  193  249   -181     18    568
20210112162253636	  184  238   -194      1    567
20210112162253770	  171  230   -211    -10    561
20210112162253936	  161  217   -225    -29    559
20210112162254070	  152  207   -236    -43    555
20210112162254203	  142  197   -250    -57    555
20210112162254336	  143  193   -250    -63    557
20210112162254503	  142  190   -251    -68    557
20210112162254637	  139  188   -254    -70    554
20210112162254770	  137  188   -257    -70    555
20210112162254903	  136  186   -259    -73    555
20210112162255070	  136  185   -258    -75    554
20210112162255203	  139  182   -256    -80    558
20210112162255337	  138  183   -256    -78    555
20210112162255470	  138  183   -256    -78    556
20210112162255770	  137  181   -258    -81    556
20210112162255904	  137  181   -258    -81    556
20210112162256037	  135  181   -260    -81    555
20210112162256170	  135  179   -261    -83    556
20210112162256304	  135  179   -261    -83    556
20210112162256470	  135  179   -261    -84    557
20210112162256604	  133  178   -263    -85    554
20210112162256870	  134  177   -262    -87    556
20210112162257004	  132  178   -265    -85    556
20210112162257170	  133  178   -264    -85    556
20210112162257304	  135  177   -261    -87    557
20210112162257437	  134  177   -263    -87    557
20210112162257571	  134  176   -263    -88    557
20210112162257871	  133  176   -264    -88    557
20210112162258004	  132  176   -265    -88    555
20210112162258137	  133  175   -264    -90    556
20210112162258304	  132  176   -265    -88    557
20210112162258437	  134  175   -263    -90    558
20210112162258571	  133  175   -264    -90    557
20210112162258704	  134  175   -263    -90    557
20210112162258838	  133  175   -264    -90    557
20210112162259004	  133  174   -263    -91    556
20210112162259138	  134  175   -262    -90    556
20210112162259271	  133  175   -264    -90    556
20210112162259538	  131  176   -267    -88    558
20210112162259704	  131  174   -266    -91    555
20210112162259838	  130  174   -268    -91    556
20210112162300105	  132  174   -265    -91    557
20210112162300271	  132  173   -265    -92    556
20210112162300405	  132  173   -265    -92    556
20210112162300538	  132  173   -265    -92    556
20210112162300671	  131  175   -267    -90    556
20210112162300805	  133  173   -264    -93    557
20210112162300971	  130  173   -268    -92    556
20210112162301105	  130  173   -268    -92    555
20210112162301238	  133  174   -263    -91    556
20210112162301371	  132  173   -265    -92    556
20210112162301538	  130  174   -268    -91    556
20210112162301672	  130  173   -267    -92    555
20210112162301805	  130  173   -267    -92    554
20210112162301938	  130  173   -268    -92    555
20210112162302105	  133  173   -264    -92    556
20210112162302238	  134  172   -263    -94    558
20210112162302505	  130  173   -268    -92    557
20210112162302638	  131  171   -266    -95    555
20210112162302805	  130  173   -268    -92    556
20210112162302939	  129  172   -268    -94    553
20210112162303205	  131  171   -266    -95    555
20210112162303339	  130  173   -268    -93    557
20210112162303472	  132  172   -265    -94    556
20210112162303639	  132  172   -265    -94    557
20210112162303772	  130  171   -267    -95    554
20210112162303905	  130  170   -268    -97    555
20210112162304206	  132  171   -266    -96    557
20210112162304339	  132  171   -265    -95    556
20210112162304472	  130  171   -268    -95    556
20210112162304606	  130  171   -267    -95    555
20210112162304739	  130  170   -268    -97    555
20210112162304906	  133  177   -264    -87    557
20210112162305039	  141  187   -252    -72    556
20210112162305172	  145  194   -246    -62    556
20210112162305306	  151  204   -238    -47    557
20210112162305473	  162  214   -225    -33    563
20210112162305606	  169  225   -214    -17    560
20210112162305739	  180  237   -200      0    567
20210112162305873	  189  245   -187     12    569
20210112162306039	  203  257   -169     30    577
20210112162306173	  214  264   -153     41    580
20210112162306306	  227  273   -135     56    588
20210112162306439	  239  280   -118     67    592
20210112162306606	  252  287   -100     80    605
20210112162306739	  266  290    -78     85    611
20210112162306873	  263  292    -82     88    606
20210112162307006	  268  291    -75     87    611
20210112162307173	  270  295    -72     94    616
20210112162307306	  270  292    -72     89    614
20210112162307440	  271  292    -71     89    617
20210112162307573	  273  296    -67     95    614
20210112162307740	  274  294    -66     93    618
20210112162307873	  275  292    -64     90    619
20210112162308006	  274  293    -66     91    618
20210112162308140	  275  293    -65     91    619
20210112162308273	  278  296    -60     96    618
20210112162308440	  278  295    -60     95    621
20210112162308573	  269  293    -73     90    612
20210112162308707	  260  288    -87     81    606
20210112162308840	  252  286    -98     77    598
20210112162309007	  237  279   -121     65    591
20210112162309140	  227  273   -135     56    587
20210112162309273	  216  267   -150     46    580
20210112162309407	  206  259   -164     33    576
20210112162309574	  193  250   -181     19    568
20210112162309707	  182  240   -196      4    564
20210112162309840	  173  230   -208    -10    562
20210112162309974	  164  221   -220    -23    559
20210112162310107	  154  210   -234    -39    558
20210112162310274	  145  197   -246    -57    555
20210112162310407	  142  192   -251    -65    557
20210112162310540	  143  191   -250    -66    557
20210112162310674	  140  187   -254    -72    556
20210112162310807	  137  187   -257    -72    554
20210112162310974	  139  185   -256    -75    557
20210112162311107	  137  184   -258    -76    556
20210112162311241	  138  183   -256    -78    556
20210112162311374	  135  183   -260    -78    553
20210112162311541	  134  181   -262    -81    555
20210112162311807	  133  180   -263    -82    554
20210112162311941	  136  181   -259    -81    556
20210112162312108	  134  180   -263    -82    557
20210112162312241	  135  179   -261    -84    556
20210112162312374	  135  178   -261    -85    557
20210112162312508	  132  178   -265    -85    556
20210112162312641	  134  178   -262    -85    556
20210112162312774	  133  178   -264    -85    556
20210112162312941	  132  178   -265    -85    556
20210112162313074	  135  177   -262    -87    558
20210112162313208	  135  177   -261    -87    557
20210112162313341	  135  177   -262    -87    559
20210112162313508	  134  176   -263    -88    559
20210112162313641	  135  177   -262    -87    558
20210112162313775	  133  175   -265    -90    558
20210112162313908	  131  175   -266    -89    556
20210112162314041	  133  175   -264    -90    557
20210112162314208	  130  175   -268    -89    556
20210112162314341	  130  175   -268    -90    557
20210112162314475	  133  174   -265    -91    558
20210112162314608	  132  174   -265    -91    556
20210112162314742	  131  175   -267    -90    557
20210112162314908	  132  175   -266    -90    557
20210112162315042	  133  175   -265    -90    558
20210112162315308	  132  173   -265    -92    556
20210112162315475	  131  173   -267    -92    556
20210112162315608	  131  173   -267    -93    557
20210112162315742	  133  174   -264    -91    557
20210112162315875	  132  173   -265    -92    557
20210112162316009	  134  174   -264    -91    559
20210112162316175	  131  173   -267    -93    557
20210112162316309	  131  173   -267    -92    557
20210112162316442	  129  173   -270    -93    557
20210112162316575	  130  172   -268    -94    556
20210112162316709	  131  173   -266    -92    555
20210112162316875	  131  172   -267    -94    556
20210112162317009	  134  175   -263    -90    558
20210112162317142	  132  172   -266    -94    557
20210112162317276	  133  173   -264    -93    558
20210112162317409	  131  172   -267    -94    556
20210112162317576	  131  171   -266    -95    556
20210112162317709	  131  172   -267    -94    557
20210112162317842	  131  172   -267    -94    557
20210112162317976	  131  172   -266    -94    555
20210112162318142	  128  171   -271    -95    556
20210112162318276	  130  170   -267    -97    555
20210112162318409	  133  172   -265    -94    559
20210112162318543	  132  171   -265    -95    556
20210112162318709	  129  171   -269    -95    555
20210112162318843	  130  170   -268    -97    556
20210112162318976	  131  172   -266    -94    555
20210112162319109	  130  171   -268    -95    555
20210112162319243	  130  170   -268    -97    556
20210112162319409	  132  171   -265    -95    556
20210112162319543	  130  170   -269    -97    557
20210112162319676	  131  171   -267    -95    557
20210112162319810	  129  170   -269    -97    556
20210112162319976	  131  170   -267    -97    557
20210112162320110	  130  171   -268    -95    556
20210112162320243	  130  172   -269    -94    557
20210112162320376	  133  170   -264    -97    558
20210112162320576	  129  169   -270    -98    556
20210112162320710	  131  171   -266    -95    556
20210112162320843	  130  169   -268    -98    556
20210112162320976	  131  173   -267    -93    557
20210112162321277	  145  197   -246    -57    555
20210112162321443	  153  207   -236    -43    558
20210112162321577	  160  215   -226    -32    560
20210112162321710	  171  227   -211    -14    562
20210112162321843	  180  237   -200      0    566
20210112162321977	  190  245   -186     12    570
20210112162322143	  202  257   -170     30    574
20210112162322277	  214  264   -154     41    581
20210112162322410	  230  274   -131     57    591
20210112162322577	  244  282   -111     71    597
20210112162322710	  257  286    -91     78    604
20210112162322844	  262  292    -84     88    608
20210112162323644	  271  293    -71     91    617
20210112162323911	  271  294    -71     93    618
20210112162324077	  272  294    -69     92    615
20210112162324244	  274  295    -66     95    620
20210112162324377	  276  294    -63     93    618
20210112162324511	  278  296    -60     96    619
20210112162324677	  266  291    -78     87    610
20210112162324811	  257  287    -91     79    602
20210112162324944	  250  285   -102     76    598
20210112162325078	  237  279   -121     65    592
20210112162325244	  225  272   -138     54    584
20210112162325378	  215  265   -152     43    581
20210112162325511	  204  258   -166     31    572
20210112162325644	  193  250   -181     19    569
20210112162325811	  180  238   -199      1    563
20210112162325944	  173  227   -209    -14    562
20210112162326111	  160  215   -226    -32    559
20210112162326244	  150  204   -239    -47    555
20210112162326411	  140  193   -254    -63    556
20210112162326545	  143  192   -250    -65    557
20210112162326711	  139  188   -256    -71    557
20210112162326845	  138  186   -257    -74    556
20210112162327111	  136  185   -259    -75    555
20210112162327278	  136  182   -259    -79    555
20210112162327411	  136  180   -259    -82    555
20210112162327545	  136  180   -260    -82    556
20210112162327711	  132  179   -264    -83    553
20210112162327845	  132  179   -265    -84    557
20210112162327978	  135  178   -261    -85    555
20210112162328112	  135  178   -261    -85    557
20210112162328278	  131  177   -267    -87    556
20210112162328545	  133  178   -264    -85    556
20210112162328712	  135  177   -261    -87    557
20210112162328845	  132  177   -265    -87    556
20210112162329012	  134  176   -262    -88    556
20210112162329145	  131  176   -266    -88    555
20210112162329312	  131  175   -266    -89    555
20210112162329445	  135  176   -262    -88    558
20210112162329745	  133  174   -264    -91    556
20210112162329879	  133  174   -264    -91    556
20210112162330012	  132  174   -265    -91    556
20210112162330179	  131  174   -266    -91    556
20210112162330312	  132  173   -266    -93    557
20210112162330479	  130  173   -267    -92    554
20210112162330612	  130  174   -267    -91    555
20210112162330746	  131  173   -266    -92    555
20210112162330912	  129  173   -269    -92    555
20210112162331046	  131  173   -266    -92    555
20210112162331346	  131  172   -266    -94    555
20210112162331512	  134  172   -263    -94    558
20210112162331646	  129  172   -269    -94    554
20210112162331779	  131  172   -267    -94    555
20210112162331946	  133  172   -264    -94    557
20210112162332079	  130  173   -268    -92    556
20210112162332246	  132  174   -265    -91    556
20210112162332413	  130  170   -268    -97    556
20210112162332546	  131  172   -267    -94    556
20210112162332679	  133  171   -264    -95    557
20210112162332979	  129  171   -269    -95    554
20210112162333146	  132  171   -266    -96    557
20210112162333279	  130  172   -267    -93    555
20210112162333446	  133  171   -265    -96    559
20210112162333613	  131  171   -266    -95    555
20210112162333746	  129  171   -269    -95    555
20210112162333913	  131  170   -267    -97    557
20210112162334080	  131  171   -266    -95    556
20210112162334246	  129  172   -269    -94    555
20210112162334380	  128  170   -270    -97    555
20210112162334546	  131  170   -266    -97    556
20210112162334713	  132  171   -266    -96    558
20210112162334847	  129  170   -269    -97    555
20210112162335013	  130  169   -268    -98    555
20210112162335147	  131  170   -267    -97    557
20210112162335313	  128  169   -270    -98    554
20210112162335480	  132  168   -266   -100    559
20210112162335613	  131  170   -266    -97    555
20210112162335780	  129  170   -270    -97    556
20210112162335947	  129  169   -269    -98    555
20210112162336080	  130  168   -268   -100    556
20210112162336247	  130  170   -268    -97    557
20210112162336380	  130  169   -268    -98    557
20210112162336547	  129  169   -269    -98    556
20210112162336714	  130  169   -268    -98    557
20210112162336847	  131  169   -267    -98    557
20210112162337014	  131  170   -267    -97    557
20210112162337180	  139  185   -256    -75    558
20210112162337347	  144  193   -248    -63    557
20210112162337481	  146  200   -245    -53    557
20210112162337647	  160  213   -227    -34    560
20210112162337814	  171  226   -212    -15    563
20210112162337947	  180  237   -199      0    565
20210112162338114	  194  250   -180     19    570
20210112162338247	  204  256   -167     29    576
20210112162338414	  220  267   -145     46    584
20210112162338547	  233  276   -127     61    591
20210112162338714	  250  285   -101     75    597
20210112162338881	  263  289    -83     83    608
20210112162339048	  262  290    -84     85    606
20210112162339181	  266  291    -78     87    611
20210112162339348	  268  292    -75     89    613
20210112162339514	  269  294    -74     92    614
20210112162339681	  271  293    -71     91    615
20210112162339814	  269  295    -74     94    616
20210112162339981	  274  294    -66     93    616
20210112162340148	  273  295    -67     94    615
20210112162340281	  273  293    -68     91    618
20210112162340448	  273  294    -68     93    618
20210112162340615	  275  293    -65     92    621
20210112162340748	  267  291    -76     87    611
20210112162340915	  251  287   -101     79    602
20210112162341081	  243  282   -112     70    594
20210112162341215	  231  274   -130     57    590
20210112162341448	  214  266   -153     44    580
20210112162341615	  200  256   -172     28    572
20210112162341748	  190  247   -185     15    567
20210112162341915	  178  235   -201     -2    562
20210112162342082	  167  221   -217    -23    561
20210112162342215	  156  212   -231    -36    556
20210112162342382	  144  198   -247    -56    554
20210112162342715	  140  188   -253    -71    555
20210112162342849	  140  184   -254    -76    557
20210112162343015	  138  184   -257    -76    557
20210112162343182	  137  182   -257    -79    554
20210112162343315	  135  180   -261    -82    556
20210112162343482	  135  180   -261    -82    556
20210112162343649	  132  179   -265    -84    555
20210112162343782	  134  179   -262    -84    556
20210112162343949	  134  178   -262    -85    556
20210112162344116	  134  177   -262    -87    556
20210112162344249	  134  176   -263    -88    558
20210112162344416	  134  177   -263    -87    558
20210112162344582	  134  176   -263    -88    557
20210112162344749	  134  176   -263    -88    558
20210112162344882	  134  175   -262    -90    556
20210112162345049	  134  175   -263    -90    557
20210112162345216	  131  176   -266    -88    555
20210112162345383	  130  174   -268    -91    556
20210112162345683	  131  174   -267    -91    556
20210112162345849	  133  175   -264    -90    557
20210112162345983	  131  172   -267    -94    557
20210112162346149	  135  175   -262    -90    558
20210112162346316	  132  173   -265    -92    556
20210112162346450	  132  172   -265    -94    555
20210112162346616	  133  174   -264    -91    556
20210112162346783	  131  172   -266    -94    555
20210112162346950	  133  172   -263    -94    556
20210112162347083	  131  174   -267    -91    556
20210112162347250	  131  171   -266    -95    556
20210112162347416	  129  172   -269    -94    554
20210112162347550	  132  172   -265    -94    556
20210112162347717	  133  172   -263    -94    557
20210112162347883	  131  171   -266    -95    556
20210112162348050	  129  171   -269    -95    555
20210112162348183	  128  171   -271    -95    555
20210112162348350	  129  170   -269    -97    555
20210112162348517	  131  170   -266    -97    556
20210112162348650	  130  171   -268    -95    556
20210112162348817	  131  170   -267    -97    558
20210112162348983	  131  170   -267    -97    557
20210112162349117	  131  170   -267    -97    557
20210112162349284	  130  170   -268    -97    557
20210112162349450	  131  170   -267    -97    557
20210112162349617	  128  170   -271    -97    556
20210112162349750	  129  171   -269    -95    556
20210112162349917	  131  169   -267    -99    558
20210112162350084	  130  171   -267    -95    555
20210112162350217	  131  170   -267    -97    558
20210112162350384	  129  170   -269    -97    556
20210112162350550	  128  170   -270    -97    555
20210112162350684	  132  171   -266    -96    559
20210112162350851	  129  170   -270    -97    557
20210112162351017	  131  170   -268    -97    559
20210112162351184	  128  169   -271    -98    556
20210112162351317	  130  169   -269    -98    558
20210112162351484	  130  169   -269    -98    558
20210112162351651	  132  170   -266    -97    559
20210112162351784	  130  168   -269   -100    558
20210112162351951	  130  169   -268    -98    557
20210112162352118	  130  169   -269    -99    559
20210112162352284	  129  168   -270   -100    557
20210112162352418	  127  168   -272   -100    556
20210112162352584	  130  168   -269   -100    557
20210112162352751	  129  167   -270   -101    557
20210112162352884	  128  169   -271    -98    557
20210112162353051	  129  168   -270   -100    557
20210112162353218	  139  182   -256    -80    559
20210112162353351	  138  187   -256    -72    555
20210112162353518	  147  198   -244    -56    557
20210112162353651	  156  208   -232    -42    560
20210112162353818	  163  222   -222    -21    561
20210112162353985	  177  234   -204     -4    565
20210112162354151	  191  247   -185     15    570
20210112162354285	  203  256   -169     29    576
20210112162354451	  214  265   -153     43    580
20210112162354618	  229  275   -133     59    589
20210112162354752	  244  282   -111     71    596
20210112162354918	  262  289    -84     83    608
20210112162355085	  263  290    -83     85    608
20210112162355218	  264  290    -81     85    607
20210112162355385	  268  291    -75     87    611
20210112162355552	  268  291    -75     87    611
20210112162355685	  269  292    -73     89    613
20210112162355852	  270  293    -72     91    616
20210112162356019	  273  294    -67     92    614
20210112162356152	  273  294    -67     92    615
20210112162356319	  271  294    -71     93    616
20210112162356485	  274  294    -66     93    616
20210112162356652	  274  296    -66     96    618
20210112162356785	  270  292    -72     89    614
20210112162356952	  255  287    -95     80    604
20210112162357119	  243  283   -112     72    596
20210112162357252	  233  277   -127     62    591
20210112162357419	  221  269   -143     49    582
20210112162357586	  206  260   -164     35    577
20210112162357719	  196  252   -177     22    570
20210112162357886	  184  241   -193      6    565
20210112162358052	  171  228   -211    -12    562
20210112162358186	  162  219   -224    -26    560
20210112162358353	  151  205   -238    -46    556
20210112162358519	  142  192   -251    -65    557
20210112162358653	  142  188   -251    -71    557
20210112162358819	  137  187   -257    -72    555
20210112162358986	  136  183   -259    -78    554
20210112162359153	  138  183   -256    -78    556
20210112162359286	  135  180   -261    -82    556
20210112162359453	  137  181   -259    -81    556
20210112162359620	  135  179   -261    -84    557
20210112162359786	  135  178   -261    -85    556
20210112162359920	  134  178   -263    -85    558
20210112162400086	  133  178   -264    -85    556
20210112162400220	  133  176   -264    -88    556
20210112162400386	  135  175   -263    -90    560
20210112162400553	  136  176   -261    -89    559
20210112162400687	  133  175   -265    -90    558
20210112162400853	  133  175   -264    -90    557
20210112162401020	  131  173   -267    -92    556
20210112162401187	  134  175   -264    -90    559
20210112162401320	  131  173   -267    -92    556
20210112162401487	  133  173   -265    -93    558
20210112162401620	  130  174   -268    -91    556
20210112162401787	  130  173   -267    -92    555
20210112162401953	  131  174   -267    -91    556
20210112162402120	  132  172   -266    -94    557
20210112162402254	  131  173   -267    -93    557
20210112162402420	  130  172   -268    -94    555
20210112162402587	  133  170   -264    -97    557
20210112162402720	  130  172   -268    -94    555
20210112162402887	  133  172   -264    -94    558
20210112162403054	  132  172   -265    -94    557
20210112162403220	  130  171   -268    -95    556
20210112162403354	  131  171   -266    -95    556
20210112162403521	  130  172   -267    -94    555
20210112162403687	  130  171   -268    -95    556
20210112162403854	  131  171   -267    -95    556
20210112162403987	  131  171   -267    -96    557
20210112162404154	  129  171   -269    -95    555
20210112162404321	  128  170   -270    -97    555
20210112162404454	  128  170   -271    -97    556
20210112162404621	  129  171   -269    -95    556
20210112162404788	  129  171   -269    -95    556
20210112162404921	  129  170   -270    -97    557
20210112162405088	  130  171   -268    -95    557
20210112162405254	  130  170   -268    -97    557
20210112162405421	  129  170   -269    -97    556
20210112162405554	  131  169   -267    -98    557
20210112162405721	  131  169   -267    -98    557
20210112162405888	  131  170   -267    -97    557
20210112162406021	  132  168   -266   -100    558
20210112162406188	  130  169   -269    -99    558
20210112162406355	  129  169   -270    -98    557
20210112162406488	  129  168   -270   -100    557
20210112162406655	  128  168   -271   -100    557
20210112162406821	  129  168   -270   -100    556
20210112162406955	  129  169   -270    -98    557
20210112162407121	  130  168   -268   -100    557
20210112162407288	  132  169   -267    -99    560
20210112162407421	  128  168   -271   -100    556
20210112162407588	  130  168   -268   -100    557
20210112162407755	  130  168   -269   -100    557
20210112162407922	  130  169   -269    -99    558
20210112162408055	  130  168   -269   -100    558
20210112162408222	  127  168   -272   -100    555
20210112162408388	  127  168   -272   -100    556
20210112162408522	  127  168   -272   -100    556
20210112162408688	  129  167   -270   -101    557
20210112162408855	  130  168   -269   -100    557
20210112162409022	  130  168   -269   -100    558
20210112162409155	  129  168   -270   -100    557
20210112162409322	  136  182   -259    -79    554
20210112162409489	  146  192   -247    -65    561
20210112162409655	  148  203   -243    -49    557
20210112162409789	  158  211   -229    -37    558
20210112162409955	  169  225   -214    -17    561
20210112162410122	  181  238   -199      1    568
20210112162410289	  195  250   -179     19    571
20210112162410456	  209  261   -161     36    579
20210112162410589	  221  269   -143     49    584
20210112162410756	  238  279   -119     66    593
20210112162410922	  254  286    -96     77    600
20210112162411056	  262  289    -84     83    607
20210112162411222	  261  288    -86     82    607
20210112162411389	  266  290    -78     85    610
20210112162411556	  267  290    -76     85    610
20210112162411723	  270  293    -72     90    613
20210112162411856	  270  291    -72     87    613
20210112162412023	  270  293    -72     91    615
20210112162412189	  272  292    -69     89    617
20210112162412356	  273  294    -67     92    615
20210112162412523	  274  293    -66     91    616
20210112162412656	  274  296    -66     96    617
20210112162412856	  269  292    -74     89    617
20210112162412990	  257  287    -91     80    603
20210112162413190	  246  284   -107     74    596
20210112162413356	  234  277   -125     62    589
20210112162413523	  220  269   -145     49    582
20210112162413690	  206  260   -163     34    572
20210112162413823	  196  251   -177     21    569
20210112162413990	  184  241   -194      6    566
20210112162414156	  171  229   -211    -11    560
20210112162414323	  159  215   -227    -31    558
20210112162414490	  149  203   -242    -49    559
20210112162414657	  140  190   -254    -68    556
20210112162414823	  142  188   -252    -71    558
20210112162415157	  136  184   -259    -76    555
20210112162415323	  137  181   -259    -81    556
20210112162415490	  135  179   -261    -84    556
20210112162415657	  135  179   -261    -83    556
20210112162415824	  133  179   -263    -84    555
20210112162415957	  136  176   -260    -88    558
20210112162416124	  134  176   -264    -88    559
20210112162416290	  134  176   -263    -88    557
20210112162416457	  133  175   -263    -89    556
20210112162416624	  131  175   -266    -89    555
20210112162416790	  134  174   -262    -91    556
20210112162416957	  130  174   -268    -91    555
20210112162417124	  132  174   -265    -91    556
20210112162417291	  132  173   -265    -92    556
20210112162417457	  132  173   -265    -92    556
20210112162417657	  131  173   -267    -93    557
20210112162417791	  132  172   -265    -94    557
20210112162417957	  133  171   -264    -95    557
20210112162418158	  131  172   -267    -94    556
20210112162418324	  132  173   -265    -92    557
20210112162418491	  132  171   -265    -95    556
20210112162418658	  132  171   -265    -95    556
20210112162418791	  132  171   -265    -95    556
20210112162418991	  130  170   -268    -97    556
20210112162419124	  129  171   -269    -95    554
20210112162419291	  131  171   -267    -95    556
20210112162419458	  131  170   -267    -97    557
20210112162419625	  131  170   -267    -97    556
20210112162419791	  131  171   -267    -95    557
20210112162419958	  133  169   -264    -98    557
20210112162420158	  131  170   -266    -97    556
20210112162420325	  131  169   -267    -98    558
20210112162420491	  131  170   -266    -97    556
20210112162420658	  130  170   -268    -97    557
20210112162420825	  130  170   -268    -97    556
20210112162420992	  129  169   -269    -98    556
20210112162421158	  129  169   -270    -98    557
20210112162421325	  130  169   -268    -98    556
20210112162421525	  130  169   -268    -98    556
20210112162421692	  130  169   -269    -98    557
20210112162421858	  131  168   -268   -100    559
20210112162422025	  130  169   -269    -99    558
20210112162422192	  129  168   -270   -100    557
20210112162422392	  129  168   -270   -100    557
20210112162422559	  129  167   -270   -101    557
20210112162422725	  129  167   -270   -101    557
20210112162422892	  128  169   -271    -98    556
20210112162423059	  126  167   -274   -101    556
20210112162423259	  129  168   -270   -100    557
20210112162423425	  129  167   -270   -101    557
20210112162423592	  129  168   -270   -100    557
20210112162423759	  129  167   -270   -101    557
20210112162423926	  127  167   -273   -101    557
20210112162424092	  129  167   -270   -101    557
20210112162424292	  127  167   -273   -101    557
20210112162424459	  130  167   -269   -101    558
20210112162424626	  127  167   -273   -101    557
20210112162424793	  129  167   -270   -101    556
20210112162424959	  127  167   -272   -101    556
20210112162425126	  127  167   -273   -101    557
20210112162425293	  129  168   -270   -100    556
20210112162425493	  139  184   -256    -77    558
20210112162425659	  144  195   -248    -60    556
20210112162425826	  152  206   -237    -45    558
20210112162425993	  165  219   -220    -26    561
20210112162426160	  174  230   -209    -10    566
20210112162426360	  190  245   -186     12    570
20210112162426526	  202  257   -171     30    577
20210112162426693	  216  267   -151     46    584
20210112162426860	  232  277   -129     62    594
20210112162427026	  249  285   -104     76    601
20210112162427193	  262  289    -84     83    609
20210112162427393	  263  290    -82     85    607
20210112162427560	  267  291    -77     87    612
20210112162427727	  267  291    -76     87    609
20210112162427893	  269  291    -74     87    615
20210112162428060	  270  291    -72     87    614
20210112162428227	  270  292    -72     89    616
20210112162428427	  271  294    -71     93    616
20210112162428594	  273  294    -67     92    614
20210112162428760	  275  295    -64     94    618
20210112162428927	  273  295    -67     94    615
20210112162429094	  256  289    -93     82    602
20210112162429294	  246  283   -107     72    595
20210112162429460	  233  276   -126     60    589
20210112162429627	  221  269   -143     49    582
20210112162429794	  207  257   -162     30    574
20210112162429961	  192  247   -183     15    568
20210112162430127	  180  237   -198      0    561
20210112162430327	  164  223   -221    -20    559
20210112162430494	  156  210   -232    -39    560
20210112162430661	  144  195   -248    -60    556
20210112162430827	  141  188   -253    -71    558
20210112162430994	  136  187   -259    -72    555
20210112162431194	  136  183   -259    -78    554
20210112162431361	  133  181   -263    -81    555
20210112162431528	  133  179   -263    -83    555
20210112162431694	  135  180   -261    -82    557
20210112162431861	  131  177   -266    -87    556
20210112162432028	  136  176   -261    -89    559
20210112162432228	  134  177   -263    -87    558
20210112162432394	  131  176   -267    -88    557
20210112162432561	  134  175   -263    -90    557
20210112162432728	  132  174   -266    -91    558
20210112162432895	  132  175   -266    -90    557
20210112162433095	  132  174   -266    -91    557
20210112162433428	  132  173   -265    -92    555
20210112162433595	  132  173   -265    -92    557
20210112162433761	  129  173   -270    -93    557
20210112162433962	  130  173   -268    -92    556
20210112162434128	  129  172   -269    -94    556
20210112162434295	  132  171   -265    -95    556
20210112162434462	  131  172   -267    -94    556
20210112162434628	  129  171   -270    -95    556
20210112162434795	  129  171   -269    -95    556
20210112162434995	  130  171   -267    -95    555
20210112162435162	  132  171   -266    -96    558
20210112162435329	  130  171   -268    -95    555
20210112162435495	  133  170   -265    -97    559
20210112162435662	  131  169   -267    -98    557
20210112162435829	  130  170   -268    -97    556
20210112162436029	  132  170   -266    -97    559
20210112162436195	  131  169   -267    -98    556
20210112162436362	  129  168   -270   -100    557
20210112162436529	  128  169   -271    -98    556
20210112162436696	  129  168   -270   -100    557
20210112162436896	  127  169   -272    -98    556
20210112162437062	  129  167   -270   -101    556
20210112162437229	  130  168   -269   -100    558
20210112162437396	  129  168   -269   -100    556
20210112162437562	  131  168   -268   -100    559
20210112162437763	  127  168   -272   -100    556
20210112162437929	  128  168   -271   -100    556
20210112162438096	  128  167   -271   -101    557
20210112162438263	  129  167   -270   -101    557
20210112162438429	  126  167   -274   -101    556
20210112162438596	  129  167   -270   -101    557
20210112162438796	  127  167   -272   -101    556
20210112162438963	  130  168   -269   -100    558
20210112162439130	  127  168   -272   -100    556
20210112162439296	  128  166   -271   -103    557
20210112162439463	  129  167   -270   -101    557
20210112162439663	  129  167   -270   -102    558
20210112162439830	  128  166   -272   -103    558
20210112162439996	  129  166   -270   -103    558
20210112162440163	  128  166   -271   -103    557
20210112162440330	  127  167   -273   -101    557
20210112162440530	  127  167   -272   -101    556
20210112162440697	  128  166   -272   -103    558
20210112162440863	  126  166   -274   -103    556
20210112162441030	  129  166   -270   -103    558
20210112162441197	  130  167   -270   -102    560
20210112162441363	  126  165   -273   -104    555
20210112162441563	  138  182   -257    -79    556
20210112162441730	  142  194   -251    -62    557
20210112162441897	  154  206   -235    -45    560
20210112162442064	  163  217   -224    -29    565
20210112162442264	  176  231   -206     -8    567
20210112162442430	  187  245   -191     12    571
20210112162442597	  203  256   -169     29    577
20210112162442764	  216  267   -151     46    583
20210112162442930	  232  276   -129     61    593
20210112162443131	  253  286    -97     78    602
20210112162443297	  261  288    -86     82    608
20210112162443464	  261  288    -86     82    608
20210112162443631	  266  290    -78     85    610
20210112162443797	  265  290    -80     85    610
20210112162443964	  269  292    -74     89    613
20210112162444131	  268  293    -75     90    612
20210112162444331	  271  293    -70     91    614
20210112162444498	  271  292    -70     89    614
20210112162444664	  273  293    -68     91    617
20210112162444831	  273  293    -67     91    615
20210112162444998	  273  293    -68     91    618
20210112162445164	  274  293    -66     91    618
20210112162445364	  276  296    -63     96    617
20210112162445531	  274  294    -66     93    618
20210112162445698	  275  294    -64     93    618
20210112162445865	  274  293    -66     91    618
20210112162446031	  275  295    -64     94    618
20210112162446231	  276  294    -63     93    619
20210112162446398	  277  293    -61     92    622
20210112162446565	  277  295    -61     94    618
20210112162446731	  277  293    -61     92    621
20210112162446898	  276  294    -63     93    621
20210112162447098	  277  296    -61     96    619
20210112162447265	  277  296    -61     96    621
20210112162447432	  278  296    -60     96    619
20210112162447598	  279  296    -58     97    623
20210112162447765	  279  296    -58     97    621
20210112162447932	  280  296    -57     97    623
20210112162448098	  280  296    -57     97    621
20210112162448265	  280  295    -57     95    623
20210112162448465	  278  295    -60     95    623
20210112162448632	  280  296    -57     97    623
20210112162448799	  279  296    -58     97    621
20210112162449099	  281  295    -55     95    624
20210112162449299	  281  297    -55     99    624
20210112162449465	  280  296    -57     97    623
20210112162449665	  281  295    -55     95    625
20210112162449832	  281  294    -55     94    624
20210112162449999	  282  296    -54     97    624
20210112162450199	  282  297    -53     99    623
20210112162450366	  282  296    -54     97    624
20210112162450532	  282  297    -53     98    623
20210112162450699	  282  297    -53     99    623
20210112162450899	  282  297    -53     98    622
20210112162451066	  281  297    -55     98    623
20210112162451232	  283  297    -52     98    622
20210112162451399	  281  295    -55     96    626
20210112162451566	  282  297    -54     99    624
20210112162451733	  283  297    -52     99    626
20210112162451933	  282  297    -54     99    626
20210112162452099	  283  296    -52     98    627
