20210112162113536	  274  258    -68     35    633
20210112162113707	  274  258    -68     35    634
20210112162113775	  274  258    -68     35    634
20210112162113842	  273  258    -69     35    633
20210112162113908	  273  258    -69     35    633
20210112162113975	  272  257    -71     33    634
20210112162114074	  274  258    -68     35    634
20210112162114173	  273  258    -69     35    633
20210112162114239	  273  259    -69     37    632
20210112162114305	  273  259    -69     37    633
20210112162114403	  272  258    -71     35    634
20210112162114469	  273  260    -69     38    633
20210112162114567	  273  259    -69     37    633
20210112162114633	  273  259    -69     37    633
20210112162114731	  271  261    -73     40    632
20210112162114797	  273  258    -69     35    634
20210112162114862	  273  259    -69     37    633
20210112162114960	  272  257    -71     33    635
20210112162115025	  275  258    -66     35    634
20210112162115090	  272  257    -71     33    634
20210112162115188	  272  258    -71     35    634
20210112162115253	  272  259    -71     37    633
20210112162115318	  272  259    -71     37    633
20210112162115414	  272  259    -71     37    633
20210112162115479	  275  258    -66     35    634
20210112162115543	  274  258    -68     35    634
20210112162115640	  274  258    -68     35    634
20210112162115704	  274  258    -68     35    633
20210112162115803	  274  257    -68     33    634
20210112162115903	  273  257    -69     33    634
20210112162116003	  273  259    -69     37    632
20210112162116103	  274  257    -68     33    634
20210112162116170	  274  258    -68     35    633
20210112162116270	  274  258    -68     35    633
20210112162116336	  274  258    -68     35    634
20210112162116403	  274  258    -68     35    634
20210112162116503	  274  258    -68     35    633
20210112162116603	  274  258    -68     35    634
20210112162116670	  274  260    -68     38    632
20210112162116770	  274  258    -68     35    633
20210112162116836	  275  259    -66     37    633
20210112162116903	  274  260    -68     38    632
20210112162117002	  274  258    -68     35    634
20210112162117069	  274  260    -68     38    632
20210112162117169	  273  259    -69     37    633
20210112162117269	  273  257    -69     33    634
20210112162117368	  273  257    -69     33    634
20210112162117468	  274  258    -68     35    633
20210112162117535	  274  258    -68     35    634
20210112162117634	  273  260    -69     38    632
20210112162117701	  274  258    -68     35    633
20210112162117801	  274  259    -68     37    633
20210112162117901	  274  260    -68     38    632
20210112162117968	  274  258    -68     35    633
20210112162118068	  274  258    -68     35    634
20210112162118135	  273  261    -69     40    632
20210112162118235	  274  260    -68     38    632
20210112162118302	  274  260    -68     38    632
20210112162118402	  274  258    -68     35    633
20210112162118502	  273  257    -70     33    635
20210112162118602	  274  258    -68     35    634
20210112162118669	  274  258    -68     35    634
20210112162118770	  274  260    -68     38    632
20210112162118870	  274  261    -68     40    632
20210112162118937	  274  258    -68     35    634
20210112162119038	  274  260    -68     38    632
20210112162119139	  271  258    -73     35    634
20210112162119240	  274  258    -68     35    634
20210112162119307	  274  260    -68     38    632
20210112162119409	  274  258    -68     35    633
20210112162119510	  274  258    -68     35    634
20210112162119611	  273  257    -69     33    634
20210112162119678	  274  258    -68     35    634
20210112162119779	  274  258    -68     35    634
20210112162119846	  274  258    -68     35    634
20210112162119879	  273  259    -69     37    633
20210112162119913	  274  258    -68     35    634
20210112162119946	  274  260    -68     38    632
20210112162119979	  274  260    -68     38    632
20210112162120046	  274  258    -68     35    634
20210112162120080	  274  258    -68     35    634
20210112162120146	  274  258    -68     35    634
20210112162120346	  273  257    -70     33    635
20210112162120613	  272  258    -71     35    634
20210112162120813	  274  260    -68     38    632
20210112162120913	  274  261    -68     40    632
20210112162121046	  273  260    -69     38    632
20210112162121113	  274  258    -68     35    634
20210112162121213	  274  260    -68     38    632
20210112162121313	  274  258    -68     35    634
20210112162121413	  274  258    -68     35    634
20210112162121480	  274  258    -68     35    634
20210112162121580	  274  258    -68     35    634
20210112162121680	  274  258    -68     35    633
20210112162121780	  274  258    -68     35    634
20210112162121847	  273  257    -70     33    635
20210112162121947	  274  258    -68     35    634
20210112162122047	  274  258    -68     35    634
20210112162122147	  274  257    -68     33    635
20210112162122247	  274  258    -68     35    634
20210112162122347	  273  259    -69     37    633
20210112162122447	  274  258    -68     35    634
20210112162122547	  274  258    -68     35    634
20210112162122613	  274  260    -68     38    632
20210112162122713	  274  260    -68     38    633
20210112162122813	  274  258    -68     35    634
20210112162122913	  274  260    -68     38    633
20210112162122980	  274  258    -68     35    634
20210112162123080	  274  258    -68     35    634
20210112162123180	  274  258    -68     35    635
20210112162123280	  273  260    -69     38    632
20210112162123347	  274  258    -68     35    634
20210112162123480	  273  257    -70     33    634
20210112162123580	  274  258    -68     35    634
20210112162123680	  274  258    -68     35    634
20210112162123747	  273  259    -69     37    633
20210112162123814	  274  260    -68     38    632
20210112162123947	  274  260    -68     38    632
20210112162123980	  274  258    -68     35    634
20210112162124014	  274  257    -68     33    635
20210112162124114	  274  258    -68     35    634
20210112162124147	  274  258    -68     35    634
20210112162124247	  273  259    -69     37    632
20210112162124281	  273  259    -69     37    632
20210112162124447	  274  260    -68     38    633
20210112162124614	  273  261    -69     40    632
20210112162124814	  273  259    -69     37    633
20210112162124881	  274  258    -68     35    634
20210112162124981	  274  258    -68     35    634
20210112162125081	  273  259    -69     37    633
20210112162125181	  274  258    -68     35    634
20210112162125247	  274  258    -68     35    634
20210112162125347	  274  258    -68     35    634
20210112162125447	  273  259    -69     37    633
20210112162125547	  274  258    -68     35    634
20210112162125614	  274  258    -68     35    634
20210112162125714	  274  257    -68     33    634
20210112162125814	  274  258    -68     35    634
20210112162125914	  274  258    -68     35    634
20210112162126014	  274  258    -68     35    634
20210112162126081	  274  258    -68     35    635
20210112162126148	  273  261    -69     40    632
20210112162126181	  274  258    -68     35    633
20210112162126281	  273  257    -70     33    635
20210112162126348	  274  258    -68     35    634
20210112162126381	  273  261    -69     40    632
20210112162126448	  274  258    -68     35    633
20210112162126481	  274  258    -68     35    634
20210112162126514	  274  260    -68     38    632
20210112162126648	  274  257    -68     33    634
20210112162126848	  273  259    -69     37    633
20210112162127014	  274  257    -68     33    634
20210112162127114	  273  258    -69     35    634
20210112162127215	  274  257    -68     33    635
20210112162127248	  274  257    -68     33    635
20210112162127281	  274  257    -68     33    635
20210112162127315	  273  259    -69     37    633
20210112162127348	  274  257    -68     33    634
20210112162127381	  274  258    -68     35    634
20210112162127448	  274  258    -68     35    634
20210112162127515	  273  259    -69     37    633
20210112162127548	  274  257    -68     33    634
20210112162127581	  274  258    -68     35    634
20210112162127715	  273  259    -69     37    633
20210112162127915	  274  258    -68     35    634
20210112162128115	  274  258    -68     35    633
20210112162128315	  274  259    -68     37    633
20210112162128415	  274  257    -68     33    634
20210112162128615	  274  258    -68     35    634
20210112162128815	  274  257    -68     33    634
20210112162128915	  274  258    -68     35    633
20210112162128982	  274  258    -68     35    634
20210112162129115	  274  258    -68     35    633
20210112162129215	  274  258    -68     35    634
20210112162129248	  273  259    -69     37    632
20210112162129382	  274  258    -68     35    634
20210112162129482	  274  258    -68     35    634
20210112162129582	  274  258    -68     35    633
20210112162129648	  274  257    -68     33    635
20210112162129782	  275  259    -66     37    634
20210112162129882	  274  258    -68     35    633
20210112162129982	  274  258    -68     35    634
20210112162130049	  274  258    -68     35    633
20210112162130149	  274  258    -68     35    634
20210112162130249	  275  256    -66     32    636
20210112162130349	  274  258    -68     35    633
20210112162130415	  274  258    -68     35    634
20210112162130515	  274  258    -68     35    634
20210112162130615	  274  258    -68     35    634
20210112162130715	  274  258    -68     35    634
20210112162130782	  274  258    -68     35    634
20210112162130882	  274  258    -68     35    634
20210112162131015	  274  258    -68     35    634
20210112162131115	  274  258    -68     35    634
20210112162131215	  274  258    -68     35    634
20210112162131282	  274  258    -68     35    634
20210112162131382	  274  258    -68     35    634
20210112162131482	  274  257    -68     33    635
20210112162131582	  273  259    -69     37    633
20210112162131649	  274  259    -68     37    633
20210112162131749	  274  258    -68     35    634
20210112162131849	  274  258    -68     35    634
20210112162131949	  274  259    -68     37    632
20210112162132016	  267  257    -79     33    628
20210112162132116	  263  253    -85     26    624
20210112162132249	  258  249    -92     19    620
20210112162132349	  254  248    -98     18    617
20210112162132416	  249  246   -106     15    615
20210112162132516	  245  242   -112      8    612
20210112162132616	  239  237   -121      0    607
20210112162132716	  234  234   -129     -4    606
20210112162132816	  225  230   -142    -10    603
20210112162132883	  224  225   -143    -18    601
20210112162132983	  218  221   -152    -24    600
20210112162133083	  211  215   -163    -34    599
20210112162133149	  208  212   -166    -38    595
20210112162133249	  204  206   -172    -48    594
20210112162133349	  198  199   -181    -58    593
20210112162133483	  192  193   -190    -68    592
20210112162133549	  190  189   -194    -74    593
20210112162133649	  184  183   -202    -83    591
20210112162133749	  181  176   -207    -94    592
20210112162133849	  178  171   -211   -102    590
20210112162133949	  177  172   -213   -100    592
20210112162134016	  178  169   -211   -105    590
20210112162134116	  175  167   -216   -108    591
20210112162134216	  174  166   -218   -109    591
20210112162134316	  175  165   -216   -111    591
20210112162134383	  174  164   -217   -112    590
20210112162134483	  173  163   -219   -114    592
20210112162134583	  177  164   -214   -113    594
20210112162134683	  176  163   -216   -115    595
20210112162134783	  172  161   -220   -117    590
20210112162134883	  173  160   -219   -119    592
20210112162134983	  172  160   -221   -119    591
20210112162135050	  173  159   -219   -120    592
20210112162135150	  172  159   -220   -120    591
20210112162135183	  172  158   -221   -122    591
20210112162135316	  172  158   -221   -122    592
20210112162135383	  172  157   -221   -124    593
20210112162135550	  172  157   -221   -124    592
20210112162135650	  173  157   -220   -124    594
20210112162135750	  172  157   -221   -124    594
20210112162135850	  173  155   -220   -127    593
20210112162135917	  172  155   -221   -127    593
20210112162136017	  171  157   -223   -124    593
20210112162136117	  171  156   -223   -125    592
20210112162136217	  173  154   -220   -128    594
20210112162136317	  171  154   -223   -128    592
20210112162136417	  171  154   -222   -128    591
20210112162136483	  170  155   -224   -127    592
20210112162136583	  172  154   -222   -129    594
20210112162136684	  172  154   -221   -128    594
20210112162136784	  171  152   -223   -131    593
20210112162136884	  170  152   -224   -131    593
20210112162136984	  172  151   -222   -133    595
20210112162137050	  172  151   -221   -133    593
20210112162137150	  170  152   -224   -132    594
20210112162137250	  171  153   -223   -130    595
20210112162137350	  170  152   -224   -132    594
20210112162137417	  169  153   -226   -130    592
20210112162137550	  170  150   -225   -135    595
20210112162137617	  171  150   -223   -135    595
20210112162137717	  168  152   -227   -131    593
20210112162137817	  170  151   -225   -133    594
20210112162137917	  170  150   -225   -135    595
20210112162138017	  170  151   -225   -133    595
20210112162138117	  170  150   -225   -135    595
20210112162138184	  169  150   -226   -135    593
20210112162138284	  170  151   -225   -133    595
20210112162138384	  169  149   -226   -136    594
20210112162138484	  170  150   -225   -135    595
20210112162138584	  169  151   -226   -133    594
20210112162138684	  168  150   -227   -134    592
20210112162138751	  170  149   -225   -136    595
20210112162138851	  169  149   -226   -136    594
20210112162138951	  170  149   -225   -136    594
20210112162139051	  170  149   -225   -136    595
20210112162139151	  169  148   -227   -138    595
20210112162139251	  171  147   -224   -140    596
20210112162139351	  169  149   -226   -136    594
20210112162139418	  169  148   -226   -138    595
20210112162139518	  169  149   -227   -136    595
20210112162139618	  168  147   -228   -139    594
20210112162139718	  170  148   -225   -138    596
20210112162139818	  170  147   -225   -140    595
20210112162139918	  169  147   -226   -140    595
20210112162139984	  169  147   -227   -140    595
20210112162140084	  170  148   -225   -138    596
20210112162140184	  169  147   -227   -140    595
20210112162140284	  167  146   -229   -141    594
20210112162140384	  169  147   -226   -140    595
20210112162140484	  171  146   -225   -142    596
20210112162140551	  169  146   -227   -141    595
20210112162140651	  169  147   -226   -140    595
20210112162140751	  169  146   -227   -141    596
20210112162140851	  170  146   -226   -142    597
20210112162140951	  169  146   -227   -141    595
20210112162141051	  168  147   -228   -140    595
20210112162141118	  169  146   -228   -141    596
20210112162141218	  169  144   -227   -145    596
20210112162141318	  168  147   -228   -140    595
20210112162141418	  170  146   -226   -142    596
20210112162141518	  169  146   -228   -141    596
20210112162141618	  169  146   -226   -141    595
20210112162141718	  168  145   -228   -143    596
20210112162141785	  168  145   -228   -143    596
20210112162141885	  168  145   -228   -143    595
20210112162141952	  168  145   -228   -143    595
20210112162142085	  166  145   -232   -143    596
20210112162142185	  166  145   -231   -142    594
20210112162142285	  168  144   -228   -144    595
20210112162142352	  168  145   -228   -143    595
20210112162142452	  168  145   -228   -143    595
20210112162142552	  166  145   -232   -143    596
20210112162142652	  169  145   -227   -143    596
20210112162142752	  166  145   -231   -142    594
20210112162142852	  168  144   -228   -144    596
20210112162142952	  167  145   -229   -143    594
20210112162143018	  168  144   -228   -144    595
20210112162143218	  169  146   -228   -141    596
20210112162143319	  167  143   -229   -146    594
20210112162143419	  167  143   -230   -146    595
20210112162143485	  168  145   -228   -143    596
20210112162143585	  168  144   -228   -144    595
20210112162143685	  168  144   -228   -144    595
20210112162143785	  169  143   -227   -147    597
20210112162143885	  168  144   -228   -144    596
20210112162143985	  167  144   -230   -144    595
20210112162144085	  169  143   -227   -147    597
20210112162144152	  168  144   -228   -144    596
20210112162144285	  169  143   -227   -146    596
20210112162144385	  167  144   -230   -144    595
20210112162144485	  169  148   -226   -138    595
20210112162144585	  173  155   -220   -127    595
20210112162144652	  173  157   -220   -124    595
20210112162144786	  176  165   -215   -111    593
20210112162144886	  178  167   -212   -108    593
20210112162144986	  184  176   -203    -94    593
20210112162145086	  185  180   -201    -88    593
20210112162145186	  189  187   -196    -77    595
20210112162145286	  193  192   -190    -70    596
20210112162145386	  199  199   -180    -59    595
20210112162145486	  202  205   -177    -50    598
20210112162145686	  216  217   -156    -31    601
20210112162145786	  221  223   -148    -21    603
20210112162145886	  229  229   -137    -12    608
20210112162146019	  235  235   -128     -2    609
20210112162146119	  243  241   -116      6    614
20210112162146219	  249  246   -107     15    618
20210112162146286	  254  248    -99     18    619
20210112162146386	  255  248    -97     18    619
20210112162146519	  253  247   -100     16    617
20210112162146586	  254  248    -99     18    618
20210112162146719	  257  250    -94     21    623
20210112162146819	  258  249    -92     20    621
20210112162146919	  258  250    -93     21    621
20210112162147053	  259  252    -91     25    623
20210112162147119	  260  250    -90     21    623
20210112162147220	  258  252    -93     24    621
20210112162147353	  261  251    -88     23    624
20210112162147420	  262  252    -86     25    623
20210112162147520	  260  253    -90     26    623
20210112162147653	  262  254    -86     28    624
20210112162147753	  263  252    -85     25    624
20210112162147853	  264  253    -83     26    625
20210112162147953	  261  252    -88     25    625
20210112162148053	  263  254    -85     28    624
20210112162148186	  253  247   -100     16    618
20210112162148286	  248  245   -108     13    614
20210112162148386	  243  241   -115      6    610
20210112162148487	  240  238   -120      1    609
20210112162148587	  231  234   -133     -4    606
20210112162148720	  226  226   -140    -17    603
20210112162148820	  221  222   -148    -23    601
20210112162148920	  215  217   -157    -31    599
20210112162149053	  208  210   -167    -42    595
20210112162149153	  202  204   -176    -51    594
20210112162149387	  190  191   -194    -71    593
20210112162149487	  186  183   -199    -83    591
20210112162149587	  183  179   -204    -89    592
20210112162149687	  178  171   -212   -102    592
20210112162149820	  175  163   -217   -114    593
20210112162149920	  171  159   -223   -121    593
20210112162150020	  172  158   -221   -122    593
20210112162150154	  172  156   -221   -125    593
20210112162150254	  171  154   -223   -128    593
20210112162150354	  170  153   -225   -130    595
20210112162150487	  170  152   -224   -131    593
20210112162150587	  168  152   -227   -131    593
20210112162150687	  170  152   -224   -132    594
20210112162150787	  170  151   -224   -133    593
20210112162150920	  171  151   -224   -134    596
20210112162151020	  171  151   -223   -133    595
20210112162151120	  170  150   -225   -135    595
20210112162151254	  169  149   -226   -136    594
20210112162151354	  169  147   -226   -140    595
20210112162151454	  168  149   -228   -136    594
20210112162151554	  169  148   -227   -138    596
20210112162151687	  169  147   -226   -140    595
20210112162151787	  168  148   -228   -138    595
20210112162151887	  169  147   -227   -140    595
20210112162152021	  167  148   -229   -138    594
20210112162152121	  169  147   -227   -140    595
20210112162152221	  170  147   -226   -140    596
20210112162152354	  169  146   -227   -141    595
20210112162152454	  168  145   -228   -143    595
20210112162152554	  168  146   -228   -141    596
20210112162152688	  166  145   -231   -143    595
20210112162152788	  168  146   -228   -141    595
20210112162152988	  168  144   -228   -144    596
20210112162153121	  168  145   -228   -143    595
20210112162153221	  169  144   -227   -145    596
20210112162153321	  168  144   -228   -144    596
20210112162153454	  168  144   -228   -145    596
20210112162153554	  166  144   -231   -144    595
20210112162153688	  168  144   -228   -144    596
20210112162153788	  169  144   -228   -144    596
20210112162153888	  169  145   -227   -143    597
20210112162153988	  168  144   -228   -144    595
20210112162154121	  166  143   -232   -146    596
20210112162154221	  168  144   -228   -145    596
20210112162154321	  167  143   -230   -146    595
20210112162154421	  167  144   -230   -144    595
20210112162154555	  166  143   -232   -146    597
20210112162154655	  167  144   -230   -144    595
20210112162154888	  169  143   -227   -147    597
20210112162154988	  168  143   -228   -146    596
20210112162155222	  168  144   -228   -144    595
20210112162155322	  169  144   -228   -145    598
20210112162155422	  167  142   -230   -148    596
20210112162155555	  169  142   -227   -148    597
20210112162155655	  168  143   -228   -146    596
20210112162155755	  167  142   -230   -148    597
20210112162155888	  167  142   -230   -148    596
20210112162155988	  166  142   -231   -147    596
20210112162156088	  167  141   -230   -149    595
20210112162156188	  167  142   -230   -147    595
20210112162156322	  168  141   -229   -150    598
20210112162156422	  167  144   -230   -144    596
20210112162156522	  167  141   -230   -149    597
20210112162156655	  167  142   -230   -148    596
20210112162156755	  168  142   -229   -148    597
20210112162156855	  167  142   -230   -148    597
20210112162156989	  167  141   -230   -149    596
20210112162157089	  165  141   -233   -149    596
20210112162157189	  165  141   -233   -149    597
20210112162157289	  168  142   -229   -148    597
20210112162157422	  165  141   -234   -150    597
20210112162157522	  167  141   -230   -149    596
20210112162157655	  167  141   -231   -150    598
20210112162157756	  167  141   -230   -149    597
20210112162157889	  167  141   -231   -150    598
20210112162157989	  167  141   -231   -150    598
20210112162158089	  167  141   -231   -150    598
20210112162158222	  168  140   -230   -152    599
20210112162158289	  167  141   -231   -150    599
20210112162158422	  167  140   -231   -151    598
20210112162158522	  166  140   -232   -151    598
20210112162158656	  166  139   -232   -153    597
20210112162158756	  166  141   -232   -150    598
20210112162158889	  165  140   -234   -151    598
20210112162158989	  167  140   -231   -152    600
20210112162159089	  165  140   -234   -151    598
20210112162159189	  165  140   -234   -151    598
20210112162159289	  165  140   -234   -151    598
20210112162159423	  165  140   -233   -151    597
20210112162159523	  165  141   -234   -150    599
20210112162159623	  166  139   -232   -153    599
20210112162159756	  168  140   -230   -152    599
20210112162159856	  167  140   -231   -152    600
20210112162159956	  165  140   -234   -151    597
20210112162200089	  164  139   -235   -152    597
20210112162200189	  167  140   -230   -151    597
20210112162200289	  166  139   -233   -153    599
20210112162200423	  165  139   -233   -152    596
20210112162200523	  166  142   -232   -148    598
20210112162200623	  171  150   -224   -135    596
20210112162200723	  171  153   -223   -130    595
20210112162200856	  172  159   -221   -121    593
20210112162200956	  175  164   -217   -113    593
20210112162201056	  180  171   -210   -103    596
20210112162201190	  184  178   -203    -91    592
20210112162201290	  188  182   -197    -85    594
20210112162201390	  192  191   -192    -71    598
20210112162201523	  199  198   -180    -60    595
20210112162201623	  202  204   -177    -51    598
20210112162201723	  210  211   -164    -40    598
20210112162201857	  216  219   -156    -28    603
20210112162201957	  222  225   -147    -18    606
20210112162202057	  230  230   -135    -10    608
20210112162202157	  236  235   -126     -2    609
20210112162202290	  247  243   -109     10    615
20210112162202390	  251  245   -104     13    619
20210112162202490	  250  246   -105     15    618
20210112162202623	  250  246   -105     15    617
20210112162202723	  253  246   -100     15    620
20210112162202823	  255  247    -97     16    620
20210112162202924	  256  249    -96     19    619
20210112162203057	  254  250    -99     21    620
20210112162203157	  257  249    -94     20    621
20210112162203290	  257  249    -94     20    622
20210112162203390	  257  250    -94     21    620
20210112162203490	  260  249    -90     20    623
20210112162203524	  258  249    -93     20    622
20210112162203724	  258  252    -93     24    622
20210112162203824	  259  251    -91     23    624
20210112162203924	  258  252    -93     24    622
20210112162204057	  260  251    -89     23    622
20210112162204157	  258  249    -93     20    622
20210112162204257	  251  246   -103     14    617
20210112162204391	  243  241   -115      6    611
20210112162204491	  238  237   -123      0    610
20210112162204591	  233  233   -130     -6    607
20210112162204724	  226  227   -141    -15    605
20210112162204824	  220  223   -150    -21    602
20210112162204924	  215  218   -157    -29    599
20210112162205057	  208  211   -167    -40    596
20210112162205157	  203  206   -174    -48    595
20210112162205257	  199  200   -180    -57    594
20210112162205357	  194  193   -188    -68    594
20210112162205491	  188  186   -197    -79    592
20210112162205591	  183  179   -204    -89    592
20210112162205691	  178  173   -212    -99    593
20210112162205824	  173  164   -219   -113    592
20210112162205924	  170  158   -224   -122    593
20210112162205991	  169  155   -226   -127    593
20210112162206024	  171  155   -223   -127    594
20210112162206224	  171  153   -223   -130    595
20210112162206358	  168  152   -228   -132    594
20210112162206458	  171  150   -224   -135    596
20210112162206591	  169  149   -227   -137    595
20210112162206691	  169  147   -226   -139    594
20210112162206791	  170  148   -226   -138    597
20210112162206924	  169  148   -227   -138    596
20210112162207025	  169  147   -227   -140    595
20210112162207125	  166  146   -231   -141    595
20210112162207258	  167  148   -230   -138    595
20210112162207358	  168  145   -228   -143    595
20210112162207458	  168  146   -228   -141    596
20210112162207591	  168  147   -228   -140    596
20210112162207691	  167  146   -230   -141    595
20210112162207791	  166  145   -232   -143    596
20210112162207891	  168  145   -228   -143    596
20210112162208091	  168  145   -228   -143    596
20210112162208225	  167  143   -230   -146    596
20210112162208358	  168  144   -228   -144    596
20210112162208458	  169  144   -227   -145    597
20210112162208592	  167  143   -230   -146    595
20210112162208692	  167  143   -230   -146    596
20210112162208792	  167  142   -230   -147    595
20210112162208892	  167  142   -230   -148    596
20210112162209025	  167  142   -230   -148    597
20210112162209125	  168  143   -228   -146    595
20210112162209225	  167  142   -230   -147    596
20210112162209358	  165  142   -233   -148    596
20210112162209458	  166  142   -232   -148    596
20210112162209559	  167  141   -231   -150    598
20210112162209659	  168  140   -229   -151    596
20210112162209792	  167  141   -230   -149    597
20210112162209892	  165  141   -234   -150    598
20210112162209992	  167  141   -230   -149    596
20210112162210125	  167  141   -230   -149    597
20210112162210225	  166  140   -232   -151    598
20210112162210325	  167  141   -231   -150    598
20210112162210425	  167  141   -230   -149    596
20210112162210559	  166  141   -232   -150    598
20210112162210659	  167  141   -231   -150    598
20210112162210759	  166  141   -232   -150    598
20210112162210892	  165  140   -234   -151    598
20210112162210992	  165  141   -234   -150    598
20210112162211092	  166  140   -233   -152    599
20210112162211226	  167  141   -231   -150    599
20210112162211326	  167  140   -231   -151    598
20210112162211426	  167  141   -231   -150    598
20210112162211492	  167  140   -231   -151    599
20210112162211659	  166  141   -233   -150    599
20210112162211759	  165  140   -234   -151    598
20210112162211892	  167  140   -231   -151    599
20210112162211992	  167  140   -231   -152    600
20210112162212126	  167  140   -231   -152    600
20210112162212226	  168  141   -230   -150    599
20210112162212326	  168  140   -230   -152    601
20210112162212426	  166  138   -232   -154    598
20210112162212559	  165  140   -234   -151    597
20210112162212659	  166  139   -232   -153    598
20210112162212759	  166  140   -232   -151    598
20210112162212893	  167  138   -231   -155    599
20210112162212993	  166  138   -232   -154    598
20210112162213093	  168  138   -230   -155    600
20210112162213226	  164  139   -235   -153    597
20210112162213326	  166  138   -232   -154    598
20210112162213426	  167  139   -231   -153    599
20210112162213560	  166  139   -233   -153    599
20210112162213660	  166  139   -232   -153    598
20210112162213760	  164  139   -235   -153    597
20210112162213893	  167  139   -231   -153    599
20210112162213993	  166  139   -233   -153    599
20210112162214093	  167  137   -231   -156    598
20210112162214226	  166  138   -232   -154    599
20210112162214326	  165  139   -234   -153    597
20210112162214426	  166  138   -232   -154    598
20210112162214526	  167  139   -231   -153    600
20210112162214660	  167  139   -231   -153    600
20210112162214760	  166  138   -233   -155    599
20210112162214860	  166  138   -233   -155    599
20210112162214993	  167  138   -231   -155    599
20210112162215093	  165  138   -234   -154    599
20210112162215193	  166  138   -232   -154    598
20210112162215327	  166  138   -233   -155    600
20210112162215427	  167  137   -231   -156    600
20210112162215527	  166  138   -233   -155    599
20210112162215660	  166  138   -232   -154    598
20210112162215760	  165  138   -234   -154    598
20210112162215893	  166  138   -232   -154    598
20210112162215960	  167  138   -231   -155    599
20210112162216027	  166  137   -233   -156    599
20210112162216227	  165  136   -234   -157    598
20210112162216327	  166  137   -232   -156    599
20210112162216460	  165  138   -234   -154    598
20210112162216560	  166  137   -232   -156    598
20210112162216694	  169  145   -227   -143    597
20210112162216794	  171  149   -224   -137    597
20210112162216927	  174  157   -219   -124    595
20210112162217027	  175  159   -217   -121    594
20210112162217127	  179  169   -211   -105    595
20210112162217260	  182  174   -206    -98    594
20210112162217360	  187  180   -199    -88    594
20210112162217494	  194  191   -189    -71    597
20210112162217594	  194  195   -188    -65    596
20210112162217694	  200  202   -180    -54    598
20210112162217827	  208  210   -167    -42    598
20210112162217927	  214  215   -159    -34    602
20210112162218061	  224  224   -144    -20    605
20210112162218161	  228  228   -139    -14    608
20210112162218294	  237  238   -125      1    610
20210112162218394	  244  241   -114      6    614
20210112162218527	  246  244   -111     11    616
20210112162218661	  249  243   -106     10    617
20210112162218761	  249  245   -107     13    617
20210112162218894	  251  246   -103     15    618
20210112162219027	  253  246   -100     15    619
20210112162219128	  252  246   -102     15    620
20210112162219261	  254  247    -99     16    619
20210112162219394	  256  249    -96     19    620
20210112162219494	  256  246    -96     15    620
20210112162219628	  255  250    -97     21    619
20210112162219728	  258  249    -93     20    621
20210112162219861	  257  248    -94     18    620
20210112162219994	  257  250    -94     21    621
20210112162220094	  257  249    -94     20    621
20210112162220228	  257  248    -94     18    621
20210112162220328	  249  245   -107     13    617
20210112162220461	  244  241   -114      6    612
20210112162220595	  237  236   -124     -1    608
20210112162220728	  229  229   -136    -12    606
20210112162220828	  225  226   -142    -17    605
20210112162220961	  218  219   -152    -28    600
20210112162221095	  208  212   -167    -38    596
20210112162221195	  205  208   -171    -45    595
20210112162221328	  198  199   -182    -58    594
20210112162221461	  192  192   -191    -69    593
20210112162221561	  186  184   -199    -82    592
20210112162221695	  180  176   -209    -94    593
20210112162221828	  175  168   -216   -106    591
20210112162221961	  172  159   -221   -121    594
20210112162222061	  168  153   -227   -129    591
20210112162222195	  170  152   -225   -132    594
20210112162222328	  170  151   -225   -133    595
20210112162222428	  171  148   -225   -139    597
20210112162222562	  170  148   -225   -138    596
20210112162222695	  167  147   -230   -140    595
20210112162222828	  168  146   -228   -141    595
20210112162222962	  169  144   -227   -145    596
20210112162223062	  167  145   -230   -143    595
20210112162223195	  167  145   -229   -143    595
20210112162223329	  168  144   -228   -145    597
20210112162223462	  168  143   -228   -146    596
20210112162223729	  167  143   -230   -146    596
20210112162223829	  169  143   -228   -146    596
20210112162223962	  167  143   -230   -146    596
20210112162224095	  165  141   -233   -149    596
20210112162224229	  168  141   -229   -149    597
20210112162224596	  167  141   -231   -150    598
20210112162224729	  167  141   -231   -150    598
20210112162224862	  167  141   -230   -149    597
20210112162224996	  167  141   -230   -149    597
20210112162225096	  167  141   -231   -150    598
20210112162225229	  166  140   -233   -151    599
20210112162225362	  165  141   -234   -150    598
20210112162225496	  167  141   -231   -150    600
20210112162225596	  167  140   -231   -152    599
20210112162225729	  168  139   -230   -153    599
20210112162225863	  167  140   -231   -152    600
20210112162225996	  165  140   -234   -151    599
20210112162226129	  165  139   -234   -153    597
20210112162226229	  166  140   -233   -152    601
20210112162226363	  167  139   -231   -153    600
20210112162226496	  166  138   -232   -154    597
20210112162226629	  166  138   -232   -154    598
20210112162226729	  166  138   -232   -154    598
20210112162226863	  165  138   -234   -154    598
20210112162226996	  166  139   -232   -153    598
20210112162227130	  166  138   -232   -154    598
20210112162227263	  166  139   -233   -153    599
20210112162227363	  166  138   -233   -155    599
20210112162227496	  166  137   -233   -156    599
20210112162227630	  167  138   -231   -155    599
20210112162227763	  166  138   -232   -154    598
20210112162227863	  166  137   -232   -156    598
20210112162227996	  165  140   -234   -152    599
20210112162228130	  165  137   -234   -156    597
20210112162228263	  164  138   -235   -154    598
20210112162228397	  164  138   -235   -154    597
20210112162228497	  166  138   -233   -155    599
20210112162228630	  166  138   -233   -155    599
20210112162228763	  164  138   -235   -154    597
20210112162228897	  166  138   -233   -155    599
20210112162229030	  165  136   -234   -157    598
20210112162229130	  167  137   -231   -156    600
20210112162229263	  165  136   -233   -157    597
20210112162229397	  166  138   -233   -155    599
20210112162229530	  166  137   -232   -156    598
20210112162229664	  164  137   -235   -156    597
20210112162229797	  166  137   -232   -156    598
20210112162229897	  166  137   -232   -156    598
20210112162230030	  165  137   -233   -156    597
20210112162230164	  167  136   -231   -158    600
20210112162230297	  164  136   -235   -157    597
20210112162230397	  165  137   -234   -156    597
20210112162230530	  166  137   -232   -156    599
20210112162230664	  165  136   -234   -157    598
20210112162230797	  164  136   -235   -157    597
20210112162230931	  166  137   -232   -156    599
20210112162231031	  166  136   -232   -158    598
20210112162231164	  165  137   -234   -156    598
20210112162231297	  165  135   -233   -159    597
20210112162231431	  165  135   -234   -159    598
20210112162231564	  166  137   -232   -156    598
20210112162231664	  166  136   -232   -158    598
20210112162231797	  164  136   -235   -157    597
20210112162231931	  166  136   -232   -157    598
20210112162232064	  167  135   -231   -159    600
20210112162232164	  165  135   -234   -159    598
20210112162232298	  165  136   -234   -157    597
20210112162232431	  166  137   -233   -156    599
20210112162232564	  165  135   -234   -159    597
20210112162232698	  164  137   -235   -156    598
20210112162232798	  168  147   -228   -140    596
20210112162232931	  171  149   -225   -137    596
20210112162233064	  175  158   -217   -123    595
20210112162233198	  178  165   -213   -112    595
20210112162233331	  179  171   -211   -102    595
20210112162233431	  183  178   -205    -91    594
20210112162233565	  191  187   -193    -78    597
20210112162233698	  195  196   -187    -63    595
20210112162233831	  203  203   -175    -53    597
20210112162233965	  212  213   -162    -37    600
20210112162234065	  216  217   -156    -31    601
20210112162234198	  226  226   -141    -17    606
20210112162234331	  233  235   -130     -2    609
20210112162234465	  243  241   -115      6    613
20210112162234565	  247  241   -109      6    615
20210112162234698	  245  243   -112     10    613
20210112162234832	  251  244   -103     11    617
20210112162234965	  249  245   -106     13    616
20210112162235065	  251  245   -103     13    617
20210112162235165	  249  247   -107     16    618
20210112162235332	  251  247   -104     16    619
20210112162235465	  253  245   -100     13    619
20210112162235598	  254  247    -99     16    620
20210112162235732	  257  250    -94     21    620
20210112162235865	  256  246    -96     15    621
20210112162235965	  255  250    -97     21    621
20210112162236032	  255  249    -97     19    620
20210112162236132	  258  249    -92     19    620
20210112162236365	  250  247   -105     16    618
20210112162236499	  242  241   -117      6    612
20210112162236632	  237  236   -124     -1    608
20210112162236732	  231  232   -133     -7    606
20210112162236865	  224  227   -144    -15    603
20210112162236999	  217  219   -154    -28    600
20210112162237099	  212  215   -161    -34    599
20210112162237232	  204  206   -173    -48    595
20210112162237365	  199  199   -180    -59    594
20210112162237499	  192  191   -191    -71    594
20210112162237632	  185  183   -201    -83    592
20210112162237732	  181  176   -207    -94    592
20210112162237865	  180  168   -210   -107    595
20210112162237999	  172  160   -221   -119    592
20210112162238132	  170  152   -225   -132    594
20210112162238266	  171  150   -224   -135    596
20210112162238366	  169  149   -227   -137    596
20210112162238499	  168  147   -228   -139    594
20210112162238632	  168  147   -228   -140    596
20210112162238766	  167  147   -230   -140    595
20210112162238899	  169  146   -227   -142    598
20210112162239132	  168  144   -228   -144    596
20210112162239266	  168  144   -229   -145    597
20210112162239399	  168  143   -229   -146    596
20210112162239533	  167  143   -230   -146    597
20210112162239633	  167  142   -230   -148    596
20210112162239899	  167  142   -230   -148    597
20210112162240033	  166  142   -232   -148    598
20210112162240166	  165  142   -233   -148    597
20210112162240266	  166  140   -232   -151    597
20210112162240399	  167  141   -231   -150    600
20210112162240533	  167  141   -231   -150    598
20210112162240666	  167  141   -231   -150    599
20210112162240800	  166  140   -232   -151    598
20210112162240900	  165  140   -234   -151    597
20210112162241033	  167  140   -231   -151    599
20210112162241166	  166  139   -232   -153    598
20210112162241300	  167  139   -231   -153    598
20210112162241433	  166  138   -232   -154    598
20210112162241533	  165  140   -234   -151    598
20210112162241666	  166  138   -232   -154    598
20210112162241800	  166  138   -232   -154    598
20210112162241933	  166  139   -233   -153    600
20210112162242033	  167  137   -231   -156    599
20210112162242167	  166  138   -232   -154    598
20210112162242300	  164  138   -235   -154    597
20210112162242433	  164  138   -235   -154    598
20210112162242567	  166  138   -232   -154    599
20210112162242700	  166  137   -233   -156    599
20210112162242800	  166  138   -233   -155    599
20210112162242933	  167  138   -232   -155    601
20210112162243067	  166  138   -233   -155    599
20210112162243200	  166  138   -233   -155    600
20210112162243300	  165  138   -234   -154    598
20210112162243434	  166  137   -232   -156    599
20210112162243567	  165  138   -234   -155    599
20210112162243700	  166  138   -233   -155    599
20210112162243834	  166  137   -232   -156    598
20210112162243967	  166  137   -232   -156    599
20210112162244100	  165  137   -234   -156    598
20210112162244200	  165  137   -233   -156    597
20210112162244334	  165  137   -233   -156    597
20210112162244367	  166  137   -232   -156    598
20210112162244504	  166  137   -232   -156    598
20210112162244636	  165  136   -234   -157    598
20210112162244768	  165  136   -234   -157    598
20210112162244900	  166  137   -232   -156    598
20210112162244999	  166  137   -232   -156    598
20210112162245131	  165  136   -234   -158    598
20210112162245263	  165  136   -234   -157    598
20210112162245400	  166  134   -232   -161    598
20210112162245546	  165  136   -234   -157    598
20210112162245656	  165  135   -234   -159    598
20210112162245803	  164  135   -235   -159    598
20210112162245951	  165  135   -234   -159    599
20210112162246098	  165  135   -234   -159    598
20210112162246246	  165  135   -234   -159    598
20210112162246358	  166  136   -232   -158    598
20210112162246501	  166  136   -232   -158    598
20210112162246634	  165  135   -234   -159    598
20210112162246768	  164  135   -235   -159    597
20210112162246868	  165  135   -234   -159    598
20210112162247001	  165  136   -234   -157    598
20210112162247135	  165  135   -234   -159    598
20210112162247268	  166  135   -232   -159    599
20210112162247401	  164  136   -235   -158    598
20210112162247501	  165  135   -234   -159    598
20210112162247635	  165  135   -234   -159    599
20210112162247768	  165  134   -234   -161    598
20210112162247902	  164  136   -235   -157    598
20210112162248035	  165  134   -234   -161    598
20210112162248135	  165  135   -234   -159    598
20210112162248268	  166  135   -233   -160    600
20210112162248402	  165  134   -234   -161    598
20210112162248535	  167  134   -231   -161    600
20210112162248635	  167  133   -232   -163    601
20210112162248768	  166  136   -232   -158    598
20210112162248902	  170  147   -226   -140    598
20210112162249035	  168  149   -228   -136    594
20210112162249169	  172  157   -222   -124    595
20210112162249269	  177  166   -215   -110    596
20210112162249402	  179  168   -211   -107    593
20210112162249535	  183  178   -205    -91    595
20210112162249669	  191  187   -193    -77    595
20210112162249802	  195  195   -187    -65    597
20210112162249902	  200  201   -179    -56    597
20210112162250169	  217  218   -154    -29    602
20210112162250302	  224  226   -144    -17    606
20210112162250435	  233  232   -131     -7    609
20210112162250569	  241  239   -119      3    613
20210112162250702	  247  241   -110      6    616
20210112162250836	  247  243   -109     10    615
20210112162250969	  248  245   -108     13    617
20210112162251102	  247  244   -110     11    617
20210112162251202	  249  246   -106     14    616
20210112162251336	  251  245   -103     13    618
20210112162251469	  251  245   -103     13    617
20210112162251602	  252  248   -102     18    619
20210112162251736	  256  249    -96     19    619
20210112162251869	  252  247   -102     16    618
20210112162252003	  253  248   -100     18    619
20210112162252136	  257  249    -94     19    620
20210112162252269	  257  248    -94     18    619
20210112162252403	  254  246    -99     15    621
20210112162252536	  244  242   -114      8    612
20210112162252636	  240  237   -120      0    611
20210112162252803	  233  235   -130     -2    607
20210112162252936	  223  227   -145    -15    603
20210112162253069	  217  219   -154    -28    601
20210112162253203	  210  213   -164    -37    597
20210112162253336	  201  205   -177    -49    595
20210112162253470	  198  198   -182    -60    595
20210112162253603	  191  190   -192    -72    593
20210112162253736	  186  182   -200    -85    593
20210112162253870	  179  173   -210    -99    593
20210112162253970	  177  167   -213   -108    593
20210112162254036	  176  162   -216   -116    594
20210112162254236	  169  150   -226   -135    594
20210112162254370	  170  148   -225   -138    596
20210112162254503	  169  148   -227   -138    595
20210112162254637	  169  147   -228   -140    596
20210112162254770	  169  145   -227   -143    597
20210112162255070	  169  143   -227   -146    597
20210112162255203	  167  142   -230   -148    596
20210112162255603	  165  142   -233   -147    595
20210112162255770	  168  140   -229   -151    598
20210112162255870	  168  140   -230   -151    599
20210112162256004	  167  141   -231   -150    599
20210112162256137	  167  140   -231   -151    599
20210112162256270	  165  140   -234   -151    598
20210112162256437	  167  140   -232   -152    600
20210112162256570	  165  139   -234   -153    598
20210112162256704	  166  139   -232   -153    598
20210112162256837	  166  138   -232   -154    597
20210112162256970	  165  140   -234   -151    599
20210112162257104	  167  137   -231   -156    599
20210112162257237	  167  138   -231   -155    600
20210112162257371	  167  138   -231   -155    599
20210112162257504	  167  137   -231   -156    599
20210112162257671	  166  137   -232   -156    597
20210112162257804	  165  138   -234   -154    598
20210112162257871	  167  138   -231   -155    599
20210112162258071	  166  137   -232   -156    598
20210112162258237	  167  138   -231   -155    599
20210112162258371	  165  136   -233   -157    597
20210112162258504	  166  137   -232   -156    598
20210112162258637	  166  137   -232   -156    598
20210112162258804	  166  137   -233   -156    599
20210112162258938	  165  137   -233   -156    597
20210112162259071	  165  136   -233   -157    597
20210112162259204	  165  137   -233   -156    597
20210112162259338	  166  137   -233   -156    599
20210112162259504	  167  138   -231   -155    600
20210112162259638	  164  136   -235   -158    598
20210112162259771	  164  136   -235   -157    598
20210112162259904	  164  136   -235   -157    597
20210112162300071	  166  136   -233   -158    599
20210112162300205	  165  136   -234   -157    598
20210112162300338	  165  135   -234   -159    598
20210112162300471	  165  137   -234   -156    599
20210112162300638	  165  135   -234   -159    598
20210112162300771	  165  135   -234   -159    599
20210112162300938	  167  134   -231   -161    599
20210112162301038	  165  137   -234   -156    599
20210112162301205	  164  135   -235   -159    597
20210112162301338	  164  135   -235   -159    598
20210112162301472	  165  135   -234   -159    598
20210112162301605	  165  134   -234   -161    598
20210112162301772	  165  134   -234   -161    598
20210112162301905	  166  135   -233   -159    599
20210112162302038	  165  135   -234   -159    598
20210112162302172	  167  134   -231   -161    599
20210112162302338	  165  134   -234   -161    598
20210112162302472	  164  136   -235   -157    598
20210112162302605	  164  134   -235   -160    597
20210112162302772	  166  134   -233   -161    599
20210112162302905	  165  134   -234   -161    598
20210112162303039	  165  134   -234   -161    599
20210112162303172	  165  134   -234   -161    599
20210112162303339	  166  135   -233   -159    599
20210112162303472	  165  134   -234   -161    598
20210112162303605	  164  134   -235   -161    598
20210112162303739	  165  134   -234   -161    598
20210112162303905	  166  133   -233   -163    600
20210112162304039	  165  133   -234   -162    598
20210112162304172	  165  134   -234   -161    598
20210112162304306	  165  134   -234   -161    598
20210112162304472	  165  134   -234   -161    598
20210112162304606	  165  133   -234   -162    598
20210112162304772	  165  134   -234   -161    599
20210112162304906	  164  138   -235   -154    598
20210112162305006	  170  146   -226   -142    598
20210112162305006	  170  146   -226   -142    598
20210112162305072	  170  146   -226   -142    597
20210112162305139	  170  149   -225   -137    595
20210112162305206	  172  152   -222   -132    596
20210112162305272	  171  156   -223   -126    595
20210112162305306	  173  159   -221   -121    595
20210112162305306	  176  161   -218   -119    599
20210112162305406	  177  164   -214   -113    594
20210112162305439	  178  164   -213   -113    595
20210112162305606	  184  176   -203    -94    594
20210112162305639	  184  177   -203    -93    593
20210112162305773	  188  187   -198    -77    595
20210112162305839	  193  190   -190    -73    595
20210112162305973	  199  199   -181    -59    596
20210112162306073	  205  206   -172    -48    599
20210112162306106	  207  208   -169    -45    598
20210112162306173	  208  211   -167    -40    598
20210112162306473	  228  230   -138    -10    608
20210112162306773	  246  241   -111      6    616
20210112162307073	  246  244   -111     11    616
20210112162307406	  249  246   -107     15    618
20210112162307740	  253  247   -100     16    618
20210112162308006	  253  246   -100     15    619
20210112162308340	  253  248   -100     18    618
20210112162308507	  252  248   -102     18    618
20210112162308573	  249  244   -106     11    615
20210112162308873	  233  233   -130     -6    607
20210112162309173	  218  218   -152    -29    601
20210112162309507	  199  201   -180    -55    593
20210112162309807	  186  182   -200    -85    593
20210112162309940	  179  174   -210    -97    593
20210112162310107	  175  162   -217   -116    594
20210112162310407	  168  149   -228   -136    594
20210112162310641	  168  146   -228   -141    596
20210112162311074	  168  143   -228   -146    596
20210112162311207	  166  143   -232   -146    596
20210112162311374	  165  142   -233   -147    596
20210112162311507	  167  142   -231   -148    598
20210112162311641	  166  140   -232   -151    598
20210112162311774	  165  141   -234   -150    598
20210112162311941	  166  141   -232   -150    598
20210112162312074	  166  139   -232   -153    598
20210112162312208	  165  140   -234   -151    598
20210112162312341	  166  138   -232   -154    598
20210112162312508	  167  139   -231   -153    599
20210112162312641	  167  139   -232   -153    600
20210112162312774	  167  138   -231   -155    599
20210112162312941	  167  138   -232   -155    600
20210112162313074	  166  138   -233   -155    599
20210112162313208	  165  138   -234   -154    598
20210112162313341	  164  137   -235   -156    598
20210112162313508	  165  138   -234   -154    599
20210112162313641	  166  138   -233   -155    599
20210112162313775	  166  137   -233   -156    599
20210112162313908	  166  137   -232   -156    598
20210112162314075	  165  137   -234   -156    598
20210112162314208	  166  136   -232   -158    599
20210112162314341	  165  136   -234   -157    598
20210112162314475	  167  136   -231   -158    600
20210112162314642	  166  137   -233   -156    600
20210112162314775	  166  136   -232   -158    598
20210112162314908	  166  137   -233   -156    599
20210112162315042	  166  137   -233   -156    600
20210112162315208	  165  135   -234   -159    598
20210112162315342	  165  135   -234   -159    598
20210112162315475	  165  134   -234   -161    598
20210112162315642	  165  135   -234   -159    598
20210112162315775	  166  136   -233   -158    600
20210112162315909	  165  135   -234   -159    598
20210112162316042	  165  135   -234   -159    599
20210112162316209	  165  135   -234   -159    598
20210112162316342	  164  135   -235   -159    598
20210112162316475	  166  134   -233   -161    600
20210112162316609	  164  134   -235   -161    598
20210112162316775	  165  135   -234   -159    598
20210112162316909	  165  136   -234   -158    599
20210112162317042	  166  136   -233   -158    599
20210112162317176	  163  134   -237   -161    599
20210112162317342	  164  135   -235   -159    598
20210112162317476	  165  134   -234   -161    598
20210112162317609	  165  134   -234   -161    599
20210112162317776	  166  135   -233   -159    599
20210112162317909	  164  134   -236   -161    599
20210112162318042	  164  135   -236   -159    598
20210112162318176	  164  134   -236   -161    599
20210112162318343	  165  134   -234   -161    599
20210112162318476	  165  133   -234   -162    599
20210112162318609	  166  133   -233   -163    599
20210112162318743	  165  134   -234   -161    599
20210112162318909	  165  133   -234   -162    599
20210112162319043	  166  133   -233   -163    600
20210112162319176	  164  134   -235   -161    598
20210112162319343	  165  134   -234   -161    599
20210112162319476	  164  134   -236   -161    599
20210112162319609	  163  133   -237   -162    599
20210112162319743	  163  132   -237   -164    599
20210112162319910	  166  133   -233   -163    600
20210112162320043	  164  133   -236   -162    599
20210112162320176	  165  133   -234   -163    599
20210112162320310	  164  133   -236   -162    599
20210112162320476	  165  133   -234   -162    599
20210112162320610	  163  133   -237   -162    599
20210112162320743	  165  134   -234   -161    598
20210112162320910	  164  133   -236   -162    599
20210112162321043	  169  141   -229   -150    601
20210112162321177	  170  145   -226   -143    598
20210112162321310	  174  154   -219   -129    597
20210112162321477	  175  163   -217   -115    595
20210112162321610	  181  171   -208   -102    596
20210112162321743	  183  178   -205    -91    594
20210112162321877	  191  187   -193    -78    597
20210112162322043	  198  198   -182    -60    596
20210112162322177	  206  206   -171    -48    598
20210112162322310	  211  214   -163    -35    598
20210112162322443	  221  222   -148    -23    603
20210112162322744	  241  238   -119      1    613
20210112162322877	  243  242   -116      8    614
20210112162323044	  246  242   -111      8    613
20210112162323144	  248  243   -108     10    615
20210112162323310	  247  244   -110     11    616
20210112162323444	  248  245   -108     13    616
20210112162323610	  252  245   -102     13    618
20210112162323744	  249  245   -106     13    616
20210112162323877	  252  247   -102     16    619
20210112162324011	  253  246   -100     15    619
20210112162324177	  253  247   -101     16    621
20210112162324311	  252  247   -102     16    618
20210112162324477	  251  248   -104     18    619
20210112162324611	  251  247   -104     16    619
20210112162324744	  240  239   -120      3    611
20210112162324911	  236  234   -126     -4    608
20210112162325044	  224  228   -144    -14    605
20210112162325178	  219  222   -151    -23    601
20210112162325311	  212  215   -162    -34    600
20210112162325478	  203  206   -174    -48    595
20210112162325611	  199  198   -180    -60    594
20210112162325744	  192  190   -192    -73    596
20210112162325911	  185  180   -201    -88    592
20210112162326044	  179  173   -211    -99    593
20210112162326178	  173  163   -219   -114    592
20210112162326344	  171  153   -224   -130    595
20210112162326478	  167  148   -229   -138    594
20210112162326611	  167  147   -229   -139    594
20210112162326778	  168  145   -228   -143    596
20210112162327045	  166  143   -231   -146    595
20210112162327178	  168  143   -228   -146    597
20210112162327311	  166  142   -232   -148    596
20210112162327478	  167  142   -231   -148    598
20210112162327578	  165  140   -233   -151    597
20210112162327578	  165  141   -234   -149    597
20210112162327711	  166  139   -232   -153    597
20210112162327778	  167  140   -231   -151    599
20210112162327978	  166  139   -232   -153    597
20210112162328312	  165  138   -234   -154    598
20210112162328478	  167  138   -231   -155    599
20210112162328612	  165  139   -234   -153    598
20210112162328778	  166  138   -232   -154    598
20210112162328912	  165  138   -234   -154    598
20210112162329045	  167  138   -231   -155    600
20210112162329179	  165  138   -234   -155    600
20210112162329345	  167  136   -231   -158    599
20210112162329479	  164  136   -235   -157    597
20210112162329612	  164  137   -235   -156    597
20210112162329779	  166  137   -233   -156    599
20210112162329912	  165  136   -233   -157    597
20210112162330079	  166  134   -232   -161    599
20210112162330212	  165  135   -233   -159    597
20210112162330379	  164  135   -235   -159    598
20210112162330512	  165  135   -234   -159    598
20210112162330646	  165  136   -234   -157    598
20210112162330779	  165  135   -234   -159    598
20210112162330946	  165  135   -234   -159    599
20210112162331079	  165  135   -234   -159    598
20210112162331212	  163  135   -237   -159    598
20210112162331379	  165  135   -234   -159    599
20210112162331512	  167  136   -231   -158    600
20210112162331646	  165  134   -234   -161    598
20210112162331779	  166  133   -232   -162    599
20210112162331946	  166  133   -232   -162    599
20210112162332079	  164  135   -236   -159    599
20210112162332213	  167  134   -231   -161    599
20210112162332346	  166  133   -232   -162    599
20210112162332513	  165  134   -234   -161    598
20210112162332646	  165  134   -234   -161    599
20210112162332779	  165  134   -234   -161    599
20210112162332946	  165  134   -234   -161    598
20210112162333079	  165  133   -234   -162    598
20210112162333213	  164  134   -235   -161    598
20210112162333346	  165  134   -234   -161    598
20210112162333513	  166  133   -233   -163    600
20210112162333646	  165  134   -234   -161    598
20210112162333813	  164  134   -235   -161    598
20210112162333946	  163  133   -237   -162    599
20210112162334080	  165  134   -234   -161    599
20210112162334246	  165  134   -234   -161    599
20210112162334380	  164  132   -236   -164    599
20210112162334513	  164  134   -236   -161    599
20210112162334680	  166  133   -233   -163    600
20210112162334813	  164  132   -236   -164    599
20210112162334980	  163  133   -237   -162    599
20210112162335113	  163  133   -237   -162    599
20210112162335213	  165  133   -234   -163    600
20210112162335380	  164  134   -235   -161    598
20210112162335547	  165  131   -234   -166    600
20210112162335680	  163  132   -237   -164    599
20210112162335847	  166  132   -233   -164    600
20210112162335980	  164  132   -236   -164    599
20210112162336147	  164  132   -236   -164    599
20210112162336280	  163  132   -237   -164    599
20210112162336447	  165  133   -235   -163    600
20210112162336580	  165  132   -235   -164    601
20210112162336714	  164  132   -236   -164    599
20210112162336880	  164  131   -236   -165    599
20210112162337014	  165  133   -234   -163    600
20210112162337147	  166  141   -233   -150    599
20210112162337314	  169  146   -228   -141    596
20210112162337481	  173  153   -220   -130    595
20210112162337614	  178  165   -213   -112    595
20210112162337781	  184  175   -203    -96    595
20210112162337914	  187  184   -199    -82    595
20210112162338081	  195  194   -187    -67    596
20210112162338214	  201  201   -178    -56    596
20210112162338381	  212  213   -161    -37    599
20210112162338514	  218  222   -154    -23    605
20210112162338814	  239  237   -122      0    612
20210112162338948	  243  242   -116      8    614
20210112162339114	  244  241   -114      6    614
20210112162339281	  246  244   -111     11    615
20210112162339448	  246  243   -111     10    615
20210112162339581	  250  245   -105     13    617
20210112162339748	  248  245   -108     13    617
20210112162339914	  251  245   -103     13    617
20210112162340048	  251  248   -104     18    619
20210112162340215	  251  248   -104     18    619
20210112162340381	  253  246   -100     15    619
20210112162340515	  253  247   -100     16    618
20210112162340681	  249  246   -107     15    619
20210112162340848	  240  237   -120      0    611
20210112162341015	  234  233   -129     -5    608
20210112162341148	  224  225   -144    -18    604
20210112162341315	  217  218   -154    -29    601
20210112162341482	  207  209   -169    -43    597
20210112162341615	  199  202   -181    -54    595
20210112162341782	  193  192   -189    -69    594
20210112162341948	  185  182   -201    -85    593
20210112162342115	  179  171   -210   -102    593
20210112162342248	  175  162   -217   -116    595
20210112162342415	  169  153   -226   -130    594
20210112162342749	  166  145   -232   -143    596
20210112162342882	  169  144   -227   -144    595
20210112162343049	  167  143   -230   -146    596
20210112162343215	  167  141   -230   -149    596
20210112162343382	  167  141   -231   -150    598
20210112162343515	  166  140   -232   -151    598
20210112162343682	  166  140   -232   -151    598
20210112162343849	  167  139   -231   -153    600
20210112162343982	  167  139   -231   -153    599
20210112162344149	  166  138   -232   -154    598
20210112162344316	  166  138   -233   -155    599
20210112162344449	  166  138   -232   -154    599
20210112162344616	  165  138   -234   -154    598
20210112162344782	  167  136   -231   -158    600
20210112162344916	  165  137   -234   -156    597
20210112162345083	  165  136   -234   -157    598
20210112162345249	  164  137   -235   -156    597
20210112162345383	  165  136   -234   -158    598
20210112162345549	  166  136   -232   -158    598
20210112162345716	  165  137   -234   -156    598
20210112162345883	  166  136   -232   -158    598
20210112162346016	  164  135   -235   -159    598
20210112162346183	  164  135   -235   -159    598
20210112162346249	  166  135   -233   -159    599
20210112162346783	  165  135   -234   -159    598
20210112162347016	  166  135   -232   -159    598
20210112162347183	  163  134   -237   -161    598
20210112162347350	  165  135   -234   -159    598
20210112162347483	  165  134   -234   -161    598
20210112162347650	  165  134   -234   -161    598
20210112162347817	  165  134   -234   -161    599
20210112162347950	  166  133   -233   -163    600
20210112162348117	  165  134   -234   -161    599
20210112162348283	  165  133   -234   -162    599
20210112162348417	  163  134   -237   -161    599
20210112162348583	  165  133   -234   -162    599
20210112162348750	  165  132   -235   -164    600
20210112162348883	  165  134   -234   -161    599
20210112162349050	  163  134   -237   -161    599
20210112162349217	  165  132   -234   -164    600
20210112162349350	  165  133   -234   -163    600
20210112162349517	  165  134   -234   -161    600
20210112162349684	  164  131   -236   -166    599
20210112162349817	  165  134   -234   -161    600
20210112162349984	  164  133   -236   -163    600
20210112162350150	  165  133   -235   -163    600
20210112162350317	  164  133   -236   -162    599
20210112162350450	  165  133   -234   -163    599
20210112162350617	  163  133   -238   -163    600
20210112162350784	  165  133   -234   -163    600
20210112162350951	  165  133   -235   -163    600
20210112162351084	  164  132   -236   -164    599
20210112162351251	  165  131   -235   -166    601
20210112162351417	  164  133   -236   -163    600
20210112162351584	  165  131   -235   -166    601
20210112162351717	  164  133   -236   -163    599
20210112162351884	  165  133   -235   -163    600
20210112162352051	  166  131   -234   -166    602
20210112162352218	  164  131   -236   -166    600
20210112162352351	  163  132   -237   -164    599
20210112162352518	  164  131   -236   -166    601
20210112162352684	  164  131   -236   -166    601
20210112162352851	  164  133   -236   -163    599
20210112162352984	  163  131   -237   -166    599
20210112162353151	  167  136   -232   -158    601
20210112162353318	  169  144   -227   -145    597
20210112162353485	  172  152   -222   -132    596
20210112162353618	  175  161   -218   -118    597
20210112162353785	  181  171   -208   -102    595
20210112162353951	  186  181   -200    -87    594
20210112162354118	  193  191   -190    -71    596
20210112162354251	  198  199   -182    -59    596
20210112162354418	  210  210   -165    -42    599
20210112162354585	  218  220   -153    -26    604
20210112162354718	  229  229   -137    -12    609
20210112162354885	  241  238   -119      1    612
20210112162355052	  242  240   -117      5    615
20210112162355218	  244  241   -114      6    613
20210112162355352	  246  242   -111      8    614
20210112162355518	  246  244   -111     11    615
20210112162355685	  247  242   -110      8    616
20210112162355852	  248  244   -108     11    617
20210112162355985	  250  244   -105     11    617
20210112162356152	  248  246   -108     14    617
20210112162356319	  250  246   -105     15    618
20210112162356485	  252  247   -102     16    618
20210112162356619	  251  246   -104     15    619
20210112162356785	  246  244   -111     11    617
20210112162356952	  236  238   -126      1    610
20210112162357119	  228  230   -139    -11    608
20210112162357252	  223  224   -146    -20    605
20210112162357419	  212  215   -162    -34    599
20210112162357586	  204  206   -173    -48    597
20210112162357752	  196  196   -185    -63    594
20210112162357886	  189  189   -195    -74    593
20210112162358052	  183  178   -204    -91    592
20210112162358186	  179  170   -211   -104    593
20210112162358286	  174  163   -218   -114    593
20210112162358519	  170  150   -225   -135    596
20210112162358686	  168  146   -228   -141    595
20210112162358853	  167  145   -231   -143    596
20210112162358986	  167  142   -230   -148    596
20210112162359153	  167  143   -230   -146    596
20210112162359319	  166  140   -232   -151    598
20210112162359486	  167  140   -231   -151    598
20210112162359653	  167  140   -231   -151    599
20210112162359786	  166  139   -232   -153    598
20210112162359953	  166  138   -233   -155    599
20210112162400120	  166  138   -232   -154    599
20210112162400286	  165  139   -234   -153    597
20210112162400420	  164  138   -235   -154    598
20210112162400586	  167  137   -231   -156    600
20210112162400753	  166  137   -232   -156    598
20210112162400920	  166  137   -233   -156    599
20210112162401053	  164  136   -235   -157    598
20210112162401220	  165  137   -234   -156    599
20210112162401387	  165  135   -234   -159    598
20210112162401520	  166  136   -233   -158    599
20210112162401687	  165  135   -234   -159    598
20210112162401853	  165  135   -234   -159    598
20210112162401987	  165  135   -234   -159    598
20210112162402187	  165  135   -234   -159    598
20210112162402354	  166  133   -233   -162    599
20210112162402520	  165  134   -234   -161    598
20210112162402687	  165  134   -234   -161    598
20210112162402820	  166  134   -233   -161    600
20210112162402987	  165  133   -234   -162    598
20210112162403154	  166  133   -233   -162    599
20210112162403320	  164  134   -235   -160    598
20210112162403454	  166  133   -233   -163    599
20210112162403621	  165  134   -234   -161    598
20210112162403787	  165  134   -234   -161    599
20210112162403954	  164  134   -236   -161    599
20210112162404087	  165  133   -234   -162    599
20210112162404254	  163  133   -237   -162    599
20210112162404421	  164  134   -236   -161    599
20210112162404554	  163  133   -237   -162    599
20210112162404721	  165  133   -235   -163    600
20210112162404888	  164  132   -236   -164    599
20210112162405054	  165  133   -234   -162    599
20210112162405188	  165  133   -235   -163    600
20210112162405354	  165  133   -234   -162    599
20210112162405521	  163  133   -237   -162    599
20210112162405688	  164  133   -236   -162    599
20210112162405821	  165  132   -234   -164    600
20210112162405988	  164  133   -236   -163    599
20210112162406155	  164  132   -236   -164    601
20210112162406321	  165  132   -235   -164    600
20210112162406455	  165  131   -234   -166    600
20210112162406621	  165  131   -235   -166    600
20210112162406788	  164  131   -236   -166    599
20210112162406921	  164  132   -236   -164    601
20210112162407121	  165  131   -234   -166    600
20210112162407155	  163  132   -238   -164    600
20210112162407421	  166  130   -233   -168    601
20210112162407555	  165  132   -235   -164    600
20210112162407722	  165  130   -235   -168    601
20210112162407888	  165  132   -234   -164    600
20210112162408055	  165  132   -235   -164    600
20210112162408188	  164  130   -236   -167    599
20210112162408355	  163  132   -238   -164    600
20210112162408522	  164  131   -236   -166    600
20210112162408688	  163  131   -237   -166    599
20210112162408822	  163  132   -237   -164    599
20210112162408989	  164  131   -236   -166    600
20210112162409155	  164  131   -236   -166    601
20210112162409289	  167  140   -231   -151    599
20210112162409455	  169  148   -228   -139    598
20210112162409622	  171  155   -223   -127    594
20210112162409789	  178  164   -213   -113    595
20210112162409922	  184  174   -204    -98    596
20210112162410089	  189  184   -196    -82    596
20210112162410256	  196  194   -186    -67    596
20210112162410422	  205  207   -172    -46    598
20210112162410556	  212  213   -161    -37    598
20210112162410722	  222  223   -148    -21    604
20210112162411056	  243  239   -116      3    613
20210112162411189	  242  240   -117      5    613
20210112162411356	  243  242   -116      8    616
20210112162411522	  247  242   -109      8    614
20210112162411689	  246  244   -111     11    615
20210112162411823	  248  244   -108     11    615
20210112162411989	  250  243   -105     10    617
20210112162412156	  249  246   -107     14    617
20210112162412289	  249  245   -106     13    617
20210112162412356	  249  246   -106     14    617
20210112162412556	  252  246   -102     15    617
20210112162412789	  252  246   -102     15    619
20210112162412923	  242  240   -117      5    615
20210112162413123	  233  235   -130     -2    608
20210112162413290	  228  228   -137    -14    607
20210112162413456	  217  218   -154    -29    601
20210112162413590	  208  211   -167    -40    597
20210112162413923	  193  193   -190    -68    594
20210112162414090	  186  183   -200    -83    593
20210112162414223	  180  174   -209    -97    593
20210112162414390	  175  162   -217   -116    594
20210112162414557	  169  153   -226   -130    594
20210112162414723	  168  146   -228   -141    594
20210112162414857	  166  146   -231   -141    595
20210112162415023	  168  143   -229   -146    597
20210112162415190	  167  142   -230   -148    596
20210112162415323	  166  141   -232   -149    597
20210112162415490	  167  140   -231   -152    600
20210112162415657	  167  140   -231   -152    600
20210112162415824	  166  139   -232   -153    598
20210112162415957	  166  138   -232   -154    598
20210112162416124	  165  137   -234   -156    598
20210112162416290	  166  137   -232   -156    598
20210112162416457	  166  137   -232   -156    599
20210112162416590	  164  137   -235   -156    598
20210112162416757	  165  136   -234   -157    598
20210112162416924	  165  136   -234   -157    598
20210112162417091	  164  136   -235   -157    597
20210112162417224	  164  136   -235   -157    598
20210112162417291	  166  136   -232   -157    598
20210112162417324	  165  135   -234   -159    598
20210112162417524	  165  136   -234   -157    598
20210112162417857	  165  135   -234   -159    598
20210112162418024	  165  136   -234   -157    598
20210112162418191	  165  133   -234   -162    598
20210112162418358	  167  134   -231   -161    600
20210112162418491	  164  134   -235   -161    598
20210112162418658	  165  134   -234   -161    599
20210112162418824	  166  133   -233   -162    599
20210112162418958	  165  133   -234   -162    599
20210112162419158	  165  134   -234   -161    599
20210112162419324	  163  134   -237   -161    599
20210112162419458	  165  133   -234   -163    600
20210112162419658	  165  133   -234   -162    599
20210112162419791	  164  134   -236   -161    599
20210112162419958	  165  133   -234   -162    598
20210112162420125	  164  134   -236   -161    599
20210112162420258	  163  133   -237   -162    599
20210112162420425	  165  133   -234   -163    600
20210112162420591	  164  132   -236   -164    599
20210112162420758	  163  133   -237   -163    599
20210112162420925	  164  132   -236   -164    600
20210112162421092	  166  131   -233   -166    601
20210112162421258	  165  132   -234   -164    600
20210112162421392	  163  133   -237   -162    599
20210112162421558	  165  132   -235   -164    600
20210112162421725	  165  133   -234   -163    600
20210112162421892	  164  131   -236   -165    599
20210112162422025	  166  131   -234   -166    602
20210112162422225	  164  132   -236   -164    599
20210112162422359	  164  132   -236   -164    600
20210112162422525	  164  132   -236   -164    599
20210112162422692	  163  132   -238   -164    601
20210112162422859	  164  132   -236   -164    600
20210112162422992	  164  132   -236   -164    601
20210112162423159	  163  132   -238   -164    600
20210112162423325	  166  130   -233   -168    601
20210112162423492	  162  131   -239   -165    599
20210112162423659	  163  132   -238   -164    601
20210112162423826	  164  131   -236   -166    599
20210112162423992	  164  132   -236   -164    600
20210112162424159	  166  130   -234   -168    602
20210112162424326	  164  132   -236   -164    601
20210112162424492	  163  132   -238   -164    600
20210112162424659	  165  130   -234   -167    599
20210112162424826	  163  132   -238   -164    601
20210112162424993	  165  131   -234   -166    600
20210112162425159	  164  131   -236   -166    600
20210112162425326	  165  132   -234   -164    599
20210112162425493	  169  144   -228   -145    599
20210112162425693	  172  152   -222   -132    596
20210112162425859	  175  162   -217   -116    595
20210112162426026	  182  172   -206   -101    594
20210112162426193	  188  184   -198    -82    595
20210112162426360	  195  193   -187    -68    596
20210112162426526	  202  205   -177    -50    599
20210112162426693	  212  213   -162    -37    601
20210112162426860	  222  225   -148    -18    606
20210112162427026	  233  233   -131     -6    609
20210112162427193	  242  239   -117      3    615
20210112162427393	  242  241   -117      6    613
20210112162427560	  246  244   -111     11    616
20210112162427693	  248  243   -107     10    614
20210112162427760	  246  244   -111     11    614
20210112162428027	  247  245   -109     13    615
20210112162428160	  248  243   -108     10    616
20210112162428360	  251  246   -103     14    617
20210112162428560	  249  246   -107     14    617
20210112162428727	  253  246   -100     15    619
20210112162428894	  250  246   -105     15    618
20210112162429060	  239  240   -122      5    611
20210112162429227	  233  233   -130     -6    607
20210112162429427	  220  225   -150    -18    603
20210112162429560	  216  218   -155    -29    599
20210112162429760	  205  207   -171    -46    595
20210112162429927	  198  198   -182    -60    595
20210112162430094	  190  187   -194    -77    594
20210112162430261	  183  178   -204    -91    592
20210112162430427	  177  168   -214   -107    594
20210112162430594	  172  156   -222   -126    595
20210112162430794	  166  146   -231   -141    594
20210112162430961	  167  146   -231   -141    596
20210112162431128	  167  142   -230   -148    596
20210112162431294	  167  141   -230   -149    597
20210112162431461	  167  140   -231   -151    598
20210112162431628	  166  140   -233   -151    599
20210112162431828	  166  137   -232   -156    598
20210112162431994	  167  139   -232   -153    601
20210112162432161	  166  139   -233   -153    599
20210112162432328	  164  137   -235   -156    597
20210112162432528	  166  137   -232   -156    598
20210112162432695	  166  137   -233   -156    600
20210112162432861	  167  136   -231   -158    600
20210112162432928	  165  137   -234   -156    599
20210112162433195	  165  136   -234   -158    600
20210112162433395	  164  135   -236   -159    599
20210112162433561	  165  135   -234   -159    599
20210112162433728	  166  135   -233   -160    600
20210112162433895	  164  135   -235   -159    598
20210112162434062	  165  134   -234   -161    598
20210112162434262	  166  134   -233   -161    599
20210112162434428	  165  134   -234   -161    599
20210112162434595	  165  133   -234   -162    599
20210112162434762	  165  133   -234   -162    598
20210112162434928	  165  134   -234   -161    599
20210112162435095	  165  134   -234   -161    599
20210112162435295	  165  134   -234   -161    599
20210112162435462	  166  133   -233   -163    600
20210112162435629	  165  133   -234   -162    599
20210112162435829	  165  133   -235   -163    601
20210112162435995	  164  131   -236   -166    599
20210112162436162	  164  133   -236   -162    599
20210112162436329	  163  132   -237   -164    599
20210112162436496	  163  132   -237   -164    599
20210112162436696	  165  132   -235   -164    601
20210112162436862	  164  133   -236   -163    600
20210112162437029	  163  130   -237   -167    598
20210112162437196	  164  131   -236   -166    600
20210112162437362	  165  132   -235   -164    601
20210112162437529	  164  131   -236   -166    599
20210112162437729	  164  131   -236   -166    599
20210112162437896	  164  131   -236   -166    599
20210112162438063	  165  130   -234   -167    599
20210112162438163	  164  131   -236   -166    599
20210112162438429	  164  132   -236   -164    600
20210112162438596	  163  131   -237   -166    599
20210112162438763	  164  130   -235   -167    598
20210112162438929	  164  131   -236   -166    599
20210112162439096	  165  132   -235   -164    600
20210112162439296	  164  131   -236   -166    599
20210112162439463	  164  130   -236   -167    599
20210112162439630	  163  129   -237   -169    599
20210112162439796	  164  131   -236   -166    600
20210112162439996	  164  131   -236   -166    599
20210112162440163	  163  131   -237   -166    599
20210112162440330	  165  131   -235   -166    600
20210112162440497	  164  130   -236   -167    599
20210112162440663	  164  130   -236   -168    600
20210112162440830	  163  131   -237   -166    599
20210112162441030	  164  130   -236   -167    599
20210112162441197	  165  130   -235   -168    602
20210112162441363	  162  130   -239   -167    599
20210112162441530	  169  142   -228   -149    600
20210112162441697	  170  148   -226   -139    597
20210112162441897	  176  160   -216   -119    595
20210112162442064	  180  169   -210   -106    596
20210112162442230	  183  179   -205    -90    595
20210112162442397	  192  189   -192    -75    598
20210112162442597	  201  203   -178    -53    598
20210112162442764	  211  212   -163    -39    599
20210112162442930	  223  223   -146    -22    606
20210112162443097	  232  232   -132     -7    610
20210112162443297	  241  240   -119      5    614
20210112162443464	  241  239   -119      3    613
20210112162443631	  245  242   -112      8    614
20210112162443797	  244  243   -114     10    615
20210112162443964	  246  244   -111     11    616
20210112162444164	  249  244   -106     11    615
20210112162444331	  249  245   -106     13    616
20210112162444498	  250  245   -104     13    615
20210112162444664	  250  246   -105     15    619
20210112162444831	  252  246   -102     15    618
20210112162445031	  252  246   -102     15    619
20210112162445198	  253  246   -100     15    620
20210112162445364	  252  247   -102     16    618
20210112162445531	  253  247   -100     16    619
20210112162445698	  252  247   -102     16    618
20210112162445898	  253  247   -100     16    618
20210112162446065	  254  247    -99     16    620
20210112162446231	  254  246    -99     15    619
20210112162446398	  254  247    -99     16    620
20210112162446565	  253  248   -100     18    618
20210112162446765	  253  248   -100     18    619
20210112162446931	  254  247    -99     16    619
20210112162447098	  254  249    -99     19    618
20210112162447265	  255  250    -97     21    621
20210112162447465	  256  248    -96     18    619
20210112162447632	  258  249    -93     20    621
20210112162447798	  256  249    -96     20    621
20210112162447965	  257  251    -94     23    623
20210112162448132	  255  251    -97     23    619
20210112162448298	  258  249    -93     20    622
20210112162448498	  256  250    -96     21    620
20210112162448665	  256  250    -96     21    623
20210112162448799	  258  249    -92     19    620
20210112162448899	  257  251    -94     23    621
20210112162449199	  257  250    -94     21    621
20210112162449365	  259  251    -91     23    623
20210112162449532	  258  249    -93     20    621
20210112162449699	  258  251    -93     23    623
20210112162449865	  257  251    -94     23    621
20210112162450066	  258  249    -93     20    623
20210112162450232	  258  252    -93     25    623
20210112162450399	  258  252    -93     25    623
20210112162450599	  258  250    -93     21    623
20210112162450766	  260  252    -90     25    624
20210112162450932	  260  251    -90     23    624
20210112162451099	  258  250    -93     21    623
20210112162451299	  259  250    -91     21    623
20210112162451466	  259  253    -91     26    623
20210112162451633	  258  252    -93     24    622
20210112162451799	  259  252    -91     25    623
20210112162451966	  259  252    -91     24    622
20210112162452166	  259  253    -91     26    624
20210112162452266	  259  252    -91     25    623
