20210112162113875	  324  260     15     38    634
20210112162114074	  323  260     13     38    635
20210112162114173	  323  260     13     38    635
20210112162114239	  323  260     13     38    635
20210112162114305	  323  260     13     38    635
20210112162114338	  323  260     13     38    635
20210112162114469	  323  260     13     38    635
20210112162114534	  323  260     13     38    636
20210112162114633	  323  260     13     38    635
20210112162114698	  323  260     13     38    635
20210112162114797	  323  260     13     38    635
20210112162114862	  323  260     13     38    635
20210112162114927	  323  260     13     38    635
20210112162115025	  323  258     13     35    635
20210112162115090	  323  260     13     38    634
20210112162115188	  323  258     13     35    635
20210112162115253	  324  259     15     37    634
20210112162115350	  324  259     15     37    634
20210112162115414	  324  259     15     37    634
20210112162115479	  324  259     15     37    634
20210112162115575	  324  259     15     37    634
20210112162115640	  324  259     15     37    634
20210112162115704	  324  259     15     37    634
20210112162115803	  323  258     13     35    635
20210112162115870	  323  258     13     35    635
20210112162116003	  324  259     15     37    634
20210112162116070	  323  258     13     35    634
20210112162116170	  323  258     13     35    635
20210112162116236	  324  259     15     37    635
20210112162116303	  323  258     13     35    635
20210112162116370	  324  259     15     37    633
20210112162116470	  324  259     15     37    634
20210112162116536	  323  260     13     38    635
20210112162116637	  324  259     15     37    633
20210112162116703	  324  259     15     37    635
20210112162116770	  323  258     13     35    634
20210112162116836	  323  260     13     38    635
20210112162116936	  323  258     13     35    635
20210112162117002	  324  259     15     37    634
20210112162117069	  324  259     15     37    634
20210112162117169	  324  259     15     37    634
20210112162117302	  323  258     13     35    635
20210112162117368	  322  259     11     37    635
20210112162117435	  323  258     13     35    635
20210112162117535	  324  259     15     37    633
20210112162117601	  324  259     15     37    633
20210112162117668	  324  259     15     37    634
20210112162117767	  324  259     15     37    633
20210112162117834	  324  259     15     37    632
20210112162117901	  324  259     15     37    634
20210112162118001	  323  258     13     35    635
20210112162118068	  324  259     15     37    634
20210112162118168	  324  259     15     37    633
20210112162118235	  325  258     16     35    634
20210112162118335	  324  259     15     37    634
20210112162118402	  323  258     13     35    634
20210112162118535	  324  259     15     37    634
20210112162118602	  324  259     15     37    634
20210112162118703	  324  259     15     37    634
20210112162118803	  323  258     13     35    635
20210112162118870	  323  258     13     35    634
20210112162118971	  324  259     15     37    633
20210112162119038	  324  259     15     37    634
20210112162119139	  324  259     15     37    634
20210112162119240	  325  258     16     35    633
20210112162119307	  324  259     15     37    633
20210112162119409	  324  259     15     37    633
20210112162119510	  325  258     16     35    634
20210112162119577	  324  259     15     37    633
20210112162119611	  324  259     15     37    634
20210112162119645	  324  259     15     37    633
20210112162119746	  325  258     16     35    633
20210112162119746	  324  259     15     37    633
20210112162119846	  324  259     15     37    634
20210112162119879	  324  259     15     37    634
20210112162119946	  323  260     13     38    635
20210112162119979	  323  258     13     35    635
20210112162120046	  324  259     15     37    633
20210112162120180	  324  259     15     37    634
20210112162120413	  323  258     13     35    635
20210112162120646	  324  259     15     37    634
20210112162120880	  324  259     15     37    634
20210112162121013	  324  259     15     37    633
20210112162121113	  323  258     13     35    634
20210112162121213	  324  259     15     37    634
20210112162121280	  325  258     16     35    633
20210112162121380	  324  259     15     37    634
20210112162121480	  324  259     15     37    634
20210112162121546	  323  258     13     35    635
20210112162121613	  324  259     15     37    634
20210112162121747	  324  259     15     37    633
20210112162121847	  324  259     15     37    634
20210112162121947	  324  259     15     37    634
20210112162122013	  324  259     15     37    633
20210112162122113	  324  259     15     37    634
20210112162122247	  324  259     15     37    634
20210112162122347	  324  259     15     37    635
20210112162122413	  324  259     15     37    634
20210112162122513	  324  259     15     37    633
20210112162122613	  324  259     15     37    634
20210112162122713	  324  259     15     37    634
20210112162122813	  324  259     15     37    634
20210112162122880	  324  259     15     37    634
20210112162122980	  323  260     13     38    635
20210112162123080	  325  258     16     35    634
20210112162123147	  324  259     15     37    633
20210112162123247	  325  258     16     35    633
20210112162123347	  325  258     16     35    633
20210112162123480	  325  258     16     35    634
20210112162123547	  324  259     15     37    634
20210112162123647	  323  260     13     38    634
20210112162123747	  324  259     15     37    633
20210112162123847	  324  259     15     37    634
20210112162123914	  324  259     15     37    634
20210112162124014	  325  258     16     35    632
20210112162124047	  324  259     15     37    634
20210112162124080	  323  258     13     35    635
20210112162124114	  324  259     15     37    634
20210112162124180	  325  258     16     35    633
20210112162124247	  324  259     15     37    634
20210112162124481	  324  259     15     37    633
20210112162124647	  324  259     15     37    633
20210112162124781	  324  259     15     37    633
20210112162124847	  324  259     15     37    634
20210112162124914	  324  259     15     37    634
20210112162124947	  324  259     15     37    633
20210112162125147	  324  259     15     37    634
20210112162125247	  324  259     15     37    634
20210112162125347	  324  259     15     37    634
20210112162125414	  324  259     15     37    634
20210112162125514	  324  259     15     37    634
20210112162125547	  324  259     15     37    633
20210112162125681	  324  259     15     37    633
20210112162125814	  324  259     15     37    634
20210112162125881	  325  258     16     35    634
20210112162126014	  324  259     15     37    634
20210112162126114	  323  258     13     35    634
20210112162126181	  324  259     15     37    634
20210112162126281	  324  259     15     37    633
20210112162126381	  324  259     15     37    634
20210112162126481	  324  259     15     37    634
20210112162126548	  325  258     16     35    633
20210112162126648	  324  259     15     37    634
20210112162126748	  325  258     16     35    634
20210112162126848	  324  259     15     37    633
20210112162126914	  324  259     15     37    634
20210112162127014	  324  259     15     37    633
20210112162127114	  323  260     13     38    634
20210112162127248	  325  258     16     35    634
20210112162127315	  323  258     13     35    634
20210112162127415	  322  259     11     37    635
20210112162127515	  324  259     15     37    634
20210112162127615	  324  259     15     37    634
20210112162127715	  324  260     15     38    634
20210112162127781	  324  259     15     37    634
20210112162127881	  323  260     13     38    634
20210112162127981	  325  258     16     35    633
20210112162128081	  324  259     15     37    634
20210112162128148	  324  259     15     37    633
20210112162128248	  324  259     15     37    634
20210112162128348	  324  259     15     37    632
20210112162128481	  323  258     13     35    634
20210112162128548	  324  259     15     37    633
20210112162128648	  324  259     15     37    634
20210112162128748	  325  258     16     35    634
20210112162128815	  322  259     11     37    635
20210112162128882	  324  259     15     37    634
20210112162129015	  323  260     13     38    634
20210112162129115	  324  259     15     37    634
20210112162129215	  323  260     13     38    635
20210112162129282	  323  260     13     38    634
20210112162129315	  324  259     15     37    633
20210112162129415	  323  260     13     38    635
20210112162129448	  324  259     15     37    634
20210112162129482	  324  259     15     37    633
20210112162129515	  323  260     13     38    634
20210112162129548	  324  259     15     37    633
20210112162129782	  324  259     15     37    634
20210112162129982	  323  260     13     38    635
20210112162130149	  325  258     16     35    633
20210112162130249	  324  259     15     37    634
20210112162130349	  324  259     15     37    634
20210112162130415	  323  258     13     35    635
20210112162130515	  324  259     15     37    634
20210112162130615	  325  258     16     35    633
20210112162130715	  325  258     16     35    633
20210112162130782	  325  258     16     35    634
20210112162130882	  323  258     13     35    635
20210112162130949	  323  260     13     38    634
20210112162130982	  324  259     15     37    633
20210112162131049	  323  260     13     38    635
20210112162131115	  325  258     16     35    634
20210112162131182	  324  259     15     37    634
20210112162131249	  324  259     15     37    634
20210112162131315	  324  259     15     37    634
20210112162131349	  324  259     15     37    634
20210112162131416	  325  258     16     35    634
20210112162131449	  323  260     13     38    635
20210112162131516	  324  259     15     37    634
20210112162131549	  323  258     13     35    635
20210112162131582	  325  258     16     35    634
20210112162131616	  325  258     16     35    634
20210112162131649	  324  259     15     37    635
20210112162131782	  325  258     16     35    634
20210112162131982	  322  257     11     33    631
20210112162132149	  311  256     -6     31    620
20210112162132382	  303  255    -19     29    611
20210112162132582	  291  251    -37     22    602
20210112162132683	  287  247    -44     16    599
20210112162132683	  278  248    -58     17    601
20210112162132683	  284  248    -48     17    597
20210112162132816	  276  244    -60     11    591
20210112162132849	  273  243    -65      9    590
20210112162132883	  271  242    -68      8    589
20210112162132949	  268  240    -72      4    587
20210112162133116	  257  234    -88     -4    578
20210112162133349	  242  223   -109    -20    571
20210112162133483	  235  217   -119    -29    568
20210112162133516	  232  216   -123    -31    568
20210112162133583	  227  212   -130    -36    563
20210112162133616	  225  211   -132    -38    562
20210112162133649	  222  209   -137    -41    562
20210112162133716	  218  205   -143    -47    565
20210112162133749	  216  203   -145    -49    561
20210112162133849	  212  198   -150    -56    557
20210112162133916	  212  198   -150    -56    558
20210112162134083	  209  195   -155    -61    560
20210112162134283	  207  192   -157    -65    557
20210112162134450	  205  190   -160    -68    556
20210112162134683	  205  190   -160    -68    557
20210112162134850	  202  188   -165    -71    557
20210112162135083	  203  187   -164    -73    560
20210112162135250	  201  186   -167    -74    559
20210112162135350	  202  184   -165    -77    559
20210112162135417	  201  184   -166    -77    558
20210112162135517	  202  185   -165    -76    559
20210112162135617	  200  184   -167    -77    557
20210112162135717	  200  184   -167    -77    556
20210112162135817	  201  184   -166    -77    557
20210112162135917	  201  183   -166    -78    556
20210112162136017	  201  184   -166    -77    558
20210112162136083	  200  183   -167    -78    556
20210112162136183	  200  182   -167    -80    556
20210112162136283	  198  181   -170    -81    556
20210112162136383	  199  181   -169    -81    556
20210112162136483	  199  181   -168    -81    556
20210112162136550	  198  181   -170    -81    555
20210112162136650	  199  181   -168    -81    556
20210112162136750	  198  180   -170    -82    555
20210112162136850	  197  179   -171    -84    555
20210112162136950	  196  179   -172    -84    554
20210112162137050	  197  179   -171    -84    554
20210112162137117	  197  179   -171    -84    554
20210112162137217	  196  178   -172    -85    554
20210112162137317	  196  179   -172    -84    554
20210112162137417	  197  179   -171    -84    554
20210112162137517	  196  178   -172    -85    555
20210112162137617	  195  178   -174    -85    554
20210112162137684	  196  178   -173    -85    555
20210112162137784	  195  179   -174    -84    554
20210112162137884	  196  178   -173    -85    555
20210112162137984	  196  178   -173    -85    556
20210112162138084	  195  177   -174    -87    554
20210112162138184	  195  177   -174    -87    554
20210112162138251	  195  178   -174    -85    554
20210112162138351	  195  177   -174    -87    554
20210112162138451	  195  176   -173    -88    553
20210112162138551	  195  177   -174    -87    555
20210112162138651	  195  176   -174    -88    554
20210112162138717	  195  176   -173    -88    553
20210112162138751	  194  176   -175    -88    554
20210112162138784	  194  176   -175    -88    554
20210112162138917	  194  175   -175    -89    553
20210112162138951	  194  176   -175    -88    553
20210112162138984	  195  176   -173    -88    553
20210112162139217	  194  175   -175    -89    553
20210112162139418	  194  176   -175    -88    555
20210112162139551	  193  175   -176    -89    554
20210112162139651	  193  174   -176    -91    553
20210112162139751	  194  174   -175    -91    553
20210112162139851	  194  175   -175    -89    554
20210112162139951	  193  174   -176    -91    553
20210112162140018	  194  174   -175    -91    555
20210112162140118	  193  175   -176    -89    553
20210112162140218	  193  174   -176    -91    553
20210112162140318	  193  173   -176    -92    554
20210112162140384	  193  174   -176    -91    554
20210112162140418	  193  174   -177    -91    554
20210112162140451	  193  174   -177    -91    554
20210112162140651	  193  174   -177    -91    554
20210112162140785	  193  173   -177    -92    554
20210112162140851	  193  173   -177    -92    554
20210112162140885	  193  173   -177    -92    554
20210112162140951	  193  173   -177    -92    554
20210112162141018	  193  173   -177    -92    554
20210112162141051	  193  173   -176    -92    554
20210112162141218	  192  172   -178    -94    553
20210112162141251	  192  173   -178    -92    554
20210112162141451	  192  172   -178    -94    554
20210112162141651	  193  172   -176    -94    554
20210112162141851	  192  172   -178    -94    553
20210112162141985	  192  172   -178    -94    554
20210112162141985	  191  173   -180    -93    555
20210112162142252	  191  172   -179    -94    554
20210112162142285	  191  172   -179    -94    553
20210112162142352	  191  171   -179    -95    553
20210112162142485	  192  172   -178    -94    554
20210112162142552	  191  172   -179    -94    554
20210112162142752	  191  171   -179    -95    553
20210112162142852	  191  171   -179    -95    553
20210112162142952	  192  171   -178    -95    554
20210112162143052	  190  170   -180    -97    553
20210112162143118	  191  171   -179    -95    553
20210112162143252	  192  172   -178    -94    554
20210112162143319	  190  169   -180    -98    552
20210112162143419	  190  170   -180    -97    553
20210112162143519	  191  171   -179    -95    554
20210112162143619	  190  170   -181    -97    553
20210112162143719	  191  171   -179    -95    553
20210112162143819	  192  171   -178    -95    554
20210112162143919	  190  170   -181    -97    554
20210112162144019	  191  170   -179    -97    554
20210112162144085	  191  171   -179    -95    553
20210112162144185	  191  171   -179    -95    554
20210112162144285	  190  170   -181    -97    553
20210112162144385	  191  170   -179    -97    553
20210112162144485	  193  174   -177    -91    554
20210112162144585	  200  183   -168    -78    558
20210112162144652	  202  184   -165    -77    560
20210112162144752	  205  189   -161    -70    558
20210112162144852	  210  193   -154    -64    561
20210112162144952	  216  200   -145    -54    562
20210112162145052	  220  205   -140    -47    562
20210112162145152	  227  211   -130    -38    566
20210112162145252	  231  214   -125    -34    570
20210112162145352	  238  222   -116    -22    577
20210112162145452	  245  224   -105    -19    575
20210112162145519	  251  229    -97    -11    579
20210112162145619	  255  232    -91     -7    580
20210112162145752	  267  239    -74      3    587
20210112162145852	  274  243    -63      9    593
20210112162145919	  281  246    -53     14    597
20210112162146019	  286  248    -45     17    601
20210112162146119	  294  251    -33     22    607
20210112162146219	  301  254    -22     27    613
20210112162146319	  306  255    -14     29    614
20210112162146419	  304  254    -17     27    614
20210112162146486	  303  254    -19     27    613
20210112162146519	  302  255    -20     29    614
20210112162146586	  306  255    -14     29    615
20210112162146619	  307  254    -12     28    617
20210112162146719	  307  255    -12     29    619
20210112162146753	  307  255    -12     29    618
20210112162146853	  308  256    -11     31    616
20210112162146886	  307  255    -12     29    617
20210112162147019	  309  256     -9     31    620
20210112162147119	  310  257     -7     33    620
20210112162147320	  312  257     -4     33    620
20210112162147553	  312  257     -4     33    620
20210112162147720	  313  254     -3     28    621
20210112162147853	  312  255     -4     29    620
20210112162147953	  312  255     -4     29    622
20210112162148053	  313  256     -3     31    621
20210112162148153	  307  255    -12     29    615
20210112162148286	  300  253    -23     26    609
20210112162148320	  298  253    -26     25    606
20210112162148386	  294  251    -33     22    604
20210112162148420	  293  251    -34     22    605
20210112162148620	  280  246    -54     14    595
20210112162148687	  278  243    -57      9    591
20210112162148753	  272  241    -66      6    587
20210112162148787	  270  240    -69      4    587
20210112162148820	  267  240    -74      4    587
20210112162149020	  257  233    -88     -5    578
20210112162149053	  254  230    -92    -10    576
20210112162149087	  251  229    -96    -11    575
20210112162149153	  246  226   -103    -16    573
20210112162149187	  243  225   -108    -17    573
20210112162149220	  241  224   -111    -19    573
20210112162149253	  240  222   -112    -22    573
20210112162149453	  227  212   -130    -36    563
20210112162149654	  215  201   -147    -52    562
20210112162149920	  201  185   -166    -76    558
20210112162150054	  201  185   -166    -76    559
20210112162150120	  201  184   -166    -77    557
20210112162150187	  199  182   -168    -80    555
20210112162150254	  198  182   -170    -80    556
20210112162150454	  197  180   -171    -82    554
20210112162150720	  197  179   -171    -84    555
20210112162150987	  196  178   -173    -85    556
20210112162151087	  196  177   -172    -87    554
20210112162151187	  194  176   -175    -88    554
20210112162151321	  193  176   -176    -88    553
20210112162151387	  194  175   -175    -89    553
20210112162151487	  194  175   -175    -90    555
20210112162151654	  194  175   -175    -89    553
20210112162151754	  193  174   -176    -91    553
20210112162151854	  193  174   -177    -91    554
20210112162151954	  193  174   -177    -91    554
20210112162152087	  193  173   -177    -92    554
20210112162152187	  193  174   -177    -91    554
20210112162152287	  193  173   -177    -92    554
20210112162152421	  191  172   -179    -94    553
20210112162152521	  191  173   -179    -92    554
20210112162152621	  193  173   -177    -93    555
20210112162152754	  191  172   -179    -94    554
20210112162152854	  192  173   -178    -92    554
20210112162152954	  190  171   -181    -95    553
20210112162153088	  191  171   -179    -95    553
20210112162153188	  191  171   -179    -95    554
20210112162153288	  191  171   -179    -95    553
20210112162153421	  191  171   -179    -95    554
20210112162153521	  190  171   -181    -95    554
20210112162153621	  191  171   -179    -95    554
20210112162153721	  191  171   -179    -95    554
20210112162153855	  190  171   -181    -95    555
20210112162153955	  191  171   -179    -95    554
20210112162154055	  190  170   -181    -97    554
20210112162154188	  191  171   -179    -95    553
20210112162154255	  191  171   -180    -95    554
20210112162154321	  190  170   -181    -97    554
20210112162154355	  190  170   -181    -97    553
20210112162154521	  190  170   -181    -97    554
20210112162154555	  190  170   -181    -97    554
20210112162154688	  191  171   -179    -95    554
20210112162154921	  190  170   -181    -97    553
20210112162155055	  190  169   -181    -98    553
20210112162155188	  189  169   -182    -98    553
20210112162155288	  190  170   -181    -97    553
20210112162155388	  189  169   -182    -98    553
20210112162155488	  188  170   -184    -97    554
20210112162155622	  190  169   -181    -98    553
20210112162155722	  189  169   -182    -98    553
20210112162155822	  190  168   -181   -100    556
20210112162155955	  190  169   -181    -98    554
20210112162156022	  189  168   -182    -99    553
20210112162156122	  189  168   -182    -99    553
20210112162156288	  190  168   -181   -100    555
20210112162156389	  189  169   -182    -98    553
20210112162156455	  189  168   -182   -100    554
20210112162156522	  189  167   -182   -101    554
20210112162156655	  189  168   -182   -100    554
20210112162156822	  189  168   -182   -100    553
20210112162156922	  188  168   -183    -99    553
20210112162156955	  189  168   -182   -100    553
20210112162156989	  189  168   -182   -100    554
20210112162157089	  189  168   -182   -100    554
20210112162157155	  189  168   -182   -100    553
20210112162157255	  190  169   -181    -98    553
20210112162157555	  189  167   -182   -101    554
20210112162157722	  188  168   -184   -100    554
20210112162157822	  189  167   -183   -101    555
20210112162157922	  188  167   -184   -101    554
20210112162158022	  188  168   -184   -100    555
20210112162158056	  188  167   -184   -101    555
20210112162158256	  188  167   -184   -101    556
20210112162158389	  188  166   -184   -103    555
20210112162158522	  188  167   -184   -102    556
20210112162158622	  188  167   -185   -102    557
20210112162158722	  188  166   -184   -103    556
20210112162158822	  188  168   -184   -100    556
20210112162158956	  187  166   -186   -103    556
20210112162159056	  188  166   -184   -103    556
20210112162159156	  187  166   -186   -103    557
20210112162159289	  188  166   -184   -103    556
20210112162159389	  188  166   -185   -103    557
20210112162159489	  187  167   -186   -102    556
20210112162159623	  188  166   -184   -103    556
20210112162159723	  188  167   -184   -101    556
20210112162159823	  188  166   -184   -103    556
20210112162159923	  188  166   -184   -103    556
20210112162200056	  187  166   -186   -103    556
20210112162200156	  188  166   -184   -103    556
20210112162200256	  188  166   -184   -103    556
20210112162200390	  187  165   -185   -104    555
20210112162200490	  188  167   -184   -101    555
20210112162200590	  191  172   -179    -94    554
20210112162200723	  198  179   -170    -84    557
20210112162200823	  201  184   -167    -77    560
20210112162200923	  205  188   -160    -71    558
20210112162201056	  212  197   -151    -58    560
20210112162201156	  217  202   -144    -51    563
20210112162201256	  223  207   -136    -44    564
20210112162201390	  231  216   -125    -31    570
20210112162201490	  238  220   -115    -25    572
20210112162201590	  246  225   -104    -17    576
20210112162201690	  251  229    -97    -11    579
20210112162201823	  261  235    -82     -2    583
20210112162201890	  266  239    -75      3    588
20210112162201957	  272  242    -66      8    591
20210112162202123	  284  249    -48     19    599
20210112162202157	  287  249    -44     19    600
20210112162202257	  294  251    -33     22    607
20210112162202490	  300  254    -24     27    613
20210112162202590	  301  254    -22     27    612
20210112162202690	  303  255    -19     29    613
20210112162202790	  304  254    -17     27    614
20210112162202924	  304  255    -17     29    615
20210112162203024	  305  255    -15     29    614
20210112162203124	  305  256    -16     31    617
20210112162203257	  307  254    -12     28    617
20210112162203357	  307  256    -12     31    617
20210112162203424	  307  255    -12     29    617
20210112162203524	  308  255    -11     29    617
20210112162203657	  307  256    -12     31    618
20210112162203724	  308  257    -11     32    617
20210112162203790	  310  255     -7     29    619
20210112162203890	  309  255     -9     29    619
20210112162203990	  310  255     -7     29    621
20210112162204090	  309  255     -9     29    618
20210112162204124	  309  257     -9     32    617
20210112162204191	  306  255    -14     29    617
20210112162204424	  294  251    -33     22    604
20210112162204491	  289  250    -41     21    603
20210112162204657	  279  244    -56     11    594
20210112162204891	  264  238    -78      1    584
20210112162205024	  256  232    -89     -7    579
20210112162205124	  250  228    -98    -13    576
20210112162205224	  245  225   -105    -17    572
20210112162205357	  233  218   -122    -28    569
20210112162205457	  227  213   -130    -35    565
20210112162205557	  222  208   -137    -42    561
20210112162205591	  220  206   -140    -45    564
20210112162205791	  209  194   -155    -63    560
20210112162205891	  203  188   -165    -72    562
20210112162206024	  199  183   -169    -78    556
20210112162206124	  199  183   -169    -78    557
20210112162206224	  197  180   -171    -82    555
20210112162206358	  196  179   -173    -84    557
20210112162206458	  195  177   -174    -87    554
20210112162206558	  195  178   -174    -85    556
20210112162206691	  194  175   -175    -89    553
20210112162206791	  194  175   -175    -90    554
20210112162206891	  193  175   -177    -90    556
20210112162207025	  192  173   -178    -92    554
20210112162207125	  193  174   -177    -91    554
20210112162207225	  193  174   -177    -91    555
20210112162207325	  192  172   -178    -94    554
20210112162207458	  191  173   -180    -92    554
20210112162207558	  192  171   -178    -95    553
20210112162207658	  190  172   -181    -94    553
20210112162207791	  191  171   -179    -95    554
20210112162207891	  190  171   -181    -95    553
20210112162207991	  191  171   -179    -95    554
20210112162208125	  191  171   -179    -95    554
20210112162208225	  189  170   -182    -97    554
20210112162208325	  191  170   -179    -97    553
20210112162208458	  191  170   -179    -97    554
20210112162208558	  191  171   -179    -95    554
20210112162208658	  189  170   -182    -97    553
20210112162208758	  190  169   -181    -98    553
20210112162208892	  189  169   -182    -98    553
20210112162208992	  189  169   -182    -98    554
20210112162209092	  191  170   -179    -97    553
20210112162209225	  189  169   -182    -98    553
20210112162209325	  188  169   -183    -98    553
20210112162209425	  189  170   -182    -97    554
20210112162209525	  188  168   -184   -100    556
20210112162209659	  189  167   -182   -101    553
20210112162209725	  189  168   -182   -100    554
20210112162209825	  189  168   -183   -100    555
20210112162209859	  188  167   -184   -101    556
20210112162209859	  187  168   -186   -100    556
20210112162209925	  188  168   -184   -100    553
20210112162210059	  189  168   -183   -100    556
20210112162210392	  189  167   -183   -101    556
20210112162210559	  188  167   -184   -101    555
20210112162210659	  189  168   -183   -100    556
20210112162210792	  187  167   -186   -101    556
20210112162210892	  187  166   -186   -103    557
20210112162210992	  188  167   -184   -101    553
20210112162211092	  187  166   -186   -103    556
20210112162211226	  187  168   -186   -100    557
20210112162211326	  188  167   -184   -101    555
20210112162211392	  188  168   -184   -100    556
20210112162211426	  188  167   -184   -101    556
20210112162211659	  188  167   -184   -102    556
20210112162211692	  188  167   -184   -101    556
20210112162211826	  187  166   -186   -103    556
20210112162211926	  187  167   -186   -102    557
20210112162211959	  186  167   -187   -101    556
20210112162211992	  187  166   -186   -103    556
20210112162212092	  187  166   -186   -103    556
20210112162212393	  187  165   -185   -104    554
20210112162212526	  187  166   -186   -103    556
20210112162212626	  187  166   -186   -103    556
20210112162212759	  187  166   -186   -103    556
20210112162212926	  187  165   -185   -104    555
20210112162213026	  187  165   -185   -104    555
20210112162213126	  185  166   -188   -103    555
20210112162213259	  187  165   -185   -104    555
20210112162213359	  186  165   -187   -104    554
20210112162213459	  186  165   -187   -104    555
20210112162213593	  187  165   -185   -104    555
20210112162213693	  187  164   -185   -105    554
20210112162213793	  186  165   -187   -104    554
20210112162213893	  186  165   -187   -104    555
20210112162214026	  188  166   -185   -103    557
20210112162214126	  186  164   -187   -105    554
20210112162214226	  186  164   -187   -105    554
20210112162214360	  186  165   -187   -104    555
20210112162214460	  185  165   -188   -104    554
20210112162214560	  187  165   -185   -104    554
20210112162214693	  187  165   -185   -104    555
20210112162214793	  186  164   -186   -105    553
20210112162214893	  186  164   -187   -105    554
20210112162215027	  186  164   -187   -105    554
20210112162215127	  185  164   -188   -105    553
20210112162215260	  186  165   -187   -104    555
20210112162215360	  185  164   -188   -105    554
20210112162215460	  186  164   -186   -105    553
20210112162215593	  185  164   -188   -105    554
20210112162215693	  186  164   -186   -105    554
20210112162215793	  185  163   -188   -107    554
20210112162215927	  186  164   -187   -106    555
20210112162216027	  186  163   -186   -107    553
20210112162216127	  185  163   -188   -107    553
20210112162216260	  185  163   -188   -107    554
20210112162216360	  186  163   -186   -107    553
20210112162216460	  186  164   -187   -105    554
20210112162216594	  186  164   -186   -105    554
20210112162216694	  191  171   -179    -95    554
20210112162216794	  196  176   -173    -88    556
20210112162216927	  200  184   -168    -77    559
20210112162217027	  203  186   -163    -74    558
20210112162217127	  212  196   -150    -59    558
20210112162217260	  216  202   -146    -51    562
20210112162217360	  221  207   -138    -44    563
20210112162217427	  225  210   -133    -39    564
20210112162217560	  234  218   -121    -28    571
20210112162217627	  239  221   -114    -23    575
20210112162217694	  244  225   -107    -17    576
20210112162217794	  250  228    -98    -13    579
20210112162217894	  258  234    -87     -4    583
20210112162218027	  267  240    -74      5    591
20210112162218194	  281  246    -53     14    598
20210112162218361	  292  251    -36     22    606
20210112162218461	  297  254    -28     27    612
20210112162218594	  298  253    -27     26    612
20210112162218694	  299  253    -25     26    611
20210112162218827	  300  255    -24     29    615
20210112162218927	  302  254    -20     27    612
20210112162219027	  303  255    -19     29    613
20210112162219094	  302  254    -20     27    614
20210112162219228	  304  255    -17     29    615
20210112162219294	  304  254    -17     27    613
20210112162219328	  305  255    -15     29    613
20210112162219428	  306  255    -14     29    616
20210112162219594	  305  256    -16     31    617
20210112162219661	  306  255    -14     29    615
20210112162219694	  305  255    -16     29    615
20210112162219928	  308  255    -11     29    618
20210112162219928	  307  256    -12     31    618
20210112162220028	  304  256    -17     31    617
20210112162220061	  306  255    -14     29    617
20210112162220128	  308  255    -11     29    617
20210112162220161	  308  257    -11     32    617
20210112162220194	  308  255    -11     29    617
20210112162220261	  305  255    -16     29    616
20210112162220328	  302  254    -20     27    612
20210112162220428	  294  252    -33     24    607
20210112162220461	  293  251    -34     22    605
20210112162220661	  282  247    -51     16    598
20210112162220861	  271  240    -68      4    589
20210112162221161	  252  230    -95    -10    578
20210112162221428	  233  217   -122    -29    569
20210112162221661	  218  204   -143    -48    565
20210112162221961	  201  185   -166    -76    558
20210112162222195	  197  179   -171    -84    556
20210112162222428	  194  176   -175    -88    555
20210112162222562	  194  174   -175    -91    553
20210112162222695	  194  175   -176    -90    556
20210112162222795	  192  173   -178    -92    554
20210112162222928	  191  172   -179    -94    554
20210112162223062	  191  171   -179    -95    554
20210112162223162	  193  171   -176    -95    553
20210112162223295	  191  171   -179    -95    554
20210112162223429	  190  170   -181    -97    554
20210112162223562	  190  170   -181    -97    553
20210112162223695	  189  171   -182    -95    554
20210112162223795	  190  169   -181    -98    553
20210112162223929	  189  169   -182    -98    554
20210112162224062	  188  169   -184    -98    553
20210112162224195	  189  168   -182    -99    553
20210112162224329	  189  168   -182   -100    553
20210112162224429	  188  167   -184   -101    554
20210112162224562	  187  168   -185   -100    554
20210112162224696	  189  168   -182   -100    553
20210112162224829	  188  167   -184   -101    554
20210112162224962	  189  167   -182   -101    554
20210112162225062	  188  168   -184   -100    553
20210112162225229	  187  167   -186   -102    556
20210112162225329	  187  167   -186   -101    556
20210112162225362	  188  167   -185   -102    557
20210112162225429	  187  167   -186   -102    558
20210112162225429	  188  166   -185   -103    557
20210112162225596	  188  167   -184   -101    556
20210112162225863	  187  166   -186   -103    555
20210112162226129	  187  165   -186   -104    555
20210112162226229	  187  166   -186   -103    556
20210112162226363	  187  165   -186   -104    555
20210112162226496	  187  165   -186   -104    555
20210112162226629	  187  165   -186   -104    555
20210112162226763	  186  164   -187   -105    554
20210112162226863	  187  165   -186   -104    556
20210112162226963	  186  166   -187   -103    556
20210112162227063	  187  165   -186   -104    556
20210112162227096	  187  164   -186   -106    555
20210112162227196	  185  165   -188   -104    555
20210112162227263	  186  164   -187   -106    555
20210112162227430	  185  165   -188   -104    555
20210112162227696	  186  164   -187   -105    554
20210112162227896	  185  163   -188   -107    553
20210112162228030	  186  167   -188   -102    557
20210112162228130	  186  162   -186   -108    553
20210112162228263	  186  164   -187   -106    555
20210112162228397	  187  164   -185   -106    555
20210112162228530	  185  163   -188   -107    553
20210112162228630	  186  164   -187   -106    555
20210112162228763	  186  164   -186   -105    554
20210112162228830	  186  163   -186   -107    553
20210112162229030	  185  163   -188   -107    553
20210112162229163	  186  165   -187   -104    555
20210112162229263	  184  163   -189   -107    553
20210112162229397	  186  163   -186   -107    554
20210112162229530	  186  163   -186   -107    553
20210112162229664	  185  162   -187   -108    552
20210112162229797	  186  164   -187   -105    554
20210112162229897	  185  163   -188   -107    554
20210112162230030	  185  162   -188   -108    553
20210112162230164	  185  163   -188   -107    553
20210112162230297	  185  162   -187   -108    552
20210112162230397	  185  163   -188   -107    553
20210112162230530	  186  163   -186   -107    553
20210112162230664	  185  162   -187   -108    552
20210112162230797	  185  162   -188   -108    553
20210112162230931	  186  163   -186   -107    554
20210112162231064	  185  162   -187   -108    552
20210112162231164	  185  163   -188   -107    553
20210112162231297	  185  161   -187   -109    551
20210112162231431	  185  162   -188   -108    553
20210112162231564	  185  163   -187   -107    552
20210112162231664	  185  162   -187   -108    553
20210112162231797	  185  162   -187   -108    552
20210112162231931	  185  162   -187   -108    552
20210112162232064	  186  162   -186   -108    552
20210112162232164	  184  162   -189   -108    553
20210112162232298	  184  161   -189   -109    552
20210112162232431	  185  163   -188   -107    553
20210112162232564	  183  162   -190   -108    553
20210112162232698	  185  163   -188   -107    553
20210112162232731	  186  166   -187   -103    556
20210112162232898	  194  174   -175    -91    554
20210112162232964	  196  178   -173    -85    555
20210112162233031	  201  185   -167    -76    560
20210112162233098	  202  185   -165    -76    560
20210112162233231	  211  195   -154    -62    565
20210112162233498	  224  208   -134    -42    565
20210112162233698	  236  219   -118    -26    572
20210112162233831	  246  226   -104    -16    576
20210112162233965	  257  234    -88     -4    582
20210112162234098	  266  238    -75      1    587
20210112162234198	  272  242    -67      8    593
20210112162234331	  283  248    -50     17    600
20210112162234398	  286  249    -45     19    603
20210112162234431	  290  250    -39     21    606
20210112162234598	  297  252    -28     24    608
20210112162234631	  297  253    -28     26    610
20210112162234731	  297  252    -28     24    608
20210112162234765	  298  252    -27     24    609
20210112162234865	  300  255    -24     29    613
20210112162234932	  300  253    -23     26    612
20210112162235098	  301  255    -22     29    612
20210112162235232	  302  254    -20     27    613
20210112162235532	  304  255    -17     29    614
20210112162235798	  306  255    -14     29    615
20210112162235965	  306  255    -14     29    617
20210112162236098	  307  255    -12     29    617
20210112162236232	  307  255    -12     29    617
20210112162236298	  307  255    -12     29    617
20210112162236365	  300  254    -24     27    613
20210112162236632	  287  250    -44     20    600
20210112162236765	  279  245    -56     12    594
20210112162236899	  272  242    -66      8    590
20210112162236999	  264  237    -78      0    584
20210112162237132	  257  233    -88     -5    579
20210112162237265	  247  227   -102    -14    575
20210112162237399	  239  220   -113    -25    570
20210112162237532	  229  215   -128    -32    568
20210112162237632	  223  208   -135    -42    563
20210112162237765	  215  201   -146    -52    560
20210112162237899	  209  195   -156    -61    561
20210112162238032	  200  185   -167    -75    557
20210112162238166	  195  178   -174    -85    554
20210112162238266	  195  178   -174    -85    554
20210112162238399	  194  177   -176    -87    556
20210112162238532	  192  174   -178    -91    553
20210112162238666	  192  174   -178    -91    553
20210112162238799	  191  173   -179    -92    554
20210112162238899	  191  172   -179    -94    554
20210112162239032	  191  171   -179    -95    554
20210112162239166	  191  170   -179    -97    554
20210112162239299	  191  171   -180    -95    555
20210112162239399	  190  169   -181    -98    554
20210112162239533	  189  170   -182    -97    554
20210112162239666	  188  169   -183    -98    553
20210112162239799	  188  168   -183    -99    553
20210112162239933	  189  169   -182    -98    555
20210112162240033	  188  167   -184   -101    554
20210112162240166	  188  168   -184   -100    555
20210112162240299	  188  167   -184   -101    555
20210112162240433	  188  167   -185   -102    557
20210112162240566	  188  167   -185   -102    557
20210112162240566	  187  167   -186   -102    556
20210112162240733	  188  167   -184   -101    556
20210112162240766	  188  167   -185   -102    557
20210112162240833	  187  166   -186   -103    556
20210112162240900	  187  167   -186   -102    556
20210112162241066	  187  166   -186   -103    556
20210112162241100	  189  168   -183   -100    557
20210112162241233	  187  165   -185   -104    555
20210112162241366	  187  166   -186   -103    556
20210112162241433	  187  165   -186   -104    555
20210112162241466	  187  165   -186   -104    555
20210112162241500	  187  166   -186   -103    556
20210112162241533	  188  166   -184   -103    556
20210112162241600	  186  166   -187   -103    555
20210112162241633	  185  166   -188   -103    555
20210112162241700	  186  165   -187   -104    554
20210112162241767	  186  165   -187   -104    555
20210112162241833	  187  165   -185   -104    555
20210112162241867	  186  166   -187   -103    556
20210112162241900	  185  167   -189   -101    556
20210112162241933	  186  166   -187   -103    555
20210112162242033	  187  164   -185   -106    554
20210112162242233	  186  165   -187   -104    555
20210112162242267	  186  165   -187   -104    555
20210112162242300	  185  165   -188   -104    555
20210112162242367	  186  164   -187   -105    554
20210112162242533	  186  165   -187   -104    555
20210112162242833	  186  165   -187   -104    554
20210112162243100	  186  164   -187   -106    555
20210112162243367	  185  165   -188   -104    555
20210112162243667	  185  163   -188   -107    554
20210112162243834	  184  164   -189   -105    553
20210112162244134	  185  163   -187   -106    551
20210112162244367	  185  163   -187   -107    552
20210112162244570	  185  163   -188   -107    553
20210112162244867	  185  164   -188   -105    553
20210112162245131	  186  163   -186   -107    553
20210112162245400	  184  162   -189   -108    552
20210112162245693	  184  162   -189   -108    552
20210112162245803	  184  161   -189   -109    552
20210112162245951	  185  162   -188   -108    553
20210112162246098	  184  162   -189   -108    553
20210112162246246	  184  161   -189   -110    553
20210112162246358	  185  162   -187   -108    552
20210112162246501	  184  161   -189   -109    552
20210112162246634	  184  161   -189   -109    552
20210112162246768	  184  162   -189   -108    552
20210112162246901	  184  161   -189   -110    553
20210112162247001	  183  162   -191   -108    553
20210112162247135	  183  161   -190   -109    552
20210112162247268	  184  161   -189   -109    553
20210112162247401	  184  162   -189   -108    553
20210112162247501	  184  161   -189   -110    553
20210112162247635	  184  161   -189   -110    553
20210112162247768	  184  160   -188   -111    551
20210112162247902	  185  162   -187   -108    553
20210112162248002	  183  160   -190   -111    552
20210112162248135	  184  161   -189   -109    552
20210112162248268	  183  161   -190   -110    553
20210112162248402	  183  160   -190   -111    551
20210112162248435	  184  160   -188   -111    551
20210112162248502	  184  161   -189   -109    552
20210112162248668	  183  160   -190   -111    550
20210112162248668	  183  160   -190   -111    550
20210112162248735	  184  161   -189   -109    552
20210112162248802	  186  164   -186   -105    553
20210112162248902	  193  174   -177    -91    557
20210112162248935	  194  176   -176    -89    558
20210112162248935	  194  175   -176    -90    557
20210112162249035	  195  176   -174    -88    554
20210112162249202	  203  187   -165    -73    564
20210112162249469	  216  201   -146    -53    564
20210112162249735	  231  215   -125    -32    570
20210112162250035	  254  231    -92     -8    579
20210112162250302	  274  242    -63      8    592
20210112162250335	  274  244    -64     11    594
20210112162250402	  280  246    -54     14    596
20210112162250536	  290  250    -39     21    606
20210112162250702	  297  253    -28     26    610
20210112162250802	  296  252    -30     24    607
20210112162250836	  297  253    -28     26    608
20210112162250869	  297  253    -28     26    609
20210112162250936	  298  253    -27     26    612
20210112162251002	  300  254    -24     27    613
20210112162251002	  301  255    -22     29    613
20210112162251136	  299  253    -25     26    612
20210112162251269	  300  254    -24     27    613
20210112162251502	  301  254    -22     27    612
20210112162251702	  304  254    -17     27    614
20210112162251736	  304  255    -17     29    615
20210112162251802	  304  255    -17     29    613
20210112162251969	  304  255    -17     29    615
20210112162252236	  305  254    -16     27    615
20210112162252503	  299  253    -25     26    610
20210112162252769	  286  248    -45     17    599
20210112162253036	  266  239    -75      3    586
20210112162253169	  257  235    -88     -2    581
20210112162253303	  250  228    -98    -13    577
20210112162253436	  241  222   -111    -22    574
20210112162253570	  233  216   -122    -31    568
20210112162253703	  223  210   -135    -39    563
20210112162253803	  219  204   -142    -48    564
20210112162253936	  210  196   -153    -60    559
20210112162254103	  203  187   -165    -73    562
20210112162254203	  196  180   -172    -82    554
20210112162254336	  194  176   -175    -88    554
20210112162254436	  194  175   -175    -89    553
20210112162254570	  193  175   -177    -90    555
20210112162254703	  191  172   -179    -94    553
20210112162254837	  191  172   -180    -94    555
20210112162254970	  189  171   -182    -95    553
20210112162255103	  191  171   -179    -95    554
20210112162255237	  189  169   -182    -98    554
20210112162255337	  190  169   -180    -98    553
20210112162255470	  190  169   -181    -98    554
20210112162255603	  187  169   -185    -98    553
20210112162255737	  188  168   -184   -100    555
20210112162255870	  189  167   -183   -102    556
20210112162255970	  188  167   -184   -101    556
20210112162256104	  187  166   -186   -103    556
20210112162256237	  187  166   -186   -103    556
20210112162256370	  187  166   -186   -103    556
20210112162256470	  187  166   -186   -103    556
20210112162256537	  187  166   -186   -103    557
20210112162256704	  185  166   -188   -103    554
20210112162256737	  186  165   -187   -104    554
20210112162256804	  186  165   -187   -104    555
20210112162257004	  186  165   -187   -104    555
20210112162257304	  187  164   -185   -106    554
20210112162257404	  186  164   -187   -105    554
20210112162257537	  187  164   -185   -106    555
20210112162257704	  186  163   -186   -107    553
20210112162257804	  185  164   -188   -105    553
20210112162257971	  185  163   -188   -107    553
20210112162258071	  186  163   -187   -107    554
20210112162258137	  186  163   -186   -107    554
20210112162258437	  185  163   -188   -107    553
20210112162258537	  185  163   -187   -107    552
20210112162258604	  185  163   -188   -107    553
20210112162258637	  185  163   -188   -107    553
20210112162258871	  186  163   -186   -107    553
20210112162259138	  185  163   -188   -107    553
20210112162259271	  185  163   -187   -107    552
20210112162259438	  185  162   -187   -108    552
20210112162259571	  185  164   -188   -106    554
20210112162259671	  184  161   -188   -109    551
20210112162259871	  184  162   -189   -108    552
20210112162300004	  184  162   -189   -108    552
20210112162300138	  185  162   -188   -108    553
20210112162300305	  184  162   -189   -108    552
20210112162300438	  184  162   -189   -108    553
20210112162300571	  184  161   -188   -109    551
20210112162300705	  185  162   -187   -108    552
20210112162300838	  184  161   -189   -109    552
20210112162300971	  184  162   -189   -108    553
20210112162301138	  184  161   -188   -109    551
20210112162301271	  186  163   -186   -107    553
20210112162301405	  184  161   -189   -109    552
20210112162301538	  184  162   -189   -108    553
20210112162301705	  183  161   -190   -109    552
20210112162301838	  185  161   -187   -109    552
20210112162301972	  184  161   -189   -109    552
20210112162302105	  184  161   -189   -109    552
20210112162302238	  184  161   -189   -109    552
20210112162302405	  184  160   -188   -110    550
20210112162302538	  184  161   -189   -110    553
20210112162302672	  183  160   -190   -111    551
20210112162302839	  183  161   -190   -109    552
20210112162302972	  183  160   -190   -111    552
20210112162303105	  183  160   -190   -111    551
20210112162303272	  183  160   -190   -111    551
20210112162303405	  183  161   -190   -110    553
20210112162303539	  183  160   -189   -110    550
20210112162303672	  182  160   -192   -111    552
20210112162303839	  182  160   -191   -110    550
20210112162303972	  183  160   -190   -111    551
20210112162304039	  183  159   -190   -112    550
20210112162304039	  183  159   -190   -112    550
20210112162304172	  183  160   -190   -111    551
20210112162304339	  183  160   -190   -110    550
20210112162304372	  183  159   -190   -112    550
20210112162304472	  184  160   -188   -111    551
20210112162304739	  183  160   -190   -111    551
20210112162305106	  193  174   -177    -91    554
20210112162305272	  200  183   -168    -79    558
20210112162305406	  209  193   -156    -64    562
20210112162305539	  215  199   -146    -55    560
20210112162305673	  221  207   -138    -44    563
20210112162305839	  231  214   -125    -34    570
20210112162305973	  242  224   -110    -19    575
20210112162306073	  249  228   -100    -13    579
20210112162306206	  257  233    -88     -5    581
20210112162306306	  265  239    -77      3    586
20210112162306406	  272  242    -66      8    591
20210112162306506	  281  245    -53     12    595
20210112162306673	  294  251    -33     22    606
20210112162306973	  297  252    -28     24    607
20210112162307173	  299  254    -25     27    612
20210112162307306	  299  253    -25     26    612
20210112162307440	  300  254    -24     27    613
20210112162307573	  303  254    -19     27    612
20210112162307740	  303  255    -19     29    613
20210112162307873	  303  254    -19     27    613
20210112162308006	  303  254    -19     27    614
20210112162308173	  304  254    -17     27    614
20210112162308240	  306  255    -14     29    614
20210112162308440	  305  254    -16     28    617
20210112162308573	  300  253    -23     26    611
20210112162308740	  289  250    -41     21    603
20210112162308873	  282  247    -51     16    599
20210112162309007	  274  243    -63      9    592
20210112162309140	  265  238    -76      1    585
20210112162309307	  255  231    -91     -8    579
20210112162309440	  245  227   -105    -14    575
20210112162309574	  238  220   -115    -25    571
20210112162309707	  228  213   -129    -35    566
20210112162309874	  218  204   -143    -48    563
20210112162310007	  211  197   -152    -58    558
20210112162310140	  204  188   -162    -71    558
20210112162310274	  196  179   -173    -84    555
20210112162310440	  193  176   -177    -88    554
20210112162310574	  193  174   -176    -91    554
20210112162310707	  191  172   -179    -94    554
20210112162310841	  190  172   -180    -94    553
20210112162311007	  189  170   -182    -97    553
20210112162311141	  189  170   -182    -97    553
20210112162311274	  189  169   -182    -98    553
20210112162311441	  189  168   -182   -100    554
20210112162311574	  188  168   -184   -100    555
20210112162311707	  188  168   -184   -100    556
20210112162311841	  188  166   -185   -103    557
20210112162312008	  188  166   -184   -103    556
20210112162312108	  186  166   -187   -103    555
20210112162312274	  187  166   -186   -103    556
20210112162312374	  187  166   -186   -103    556
20210112162312474	  186  165   -187   -104    554
20210112162312541	  186  165   -187   -104    555
20210112162312641	  186  165   -187   -104    555
20210112162312808	  186  165   -187   -104    555
20210112162312941	  186  165   -187   -104    554
20210112162313241	  185  163   -188   -107    553
20210112162313408	  186  164   -187   -105    554
20210112162313575	  185  164   -188   -105    554
20210112162313708	  184  164   -189   -105    553
20210112162313775	  185  163   -188   -107    553
20210112162313808	  185  163   -187   -107    552
20210112162314075	  185  162   -187   -108    552
20210112162314241	  185  163   -188   -107    553
20210112162314341	  185  163   -188   -107    553
20210112162314408	  185  162   -187   -108    551
20210112162314541	  185  162   -188   -108    553
20210112162314608	  185  162   -187   -108    552
20210112162314642	  183  162   -190   -108    552
20210112162314708	  184  163   -189   -107    553
20210112162315042	  184  163   -189   -107    554
20210112162315375	  184  162   -189   -108    553
20210112162315542	  185  162   -187   -108    552
20210112162315575	  183  161   -190   -109    552
20210112162315642	  184  161   -189   -109    552
20210112162315675	  184  161   -189   -109    552
20210112162315875	  184  161   -189   -109    552
20210112162316242	  183  162   -190   -108    552
20210112162316542	  184  161   -189   -110    553
20210112162316675	  184  161   -189   -109    552
20210112162316809	  184  161   -189   -109    552
20210112162316975	  186  164   -187   -106    555
20210112162317109	  183  160   -190   -111    551
20210112162317242	  184  161   -189   -109    552
20210112162317376	  183  161   -190   -109    552
20210112162317542	  183  160   -190   -110    550
20210112162317676	  184  160   -189   -111    552
20210112162317809	  183  161   -191   -110    553
20210112162317942	  183  160   -190   -111    551
20210112162318109	  183  160   -190   -111    552
20210112162318242	  183  159   -190   -112    551
20210112162318376	  183  160   -190   -111    552
20210112162318543	  183  160   -190   -111    551
20210112162318676	  182  159   -191   -112    551
20210112162318809	  183  159   -189   -112    550
20210112162318943	  183  160   -190   -110    550
20210112162319109	  182  159   -191   -112    551
20210112162319243	  183  160   -190   -111    551
20210112162319376	  184  160   -188   -110    550
20210112162319509	  182  159   -191   -112    552
20210112162319643	  182  159   -191   -112    551
20210112162319743	  182  159   -191   -112    550
20210112162319776	  182  159   -191   -112    551
20210112162319843	  182  159   -191   -112    551
20210112162319910	  182  159   -191   -112    552
20210112162319910	  183  159   -190   -112    551
20210112162320110	  182  159   -191   -112    552
20210112162320143	  183  159   -190   -112    552
20210112162320276	  182  160   -191   -111    552
20210112162320410	  184  160   -188   -111    551
20210112162320510	  182  159   -191   -112    551
20210112162320643	  182  161   -191   -109    551
20210112162320776	  182  159   -191   -112    552
20210112162320810	  182  158   -191   -113    550
20210112162320910	  182  159   -191   -112    551
20210112162321043	  189  168   -183   -100    556
20210112162321110	  194  174   -176    -91    557
20210112162321177	  192  172   -178    -94    555
20210112162321243	  194  176   -175    -88    555
20210112162321410	  203  186   -165    -75    564
20210112162321443	  204  188   -162    -71    558
20210112162321543	  209  192   -155    -66    561
20210112162321643	  216  201   -145    -52    561
20210112162321710	  220  204   -140    -48    563
20210112162321810	  223  210   -136    -39    565
20210112162321877	  228  214   -129    -34    567
20210112162322010	  236  220   -118    -25    571
20210112162322077	  242  222   -109    -22    573
20210112162322143	  246  226   -104    -16    575
20210112162322210	  252  230    -96    -10    580
20210112162322510	  272  242    -67      8    592
20210112162322777	  293  251    -34     22    606
20210112162323110	  297  252    -28     24    607
20210112162323410	  298  253    -27     26    610
20210112162323477	  300  253    -23     26    611
20210112162323577	  301  254    -22     27    613
20210112162323744	  301  254    -22     27    612
20210112162323877	  301  254    -22     27    614
20210112162324177	  303  255    -19     29    615
20210112162324477	  303  254    -19     27    614
20210112162324811	  288  250    -42     21    602
20210112162325111	  271  241    -67      6    588
20210112162325444	  251  229    -97    -11    578
20210112162325744	  232  215   -124    -32    570
20210112162326011	  215  201   -147    -52    561
20210112162326278	  200  183   -167    -78    556
20210112162326444	  193  175   -176    -89    554
20210112162326578	  193  175   -177    -90    555
20210112162326745	  190  172   -181    -94    554
20210112162326878	  191  171   -179    -95    554
20210112162327011	  189  170   -183    -97    555
20210112162327145	  190  170   -181    -97    555
20210112162327311	  188  168   -183    -99    553
20210112162327445	  188  168   -184   -100    555
20210112162327578	  188  167   -184   -101    555
20210112162327711	  187  166   -185   -103    555
20210112162327878	  187  166   -186   -103    555
20210112162328012	  186  166   -187   -103    554
20210112162328145	  186  166   -187   -103    555
20210112162328278	  186  165   -187   -104    554
20210112162328445	  187  165   -186   -104    555
20210112162328578	  186  165   -187   -104    554
20210112162328712	  187  164   -185   -105    554
20210112162328778	  186  164   -186   -105    554
20210112162328878	  185  164   -188   -105    554
20210112162328945	  186  163   -186   -107    553
20210112162328978	  186  163   -187   -107    554
20210112162329045	  185  164   -188   -105    553
20210112162329078	  185  163   -188   -107    553
20210112162329279	  186  163   -186   -107    554
20210112162329579	  186  163   -186   -107    553
20210112162329912	  185  162   -187   -108    552
20210112162330179	  184  161   -189   -109    552
20210112162330312	  184  161   -189   -109    552
20210112162330479	  184  161   -189   -109    552
20210112162330646	  184  162   -189   -108    553
20210112162330779	  183  161   -190   -109    551
20210112162330946	  184  161   -189   -109    552
20210112162331079	  185  162   -188   -108    553
20210112162331112	  185  162   -188   -108    553
20210112162331179	  184  161   -189   -109    552
20210112162331346	  183  161   -190   -109    552
20210112162331646	  183  160   -190   -111    551
20210112162331779	  184  161   -189   -109    552
20210112162331946	  183  160   -190   -111    550
20210112162332079	  183  161   -190   -109    553
20210112162332213	  184  161   -189   -109    552
20210112162332346	  184  160   -188   -111    551
20210112162332513	  183  160   -190   -111    551
20210112162332613	  183  160   -190   -111    551
20210112162332779	  183  160   -190   -110    550
20210112162332913	  183  160   -190   -111    552
20210112162333079	  183  159   -190   -112    551
20210112162333213	  183  160   -190   -111    551
20210112162333346	  183  160   -190   -111    551
20210112162333513	  183  160   -190   -111    551
20210112162333646	  183  160   -190   -111    551
20210112162333780	  183  159   -190   -112    551
20210112162333913	  182  159   -192   -112    552
20210112162334046	  184  161   -188   -109    551
20210112162334213	  183  160   -190   -111    551
20210112162334346	  182  159   -191   -112    552
20210112162334480	  184  160   -188   -111    551
20210112162334647	  182  160   -191   -111    552
20210112162334780	  182  158   -191   -113    551
20210112162334947	  182  159   -191   -112    551
20210112162335080	  181  159   -192   -112    550
20210112162335213	  182  159   -191   -112    551
20210112162335380	  183  159   -190   -112    550
20210112162335513	  181  158   -193   -114    551
20210112162335680	  182  158   -191   -113    550
20210112162335813	  182  158   -191   -113    551
20210112162335980	  182  158   -191   -113    551
20210112162336114	  182  158   -191   -113    551
20210112162336280	  181  159   -193   -112    552
20210112162336414	  181  158   -193   -114    552
20210112162336480	  182  158   -191   -113    551
20210112162336514	  182  158   -191   -114    551
20210112162336647	  181  159   -193   -112    552
20210112162336747	  181  158   -193   -114    551
20210112162336780	  182  158   -191   -113    550
20210112162336847	  181  159   -193   -112    552
20210112162337014	  182  159   -191   -112    552
20210112162337347	  195  176   -174    -88    555
20210112162337681	  211  195   -153    -62    564
20210112162337881	  221  206   -138    -45    563
20210112162338014	  231  214   -125    -34    570
20210112162338181	  242  223   -109    -20    573
20210112162338314	  253  230    -94    -10    579
20210112162338481	  264  238    -78      1    587
20210112162338547	  269  240    -71      4    590
20210112162338681	  280  246    -54     14    597
20210112162338981	  294  252    -33     24    606
20210112162339048	  294  251    -33     22    606
20210112162339081	  293  251    -34     22    606
20210112162339214	  296  252    -30     24    608
20210112162339348	  298  253    -27     26    610
20210112162339514	  298  253    -27     26    612
20210112162339881	  299  255    -25     29    614
20210112162340048	  302  255    -20     29    613
20210112162340181	  301  255    -22     29    612
20210112162340348	  303  256    -19     31    613
20210112162340481	  303  254    -19     27    613
20210112162340548	  302  255    -20     29    613
20210112162340715	  297  253    -28     26    613
20210112162340915	  286  249    -45     19    601
20210112162341081	  278  244    -57     11    593
20210112162341248	  267  239    -74      3    587
20210112162341382	  259  234    -85     -4    581
20210112162341548	  249  228    -99    -13    575
20210112162341715	  236  219   -118    -26    570
20210112162341848	  228  214   -129    -34    567
20210112162342015	  218  204   -143    -48    562
20210112162342148	  210  196   -153    -59    558
20210112162342315	  200  185   -168    -76    558
20210112162342482	  193  176   -177    -88    555
20210112162342615	  192  174   -178    -91    554
20210112162342782	  190  171   -181    -95    553
20210112162342915	  191  170   -179    -97    553
20210112162343082	  190  169   -181    -98    554
20210112162343249	  187  168   -186   -100    555
20210112162343382	  189  168   -182   -100    554
20210112162343549	  189  167   -183   -102    557
20210112162343649	  187  166   -186   -103    556
20210112162343849	  186  165   -187   -104    554
20210112162344016	  186  165   -187   -104    554
20210112162344182	  185  164   -188   -105    553
20210112162344316	  187  165   -185   -104    555
20210112162344482	  186  164   -187   -105    554
20210112162344649	  186  163   -186   -107    553
20210112162344749	  185  164   -188   -105    554
20210112162344916	  185  163   -188   -107    553
20210112162344982	  185  163   -188   -107    553
20210112162345283	  185  162   -187   -108    551
20210112162345416	  184  163   -189   -106    552
20210112162345583	  184  162   -189   -108    552
20210112162345749	  184  162   -189   -108    552
20210112162345883	  185  163   -188   -107    553
20210112162346049	  184  162   -189   -108    553
20210112162346216	  185  161   -187   -109    552
20210112162346316	  184  162   -189   -108    553
20210112162346516	  184  161   -188   -109    551
20210112162346683	  183  160   -190   -111    552
20210112162346850	  184  162   -189   -108    552
20210112162346983	  183  160   -190   -111    551
20210112162347150	  183  160   -190   -111    552
20210112162347350	  184  161   -189   -109    552
20210112162347483	  183  160   -190   -111    551
20210112162347650	  183  160   -190   -111    550
20210112162347817	  183  160   -190   -111    552
20210112162347983	  183  159   -190   -112    550
20210112162348083	  183  160   -190   -111    551
20210112162348317	  183  159   -190   -112    550
20210112162348450	  183  160   -190   -111    551
20210112162348617	  183  159   -190   -112    551
20210112162348783	  182  159   -191   -112    551
20210112162348950	  182  159   -191   -112    550
20210112162349084	  182  159   -192   -112    552
20210112162349250	  182  159   -191   -112    552
20210112162349417	  182  159   -191   -112    551
20210112162349584	  182  159   -191   -112    552
20210112162349717	  182  158   -191   -113    551
20210112162349784	  182  160   -191   -111    551
20210112162349917	  182  158   -191   -114    552
20210112162350084	  182  159   -191   -112    550
20210112162350417	  182  159   -191   -112    552
20210112162350584	  182  158   -192   -114    552
20210112162350751	  182  159   -191   -112    551
20210112162350917	  181  158   -193   -114    552
20210112162351051	  181  159   -193   -112    552
20210112162351217	  181  158   -193   -114    553
20210112162351384	  181  159   -193   -112    552
20210112162351551	  181  158   -193   -113    551
20210112162351684	  182  158   -191   -114    552
20210112162351851	  182  158   -191   -113    551
20210112162352018	  181  157   -193   -115    551
20210112162352184	  181  158   -193   -114    552
20210112162352351	  181  158   -192   -113    550
20210112162352484	  181  157   -193   -115    553
20210112162352584	  181  158   -193   -114    552
20210112162352651	  181  158   -193   -114    552
20210112162352918	  181  158   -193   -113    551
20210112162353118	  182  160   -191   -111    551
20210112162353185	  187  166   -185   -103    554
20210112162353185	  190  169   -181    -98    554
20210112162353285	  191  170   -179    -97    554
20210112162353385	  193  174   -177    -91    556
20210112162353451	  196  178   -173    -85    556
20210112162353618	  205  188   -161    -71    560
20210112162353618	  206  189   -159    -70    559
20210112162353685	  208  191   -156    -67    558
20210112162354018	  227  211   -130    -38    566
20210112162354385	  253  230    -94    -10    580
20210112162354718	  278  245    -57     13    594
20210112162354952	  292  251    -36     22    607
20210112162355085	  295  252    -31     24    606
20210112162355118	  295  252    -31     24    608
20210112162355485	  297  253    -28     26    610
20210112162355585	  298  253    -27     26    610
20210112162355652	  299  252    -25     24    609
20210112162355752	  300  255    -24     29    613
20210112162355785	  299  253    -25     26    612
20210112162355885	  299  254    -25     27    612
20210112162355919	  299  253    -25     26    612
20210112162356185	  301  254    -22     27    612
20210112162356552	  302  255    -20     29    613
20210112162356652	  302  255    -20     29    614
20210112162356719	  302  255    -20     29    614
20210112162357019	  284  247    -48     16    600
20210112162357352	  264  237    -78      0    585
20210112162357652	  244  225   -107    -17    575
20210112162357819	  233  216   -122    -31    569
20210112162357986	  223  208   -136    -42    564
20210112162358153	  213  199   -149    -55    560
20210112162358286	  205  191   -161    -67    558
20210112162358453	  197  180   -171    -82    555
20210112162358619	  191  173   -180    -93    555
20210112162358786	  191  173   -180    -92    554
20210112162358919	  189  169   -182    -98    553
20210112162359086	  190  169   -181    -98    554
20210112162359253	  187  167   -186   -101    555
20210112162359420	  188  168   -184   -100    555
20210112162359553	  187  166   -186   -103    556
20210112162359720	  187  166   -186   -103    556
20210112162359886	  187  166   -186   -103    556
20210112162400053	  186  165   -186   -104    553
20210112162400186	  185  165   -188   -104    554
20210112162400353	  185  164   -188   -105    554
20210112162400520	  185  166   -189   -103    556
20210112162400653	  184  163   -189   -107    553
20210112162400820	  184  162   -189   -108    551
20210112162400987	  184  162   -189   -108    552
20210112162401153	  185  163   -188   -107    553
20210112162401253	  184  163   -189   -107    553
20210112162401453	  184  162   -189   -108    553
20210112162401487	  184  162   -189   -108    553
20210112162401587	  184  162   -189   -108    552
20210112162401820	  184  161   -189   -109    551
20210112162402087	  183  160   -190   -111    552
20210112162402254	  183  161   -190   -109    552
20210112162402420	  183  160   -190   -111    551
20210112162402587	  183  160   -190   -111    551
20210112162402720	  183  160   -190   -111    551
20210112162402854	  183  160   -190   -111    552
20210112162403020	  182  161   -191   -109    550
20210112162403187	  183  160   -190   -111    551
20210112162403220	  183  160   -190   -111    551
20210112162403287	  183  159   -190   -112    551
20210112162403487	  183  160   -190   -111    551
20210112162403787	  183  160   -190   -111    551
20210112162404121	  183  159   -190   -112    550
20210112162404454	  183  159   -190   -112    551
20210112162404587	  182  160   -191   -111    551
20210112162404754	  182  159   -191   -112    551
20210112162404788	  182  159   -191   -112    551
20210112162404854	  182  158   -191   -114    552
20210112162405221	  182  159   -191   -112    551
20210112162405388	  182  159   -191   -112    551
20210112162405554	  183  158   -189   -113    550
20210112162405721	  182  158   -191   -113    550
20210112162405854	  182  159   -191   -112    551
20210112162406021	  182  159   -191   -112    552
20210112162406188	  181  158   -193   -113    551
20210112162406321	  181  157   -192   -115    550
20210112162406488	  181  158   -193   -114    552
20210112162406655	  181  158   -193   -114    553
20210112162406821	  181  157   -192   -115    550
20210112162406955	  181  158   -193   -114    553
20210112162407121	  181  158   -193   -113    551
20210112162407288	  181  158   -193   -114    551
20210112162407421	  181  157   -192   -115    550
20210112162407588	  182  158   -191   -113    551
20210112162407755	  182  158   -192   -114    553
20210112162407888	  181  158   -193   -114    552
20210112162408055	  180  157   -194   -115    551
20210112162408222	  182  157   -192   -115    552
20210112162408355	  180  158   -194   -113    551
20210112162408522	  181  157   -193   -115    552
20210112162408688	  181  156   -193   -117    552
20210112162408788	  181  157   -193   -115    551
20210112162408889	  181  157   -193   -115    551
20210112162408955	  180  157   -194   -115    551
20210112162409055	  181  158   -193   -114    553
20210112162409055	  181  158   -193   -114    552
20210112162409055	  181  158   -193   -114    553
20210112162409055	  180  158   -195   -114    552
20210112162409055	  182  158   -192   -114    553
20210112162409255	  186  163   -185   -106    551
20210112162409355	  191  171   -180    -96    556
20210112162409422	  192  173   -179    -93    558
20210112162409589	  198  179   -170    -84    555
20210112162409689	  203  188   -165    -72    563
20210112162409789	  208  192   -157    -66    560
20210112162409822	  210  194   -155    -63    563
20210112162409922	  216  202   -146    -51    563
20210112162410022	  221  205   -138    -47    563
20210112162410055	  223  208   -136    -42    563
20210112162410122	  226  213   -132    -35    567
20210112162410155	  229  213   -128    -35    568
20210112162410256	  236  219   -118    -26    570
20210112162410456	  250  229    -98    -11    579
20210112162410622	  262  237    -81      0    585
20210112162410722	  270  240    -69      4    589
20210112162410822	  279  245    -56     13    594
20210112162411122	  292  251    -36     22    605
20210112162411189	  292  251    -36     22    606
20210112162411322	  295  252    -31     24    607
20210112162411656	  297  253    -28     26    609
20210112162411989	  299  253    -25     26    612
20210112162412256	  300  254    -23     27    612
20210112162412589	  303  254    -19     27    612
20210112162412789	  302  254    -20     27    614
20210112162413190	  281  247    -53     16    596
20210112162413523	  258  235    -87     -2    581
20210112162413856	  238  220   -115    -25    570
20210112162414190	  217  204   -145    -49    564
20210112162414523	  198  182   -170    -80    556
20210112162414790	  192  173   -178    -92    554
20210112162415123	  190  169   -181    -98    553
20210112162415290	  187  168   -186   -100    556
20210112162415457	  188  166   -184   -103    556
20210112162415590	  187  166   -186   -103    556
20210112162415757	  187  165   -186   -104    555
20210112162415924	  186  164   -186   -105    553
20210112162416024	  186  165   -187   -104    554
20210112162416124	  185  164   -188   -105    553
20210112162416224	  186  164   -187   -105    554
20210112162416557	  186  164   -187   -105    554
20210112162416724	  185  163   -188   -107    553
20210112162416890	  186  163   -186   -107    553
20210112162417057	  184  162   -189   -108    553
20210112162417224	  184  162   -189   -108    552
20210112162417324	  183  162   -190   -108    552
20210112162417424	  183  161   -190   -109    552
20210112162417491	  184  161   -189   -109    552
20210112162417591	  184  162   -189   -108    552
20210112162417757	  183  160   -190   -111    551
20210112162417891	  184  161   -189   -109    552
20210112162418224	  183  160   -190   -111    552
20210112162418524	  183  160   -190   -111    551
20210112162418691	  183  160   -190   -111    551
20210112162418858	  183  160   -189   -110    550
20210112162418991	  181  159   -193   -112    551
20210112162419158	  183  160   -190   -111    551
20210112162419324	  183  160   -190   -111    551
20210112162419491	  182  159   -191   -112    552
20210112162419591	  183  159   -189   -112    550
20210112162419758	  183  160   -190   -111    551
20210112162419858	  182  159   -191   -112    551
20210112162419991	  182  160   -191   -110    550
20210112162420058	  182  159   -191   -112    552
20210112162420158	  183  160   -190   -111    551
20210112162420491	  183  159   -190   -112    551
20210112162420792	  182  159   -191   -112    551
20210112162420892	  181  159   -193   -112    552
20210112162420925	  181  158   -193   -114    552
20210112162420958	  181  158   -193   -114    552
20210112162421225	  181  158   -193   -113    551
20210112162421625	  181  157   -192   -115    550
20210112162421792	  182  158   -191   -114    551
20210112162421958	  181  157   -192   -115    550
20210112162422125	  181  157   -193   -115    553
20210112162422292	  182  158   -191   -113    551
20210112162422459	  181  158   -193   -114    552
20210112162422625	  181  158   -193   -114    553
20210112162422759	  181  157   -192   -115    550
20210112162422925	  181  157   -193   -115    552
20210112162423092	  181  157   -193   -115    551
20210112162423259	  181  157   -193   -115    551
20210112162423425	  181  157   -193   -115    551
20210112162423559	  181  157   -193   -115    551
20210112162423726	  180  157   -193   -115    549
20210112162423892	  181  157   -193   -115    553
20210112162424059	  181  157   -193   -115    552
20210112162424226	  181  157   -193   -115    552
20210112162424392	  181  157   -193   -115    551
20210112162424559	  180  158   -194   -114    551
20210112162424726	  181  157   -192   -115    549
20210112162424893	  181  158   -193   -113    551
20210112162424993	  182  156   -191   -116    549
20210112162425159	  180  157   -194   -115    552
20210112162425159	  181  157   -193   -115    552
20210112162425259	  181  157   -192   -115    549
20210112162425359	  184  161   -188   -109    551
20210112162425493	  190  170   -181    -97    554
20210112162425626	  195  176   -174    -88    555
20210112162425826	  204  188   -162    -71    559
20210112162426193	  225  210   -133    -39    566
20210112162426560	  248  227   -101    -14    578
20210112162426926	  271  243    -69      9    600
20210112162427093	  289  250    -41     21    605
20210112162427260	  293  251    -34     22    607
20210112162427427	  294  251    -33     22    606
20210112162427527	  297  254    -28     27    610
20210112162427560	  296  254    -30     27    610
20210112162427693	  296  252    -30     24    606
20210112162427760	  298  253    -27     26    609
20210112162427827	  298  254    -27     27    611
20210112162427860	  298  254    -27     27    612
20210112162427927	  298  253    -27     26    611
20210112162428193	  299  253    -25     26    612
20210112162428327	  300  254    -24     27    613
20210112162428427	  302  254    -20     27    613
20210112162428627	  302  253    -20     26    611
20210112162428727	  302  254    -20     27    614
20210112162428860	  300  254    -24     27    612
20210112162428960	  301  254    -22     27    612
20210112162429194	  286  249    -45     19    598
20210112162429560	  263  236    -79     -1    581
20210112162429961	  236  218   -118    -28    570
20210112162430294	  215  202   -147    -51    562
20210112162430694	  194  177   -175    -87    555
20210112162430894	  192  173   -178    -92    554
20210112162431061	  189  170   -182    -97    553
20210112162431228	  189  169   -182    -98    553
20210112162431394	  188  168   -184   -100    556
20210112162431561	  186  167   -188   -102    557
20210112162431728	  187  166   -186   -103    555
20210112162431894	  185  166   -188   -103    555
20210112162432061	  186  164   -187   -105    554
20210112162432261	  187  164   -185   -105    554
20210112162432428	  185  163   -188   -107    553
20210112162432595	  185  163   -188   -107    554
20210112162432761	  185  162   -187   -108    552
20210112162432928	  184  163   -189   -107    553
20210112162433095	  184  162   -189   -108    552
20210112162433128	  185  163   -188   -107    553
20210112162433195	  185  163   -188   -107    554
20210112162433295	  183  161   -190   -109    552
20210112162433328	  183  162   -190   -108    553
20210112162433495	  184  161   -189   -110    553
20210112162433695	  184  160   -188   -111    551
20210112162433828	  183  161   -191   -110    553
20210112162433828	  183  161   -191   -110    553
20210112162433895	  184  161   -189   -110    553
20210112162433962	  184  161   -189   -109    553
20210112162433995	  184  161   -189   -109    552
20210112162434062	  183  160   -190   -111    552
20210112162434162	  183  160   -190   -111    551
20210112162434228	  183  159   -190   -112    550
20210112162434295	  183  160   -190   -111    551
20210112162434462	  183  161   -190   -109    552
20210112162434562	  183  159   -190   -112    551
20210112162434762	  184  160   -188   -111    551
20210112162434828	  183  160   -190   -111    551
20210112162434862	  183  160   -190   -111    552
20210112162434995	  183  159   -190   -112    550
20210112162435028	  183  160   -190   -111    551
20210112162435062	  183  160   -190   -111    552
20210112162435162	  182  159   -191   -112    551
20210112162435229	  183  159   -189   -112    550
20210112162435295	  183  160   -190   -110    550
20210112162435362	  182  160   -191   -110    550
20210112162435462	  182  160   -191   -111    551
20210112162435529	  183  160   -190   -111    551
20210112162435629	  182  158   -191   -113    550
20210112162435762	  181  159   -193   -112    551
20210112162435862	  182  159   -191   -112    552
20210112162435962	  182  158   -191   -113    551
20210112162435995	  182  158   -191   -113    550
20210112162436029	  182  158   -191   -114    551
20210112162436129	  182  159   -191   -112    551
20210112162436129	  182  159   -191   -112    551
20210112162436195	  183  158   -190   -114    551
20210112162436262	  181  159   -193   -112    551
20210112162436295	  182  158   -191   -114    551
20210112162436362	  181  158   -193   -113    551
20210112162436396	  181  158   -193   -114    552
20210112162436696	  181  158   -193   -114    551
20210112162436929	  181  158   -193   -114    551
20210112162436996	  181  157   -193   -115    551
20210112162437129	  181  157   -192   -115    550
20210112162437362	  181  157   -193   -115    551
20210112162437462	  181  157   -193   -115    552
20210112162437496	  182  157   -191   -115    551
20210112162437596	  180  157   -194   -115    552
20210112162437662	  180  158   -194   -113    551
20210112162437729	  181  157   -192   -115    550
20210112162437763	  181  157   -193   -115    551
20210112162437829	  181  157   -193   -115    551
20210112162437896	  181  157   -193   -115    551
20210112162437996	  181  157   -193   -115    552
20210112162438029	  181  157   -192   -115    550
20210112162438096	  180  157   -194   -115    550
20210112162438163	  180  157   -194   -115    551
20210112162438263	  180  157   -194   -115    551
20210112162438363	  180  157   -194   -115    552
20210112162438396	  180  158   -194   -114    552
20210112162438396	  181  157   -193   -115    552
20210112162438496	  180  157   -194   -115    551
20210112162438529	  180  157   -194   -115    551
20210112162438596	  181  157   -193   -115    551
20210112162438663	  180  157   -194   -115    552
20210112162438663	  180  157   -194   -115    552
20210112162438763	  180  156   -194   -116    551
20210112162438796	  180  156   -194   -116    551
20210112162438896	  180  157   -194   -115    550
20210112162438929	  180  157   -194   -115    551
20210112162438929	  181  157   -193   -115    552
20210112162439029	  179  157   -195   -115    551
20210112162439096	  181  157   -193   -115    553
20210112162439163	  181  158   -192   -113    549
20210112162439230	  180  157   -195   -115    553
20210112162439396	  180  156   -194   -116    551
20210112162439463	  180  157   -194   -115    551
20210112162439496	  181  157   -193   -115    552
20210112162439596	  180  156   -195   -117    553
20210112162439663	  180  157   -194   -115    551
20210112162439696	  181  157   -193   -115    551
20210112162439763	  181  156   -192   -116    550
20210112162439763	  180  156   -194   -116    550
20210112162439763	  180  156   -194   -116    550
20210112162439896	  180  157   -194   -115    551
20210112162439996	  180  156   -194   -116    552
20210112162439996	  180  156   -194   -117    552
20210112162440096	  180  156   -194   -117    552
20210112162440130	  180  156   -194   -117    552
20210112162440230	  181  157   -192   -115    550
20210112162440296	  181  157   -193   -115    551
20210112162440363	  180  156   -194   -117    552
20210112162440430	  180  156   -195   -117    552
20210112162440497	  180  156   -194   -116    550
20210112162440497	  181  156   -193   -117    552
20210112162440597	  181  156   -193   -116    551
20210112162440630	  181  156   -193   -117    552
20210112162440630	  180  156   -194   -117    552
20210112162440697	  180  156   -195   -117    553
20210112162440697	  180  156   -195   -117    553
20210112162440763	  181  156   -193   -116    551
20210112162440830	  181  156   -193   -116    551
20210112162440863	  180  156   -194   -117    552
20210112162440863	  180  157   -194   -115    552
20210112162440997	  180  156   -194   -117    552
20210112162441063	  180  156   -194   -116    550
20210112162441130	  181  157   -193   -115    551
20210112162441130	  181  157   -193   -115    551
20210112162441263	  180  155   -194   -118    552
20210112162441297	  180  155   -194   -118    551
20210112162441297	  180  155   -194   -118    551
20210112162441297	  180  155   -194   -118    551
20210112162441397	  181  158   -193   -114    552
20210112162441463	  186  165   -187   -104    555
20210112162441463	  188  168   -185   -100    557
20210112162441563	  190  169   -181    -98    554
20210112162441630	  191  170   -179    -97    553
20210112162441630	  192  173   -178    -93    555
20210112162441764	  196  179   -173    -84    557
20210112162441864	  202  185   -165    -76    558
20210112162441964	  205  189   -161    -70    560
20210112162442130	  217  201   -144    -52    561
20210112162442264	  222  208   -137    -42    565
20210112162442364	  227  213   -130    -35    566
20210112162442664	  249  228   -100    -13    580
20210112162442930	  269  240    -71      4    590
20210112162443164	  289  250    -41     21    604
20210112162443397	  292  251    -36     22    606
20210112162443497	  292  252    -36     24    607
20210112162443564	  294  252    -33     24    607
20210112162443597	  295  252    -31     24    607
20210112162443664	  296  253    -30     25    607
20210112162443731	  296  253    -30     26    609
20210112162443864	  297  252    -28     24    608
20210112162443864	  297  252    -28     24    610
20210112162443931	  298  253    -27     26    611
20210112162444031	  298  253    -27     26    611
20210112162444164	  298  253    -27     26    610
20210112162444264	  300  254    -23     27    611
20210112162444498	  300  253    -23     26    611
20210112162444798	  301  254    -22     27    612
20210112162444998	  303  254    -19     27    613
20210112162445131	  302  253    -20     26    612
20210112162445264	  302  254    -20     27    612
20210112162445331	  303  253    -19     26    613
20210112162445431	  302  254    -20     27    613
20210112162445531	  303  254    -19     27    614
20210112162445664	  302  254    -20     27    613
20210112162445731	  304  255    -17     29    614
20210112162445831	  302  254    -20     27    613
20210112162445998	  304  255    -17     29    613
20210112162446165	  304  254    -17     27    613
20210112162446331	  307  254    -12     28    616
20210112162446531	  304  255    -17     29    614
20210112162446665	  305  255    -16     29    615
20210112162446798	  304  255    -17     29    615
20210112162446998	  305  255    -16     29    616
20210112162447365	  306  255    -14     29    618
20210112162447632	  306  255    -14     29    617
20210112162447832	  304  256    -17     31    616
20210112162448065	  307  256    -12     31    616
20210112162448398	  306  255    -14     29    618
20210112162448799	  307  254    -12     28    617
20210112162449165	  308  256    -11     31    617
20210112162449265	  308  255    -11     29    619
20210112162449365	  308  257    -11     32    618
20210112162449565	  307  255    -12     29    617
20210112162449865	  307  255    -12     29    618
20210112162450199	  308  255    -11     29    619
20210112162450566	  308  255    -11     29    619
20210112162450966	  307  257    -12     33    619
20210112162451299	  308  256    -11     31    619
20210112162451533	  309  256     -9     31    620
20210112162451766	  309  255     -9     29    619
20210112162452099	  310  256     -7     31    620
20210112162452199	  310  257     -7     33    620
20210112162452266	  310  256     -7     31    621
