20210112162113536	  303  266    -21     51    671
20210112162113673	  303  266    -21     51    671
20210112162113775	  303  266    -21     51    672
20210112162113842	  304  266    -19     51    672
20210112162113908	  301  266    -24     51    673
20210112162114008	  303  266    -21     51    671
20210112162114074	  303  266    -21     51    671
20210112162114140	  304  266    -19     51    671
20210112162114239	  303  266    -21     51    672
20210112162114272	  302  267    -22     53    673
20210112162114305	  303  266    -21     51    672
20210112162114338	  304  265    -19     50    672
20210112162114534	  304  266    -19     51    671
20210112162114567	  303  266    -21     51    672
20210112162114731	  304  267    -19     53    671
20210112162114829	  304  267    -19     53    671
20210112162114927	  303  265    -21     50    673
20210112162114993	  304  267    -19     53    671
20210112162115058	  303  267    -21     53    671
20210112162115156	  304  267    -19     53    671
20210112162115253	  303  268    -21     55    671
20210112162115318	  303  266    -21     51    671
20210112162115382	  304  267    -19     53    671
20210112162115479	  303  266    -21     51    672
20210112162115543	  303  266    -21     51    671
20210112162115608	  303  266    -21     51    672
20210112162115704	  305  266    -17     51    671
20210112162115770	  303  268    -21     55    672
20210112162115837	  303  266    -21     51    672
20210112162115936	  303  266    -21     51    671
20210112162116036	  305  266    -17     51    671
20210112162116136	  303  266    -21     51    671
20210112162116203	  303  266    -21     51    672
20210112162116270	  304  267    -19     53    671
20210112162116370	  303  266    -21     51    671
20210112162116436	  305  266    -17     51    671
20210112162116503	  304  267    -19     53    670
20210112162116603	  303  266    -21     51    672
20210112162116670	  304  267    -19     53    671
20210112162116770	  304  267    -19     53    671
20210112162116836	  305  265    -17     49    671
20210112162116936	  304  267    -19     53    671
20210112162117002	  303  266    -21     51    672
20210112162117102	  303  266    -21     51    671
20210112162117235	  303  266    -21     51    672
20210112162117302	  304  267    -19     53    671
20210112162117368	  304  267    -19     53    671
20210112162117468	  303  266    -21     51    672
20210112162117568	  304  267    -19     53    672
20210112162117634	  303  266    -21     51    671
20210112162117734	  303  266    -21     51    671
20210112162117801	  303  266    -21     51    671
20210112162117901	  303  266    -21     51    671
20210112162117968	  303  266    -21     51    671
20210112162118034	  303  266    -21     51    671
20210112162118135	  304  267    -19     53    671
20210112162118235	  304  267    -19     53    670
20210112162118302	  303  266    -21     51    671
20210112162118335	  305  266    -17     51    670
20210112162118535	  303  266    -21     51    671
20210112162118602	  303  266    -21     51    671
20210112162118703	  305  266    -17     51    670
20210112162118770	  303  266    -21     51    671
20210112162118870	  305  266    -17     51    671
20210112162118937	  304  267    -19     53    671
20210112162119038	  304  267    -19     53    671
20210112162119139	  303  266    -21     51    672
20210112162119206	  304  267    -19     53    671
20210112162119307	  303  266    -21     51    671
20210112162119375	  303  266    -21     51    671
20210112162119476	  305  268    -17     55    670
20210112162119543	  303  266    -21     51    672
20210112162119645	  304  267    -19     53    671
20210112162119746	  303  266    -21     51    671
20210112162119813	  305  266    -17     51    670
20210112162119946	  303  266    -21     51    672
20210112162120046	  304  267    -19     53    671
20210112162120113	  304  266    -19     51    671
20210112162120146	  303  266    -21     51    672
20210112162120180	  303  266    -21     51    671
20210112162120213	  304  265    -19     50    672
20210112162120246	  303  266    -21     51    672
20210112162120280	  305  266    -17     51    670
20210112162120413	  303  266    -21     51    671
20210112162120646	  304  267    -19     53    671
20210112162120880	  304  267    -19     53    671
20210112162120946	  305  266    -17     51    671
20210112162121080	  303  266    -21     51    671
20210112162121180	  304  267    -19     53    671
20210112162121246	  303  266    -21     51    671
20210112162121346	  304  267    -19     53    671
20210112162121446	  304  267    -19     53    671
20210112162121546	  303  266    -21     51    671
20210112162121647	  303  266    -21     51    671
20210112162121713	  304  266    -19     51    671
20210112162121813	  303  266    -21     51    672
20210112162121913	  303  266    -21     51    671
20210112162122013	  305  268    -17     55    670
20210112162122080	  303  266    -21     51    671
20210112162122180	  304  267    -19     53    671
20210112162122313	  303  266    -21     51    672
20210112162122380	  305  266    -17     51    670
20210112162122480	  303  266    -21     51    672
20210112162122580	  303  266    -21     51    671
20210112162122680	  305  266    -17     51    671
20210112162122747	  304  267    -19     53    671
20210112162122847	  304  266    -19     51    671
20210112162122947	  303  266    -21     51    672
20210112162123047	  304  267    -19     53    671
20210112162123147	  302  267    -22     53    672
20210112162123214	  305  266    -17     51    670
20210112162123314	  303  266    -21     51    671
20210112162123414	  303  266    -21     51    671
20210112162123547	  303  266    -21     51    672
20210112162123614	  304  267    -19     53    671
20210112162123680	  304  267    -19     53    670
20210112162123814	  303  266    -21     51    671
20210112162123914	  302  267    -22     53    672
20210112162123980	  304  267    -19     53    671
20210112162124080	  303  266    -21     51    672
20210112162124180	  304  266    -19     51    671
20210112162124247	  305  266    -17     51    671
20210112162124347	  304  267    -19     53    671
20210112162124381	  304  265    -19     50    672
20210112162124447	  303  266    -21     51    671
20210112162124481	  303  266    -21     51    671
20210112162124647	  304  267    -19     53    671
20210112162124681	  304  266    -19     51    671
20210112162124747	  303  266    -21     51    671
20210112162124847	  304  267    -19     53    671
20210112162124947	  305  268    -17     55    671
20210112162125147	  304  267    -19     53    670
20210112162125347	  303  266    -21     51    672
20210112162125414	  303  266    -21     51    672
20210112162125514	  304  267    -19     53    671
20210112162125614	  305  268    -17     55    670
20210112162125681	  305  268    -17     55    671
20210112162125781	  304  266    -19     51    671
20210112162125881	  303  266    -21     51    671
20210112162126014	  304  267    -19     53    671
20210112162126081	  305  266    -17     51    671
20210112162126148	  303  266    -21     51    671
20210112162126214	  303  266    -21     51    672
20210112162126281	  305  266    -17     51    671
20210112162126314	  303  266    -21     51    672
20210112162126348	  304  266    -19     51    671
20210112162126414	  303  266    -21     51    672
20210112162126481	  305  265    -17     50    671
20210112162126648	  304  266    -19     51    671
20210112162126848	  303  266    -21     51    672
20210112162126981	  303  266    -21     51    672
20210112162127014	  304  267    -19     53    671
20210112162127081	  303  266    -21     51    671
20210112162127114	  304  267    -19     53    671
20210112162127215	  302  267    -22     53    672
20210112162127315	  304  267    -19     53    671
20210112162127515	  304  267    -19     53    671
20210112162127715	  304  265    -19     50    672
20210112162127781	  303  266    -21     51    671
20210112162127881	  303  266    -21     51    672
20210112162127915	  303  266    -21     51    672
20210112162128081	  303  266    -21     51    671
20210112162128148	  305  266    -17     51    671
20210112162128248	  303  266    -21     51    672
20210112162128348	  304  267    -19     53    671
20210112162128481	  303  266    -21     51    671
20210112162128548	  303  266    -21     51    672
20210112162128648	  305  266    -17     51    670
20210112162128748	  303  266    -21     51    671
20210112162128848	  304  267    -19     53    670
20210112162129015	  303  266    -21     51    672
20210112162129215	  304  267    -19     53    670
20210112162129282	  303  266    -21     51    671
20210112162129382	  303  266    -21     51    672
20210112162129482	  303  266    -21     51    671
20210112162129582	  303  266    -21     51    672
20210112162129715	  305  266    -17     51    671
20210112162129782	  303  266    -21     51    672
20210112162129882	  302  267    -22     53    672
20210112162129982	  304  266    -19     51    671
20210112162130082	  305  266    -17     51    670
20210112162130149	  303  266    -21     51    671
20210112162130249	  304  267    -19     53    671
20210112162130349	  304  269    -19     57    671
20210112162130449	  303  266    -21     51    671
20210112162130515	  302  267    -22     53    672
20210112162130615	  303  266    -21     51    672
20210112162130715	  305  266    -17     51    671
20210112162130815	  303  266    -21     51    672
20210112162130949	  304  267    -19     53    671
20210112162131015	  305  266    -17     51    670
20210112162131115	  304  267    -19     53    671
20210112162131215	  303  266    -21     51    673
20210112162131315	  306  267    -15     53    670
20210112162131382	  303  266    -21     51    672
20210112162131482	  304  267    -19     53    671
20210112162131516	  304  267    -19     53    671
20210112162131616	  304  267    -19     53    671
20210112162131682	  303  266    -21     51    671
20210112162131716	  303  266    -21     51    672
20210112162131816	  306  267    -15     53    670
20210112162131849	  304  267    -19     53    671
20210112162131916	  304  267    -19     53    671
20210112162132116	  291  264    -41     47    661
20210112162132349	  284  263    -52     45    650
20210112162132516	  275  258    -67     36    644
20210112162132582	  271  257    -73     34    639
20210112162132683	  267  255    -80     30    635
20210112162132783	  260  252    -91     25    632
20210112162132883	  256  249    -96     20    625
20210112162133049	  243  242   -117      8    620
20210112162133249	  233  236   -132     -1    613
20210112162133316	  229  233   -137     -6    611
20210112162133349	  228  231   -139     -9    610
20210112162133516	  218  224   -154    -20    605
20210112162133583	  214  221   -160    -25    604
20210112162133749	  205  212   -172    -39    599
20210112162133849	  200  208   -180    -45    598
20210112162133949	  201  208   -178    -45    598
20210112162133983	  200  207   -179    -46    597
20210112162134049	  198  205   -182    -49    595
20210112162134150	  197  204   -184    -51    597
20210112162134216	  197  200   -184    -57    597
20210112162134383	  196  201   -185    -56    596
20210112162134483	  194  200   -189    -57    596
20210112162134583	  196  202   -186    -54    597
20210112162134716	  195  200   -187    -57    596
20210112162134816	  193  198   -190    -60    595
20210112162134916	  193  198   -190    -60    595
20210112162134983	  192  198   -191    -60    595
20210112162135083	  192  197   -191    -62    595
20210112162135116	  191  197   -193    -62    594
20210112162135150	  192  197   -191    -62    594
20210112162135283	  191  197   -193    -62    596
20210112162135383	  191  195   -192    -65    593
20210112162135583	  191  195   -193    -65    594
20210112162135650	  190  195   -194    -65    595
20210112162135750	  190  195   -194    -65    595
20210112162135850	  190  194   -194    -66    594
20210112162135950	  189  194   -196    -66    594
20210112162136050	  189  195   -196    -65    595
20210112162136117	  189  194   -196    -66    594
20210112162136217	  189  193   -196    -68    595
20210112162136317	  188  193   -197    -68    595
20210112162136417	  189  193   -196    -68    595
20210112162136517	  189  193   -196    -68    595
20210112162136617	  188  192   -198    -70    596
20210112162136717	  188  192   -197    -69    594
20210112162136784	  189  192   -196    -70    595
20210112162136884	  187  191   -199    -71    595
20210112162136984	  187  191   -199    -71    594
20210112162137084	  189  191   -196    -71    595
20210112162137184	  187  191   -199    -71    595
20210112162137284	  191  194   -194    -67    599
20210112162137350	  187  191   -199    -71    594
20210112162137450	  187  190   -199    -73    594
20210112162137550	  185  189   -202    -74    594
20210112162137650	  187  190   -199    -73    595
20210112162137750	  186  190   -200    -73    594
20210112162137850	  187  191   -199    -71    595
20210112162137917	  187  188   -199    -76    595
20210112162138017	  186  189   -200    -74    595
20210112162138117	  186  189   -200    -74    594
20210112162138217	  187  189   -199    -74    595
20210112162138317	  185  189   -202    -74    594
20210112162138384	  183  186   -204    -79    593
20210112162138484	  186  189   -200    -74    595
20210112162138584	  185  190   -202    -73    594
20210112162138684	  186  188   -200    -76    594
20210112162138784	  185  187   -202    -77    594
20210112162138884	  185  187   -202    -77    595
20210112162138984	  187  187   -199    -77    594
20210112162139051	  187  188   -199    -76    595
20210112162139151	  184  187   -204    -77    595
20210112162139251	  184  187   -203    -77    593
20210112162139351	  185  188   -202    -76    593
20210112162139451	  185  187   -202    -77    595
20210112162139484	  184  187   -204    -77    595
20210112162139584	  184  187   -203    -77    595
20210112162139618	  184  187   -203    -77    594
20210112162139651	  185  186   -202    -79    595
20210112162139684	  183  186   -205    -79    593
20210112162139784	  185  187   -202    -77    595
20210112162139884	  184  187   -203    -77    595
20210112162140118	  184  187   -204    -77    595
20210112162140318	  184  185   -203    -80    595
20210112162140418	  184  186   -203    -79    595
20210112162140518	  183  186   -205    -79    594
20210112162140618	  182  187   -206    -77    594
20210112162140718	  184  186   -204    -79    596
20210112162140785	  184  186   -204    -79    596
20210112162140885	  183  186   -205    -79    594
20210112162140985	  183  184   -205    -82    593
20210112162141085	  183  185   -205    -80    595
20210112162141118	  182  185   -206    -80    594
20210112162141151	  182  185   -206    -80    594
20210112162141218	  183  185   -205    -80    595
20210112162141318	  184  185   -204    -81    595
20210112162141418	  182  184   -206    -82    594
20210112162141451	  184  184   -204    -82    596
20210112162141518	  183  184   -205    -82    595
20210112162141618	  184  182   -203    -85    593
20210112162141718	  183  185   -205    -80    595
20210112162141751	  183  184   -205    -82    595
20210112162141751	  183  184   -205    -82    595
20210112162141818	  183  184   -205    -82    595
20210112162141885	  183  185   -205    -80    595
20210112162141918	  183  184   -205    -82    594
20210112162141985	  182  185   -207    -80    595
20210112162142018	  182  184   -206    -82    594
20210112162142085	  182  184   -206    -82    594
20210112162142285	  182  184   -206    -82    594
20210112162142485	  182  184   -206    -82    594
20210112162142618	  182  183   -206    -83    594
20210112162142652	  182  184   -206    -82    594
20210112162142685	  185  182   -203    -85    597
20210112162142752	  182  184   -206    -82    594
20210112162142785	  182  184   -206    -82    594
20210112162142818	  183  184   -205    -82    595
20210112162142918	  182  183   -206    -83    593
20210112162143118	  182  184   -207    -82    595
20210112162143319	  182  182   -206    -85    594
20210112162143519	  182  183   -207    -84    595
20210112162143719	  183  183   -205    -84    595
20210112162143785	  182  183   -206    -83    594
20210112162143819	  181  183   -208    -84    595
20210112162143852	  180  182   -209    -85    593
20210112162143985	  180  182   -209    -85    593
20210112162144019	  185  180   -203    -89    597
20210112162144185	  182  183   -207    -84    595
20210112162144419	  182  183   -207    -84    595
20210112162144619	  190  195   -195    -65    595
20210112162144819	  198  203   -183    -53    597
20210112162145019	  210  212   -165    -39    601
20210112162145152	  214  220   -160    -26    607
20210112162145252	  219  223   -152    -22    606
20210112162145352	  227  229   -141    -12    610
20210112162145386	  228  230   -139    -10    612
20210112162145519	  235  237   -129      0    617
20210112162145619	  241  240   -120      5    619
20210112162145719	  251  243   -105     10    626
20210112162145819	  254  247   -100     16    628
20210112162145919	  262  251    -88     23    635
20210112162146019	  265  255    -83     30    638
20210112162146086	  271  257    -74     34    644
20210112162146219	  282  261    -56     41    650
20210112162146319	  287  263    -47     45    652
20210112162146386	  284  260    -53     39    651
20210112162146486	  284  262    -52     43    650
20210112162146586	  285  262    -51     43    651
20210112162146653	  287  262    -48     43    656
20210112162146719	  287  261    -48     42    657
20210112162146819	  288  262    -46     43    653
20210112162146919	  287  264    -48     47    656
20210112162146953	  288  262    -46     43    657
20210112162146986	  290  262    -43     43    657
20210112162147086	  290  263    -43     45    657
20210112162147286	  290  263    -43     45    658
20210112162147486	  290  262    -43     43    658
20210112162147620	  291  264    -41     47    658
20210112162147720	  292  264    -39     47    659
20210112162147820	  291  263    -41     45    659
20210112162147920	  292  264    -39     47    660
20210112162148053	  294  263    -36     45    659
20210112162148153	  286  262    -49     43    653
20210112162148220	  281  261    -57     41    649
20210112162148320	  279  259    -60     37    644
20210112162148353	  278  258    -62     36    643
20210112162148453	  273  259    -70     37    641
20210112162148553	  266  254    -81     28    636
20210112162148787	  252  247   -103     16    625
20210112162148853	  250  246   -106     15    624
20210112162148953	  243  243   -117     10    619
20210112162149020	  237  240   -126      5    616
20210112162149087	  236  237   -127      0    613
20210112162149320	  222  227   -148    -15    607
20210112162149387	  218  224   -154    -20    605
20210112162149520	  211  217   -163    -31    600
20210112162149620	  205  213   -173    -37    600
20210112162149754	  198  205   -182    -49    596
20210112162149854	  193  199   -190    -59    596
20210112162149987	  190  197   -195    -62    595
20210112162150087	  190  196   -194    -63    595
20210112162150187	  189  194   -196    -66    595
20210112162150287	  188  192   -198    -70    595
20210112162150420	  188  190   -197    -73    594
20210112162150520	  187  191   -199    -71    594
20210112162150620	  186  190   -200    -73    594
20210112162150754	  187  190   -199    -73    595
20210112162150854	  186  190   -201    -73    595
20210112162150954	  186  190   -201    -73    595
20210112162151087	  185  189   -201    -74    593
20210112162151187	  185  189   -202    -74    596
20210112162151287	  185  187   -202    -77    594
20210112162151421	  184  187   -203    -77    594
20210112162151521	  184  187   -204    -77    595
20210112162151621	  183  190   -205    -73    594
20210112162151754	  184  186   -204    -79    595
20210112162151854	  184  186   -204    -79    595
20210112162151954	  184  186   -204    -79    595
20210112162152021	  183  186   -205    -79    595
20210112162152154	  184  186   -204    -79    595
20210112162152287	  182  185   -206    -80    593
20210112162152387	  181  185   -208    -80    594
20210112162152521	  182  185   -207    -81    595
20210112162152621	  183  185   -205    -80    595
20210112162152721	  183  184   -205    -82    595
20210112162152854	  183  185   -205    -81    595
20210112162152954	  181  183   -208    -83    594
20210112162153054	  182  184   -207    -82    595
20210112162153154	  181  183   -208    -83    593
20210112162153288	  183  183   -205    -84    595
20210112162153388	  185  181   -203    -87    596
20210112162153488	  182  183   -207    -84    595
20210112162153621	  182  183   -207    -84    595
20210112162153721	  182  183   -206    -83    594
20210112162153821	  185  184   -203    -83    599
20210112162153955	  181  183   -208    -83    594
20210112162154055	  182  182   -207    -85    595
20210112162154155	  181  183   -208    -84    595
20210112162154255	  184  181   -204    -87    596
20210112162154388	  181  182   -208    -85    594
20210112162154455	  182  182   -207    -85    595
20210112162154488	  181  182   -208    -85    595
20210112162154621	  182  182   -207    -85    595
20210112162154721	  182  183   -207    -84    595
20210112162154821	  182  182   -207    -85    595
20210112162154855	  181  182   -208    -85    595
20210112162155122	  180  181   -209    -87    594
20210112162155255	  183  181   -205    -87    596
20210112162155388	  181  181   -208    -87    595
20210112162155455	  180  182   -210    -85    595
20210112162155555	  180  181   -209    -87    594
20210112162155655	  181  181   -208    -87    595
20210112162155688	  181  182   -208    -85    595
20210112162155755	  180  181   -209    -87    594
20210112162155855	  180  181   -209    -87    594
20210112162156022	  180  181   -209    -87    594
20210112162156055	  180  180   -209    -88    593
20210112162156088	  179  180   -210    -88    593
20210112162156422	  181  181   -208    -87    594
20210112162156622	  180  181   -209    -87    594
20210112162156722	  179  181   -211    -86    593
20210112162156822	  179  180   -211    -88    593
20210112162156922	  179  181   -211    -87    594
20210112162157055	  180  180   -209    -88    594
20210112162157155	  180  180   -209    -88    594
20210112162157255	  181  181   -208    -87    595
20210112162157389	  179  180   -211    -88    594
20210112162157489	  179  181   -211    -86    593
20210112162157589	  180  180   -210    -88    595
20210112162157655	  179  180   -211    -88    594
20210112162157822	  180  180   -209    -88    594
20210112162157922	  180  179   -210    -90    595
20210112162158022	  179  180   -211    -88    594
20210112162158156	  180  179   -209    -90    594
20210112162158256	  180  180   -210    -89    597
20210112162158356	  177  177   -214    -93    593
20210112162158489	  179  180   -211    -88    594
20210112162158589	  179  179   -211    -90    594
20210112162158722	  178  179   -212    -90    593
20210112162158822	  180  179   -210    -90    595
20210112162158922	  179  179   -211    -90    595
20210112162159023	  180  178   -210    -91    595
20210112162159156	  179  179   -211    -90    595
20210112162159256	  181  179   -209    -90    597
20210112162159356	  179  179   -211    -90    595
20210112162159489	  179  179   -211    -90    595
20210112162159589	  179  179   -211    -90    595
20210112162159689	  179  178   -211    -91    594
20210112162159789	  180  179   -210    -90    595
20210112162159923	  179  179   -211    -90    594
20210112162200023	  179  179   -211    -90    595
20210112162200123	  179  179   -211    -90    595
20210112162200256	  179  179   -211    -90    595
20210112162200356	  179  177   -211    -93    595
20210112162200456	  180  180   -210    -88    595
20210112162200590	  182  184   -206    -82    594
20210112162200690	  187  190   -199    -73    595
20210112162200790	  189  193   -196    -68    595
20210112162200923	  194  199   -189    -59    596
20210112162201023	  200  206   -180    -48    599
20210112162201123	  203  209   -175    -43    599
20210112162201256	  211  216   -164    -32    601
20210112162201356	  215  223   -159    -22    606
20210112162201456	  223  227   -147    -15    609
20210112162201590	  231  234   -135     -4    614
20210112162201690	  235  237   -129      0    617
20210112162201790	  243  241   -117      6    621
20210112162201890	  249  245   -108     13    627
20210112162202023	  258  250    -94     22    632
20210112162202123	  266  254    -81     28    637
20210112162202223	  275  257    -67     34    642
20210112162202357	  279  260    -61     39    650
20210112162202457	  283  262    -54     43    649
20210112162202557	  281  260    -57     39    648
20210112162202657	  282  261    -56     41    651
20210112162202790	  284  261    -52     41    651
20210112162202890	  285  262    -51     43    653
20210112162202957	  284  261    -53     41    652
20210112162203124	  285  264    -51     47    656
20210112162203157	  287  262    -48     43    654
20210112162203224	  286  262    -49     43    653
20210112162203257	  287  262    -48     43    655
20210112162203457	  287  262    -48     43    657
20210112162203657	  289  262    -44     43    656
20210112162203824	  292  263    -39     45    658
20210112162203924	  288  262    -46     43    656
20210112162204024	  291  264    -41     47    657
20210112162204124	  289  263    -44     45    656
20210112162204257	  283  261    -54     41    648
20210112162204357	  275  259    -67     37    643
20210112162204457	  272  256    -72     32    641
20210112162204591	  265  253    -83     27    636
20210112162204691	  259  251    -92     23    630
20210112162204724	  259  251    -92     23    628
20210112162204924	  246  243   -112     10    621
20210112162205024	  241  241   -119      6    616
20210112162205091	  233  239   -132      3    617
20210112162205191	  230  235   -136     -2    612
20210112162205424	  218  222   -154    -23    605
20210112162205691	  204  209   -174    -43    599
20210112162205791	  197  204   -185    -51    598
20210112162205924	  190  196   -195    -63    596
20210112162206091	  188  194   -198    -66    595
20210112162206191	  188  193   -198    -68    596
20210112162206324	  185  190   -202    -73    595
20210112162206424	  185  190   -202    -73    595
20210112162206558	  186  189   -201    -74    596
20210112162206658	  185  187   -202    -77    595
20210112162206758	  185  188   -202    -76    595
20210112162206891	  184  187   -204    -77    595
20210112162206991	  183  186   -205    -79    594
20210112162207125	  183  186   -205    -79    596
20210112162207225	  184  186   -204    -79    595
20210112162207325	  182  185   -207    -80    595
20210112162207458	  182  185   -207    -81    595
20210112162207558	  183  184   -205    -82    595
20210112162207658	  181  185   -208    -81    596
20210112162207791	  182  184   -207    -82    595
20210112162207858	  182  184   -207    -82    595
20210112162207991	  181  184   -208    -82    595
20210112162208125	  182  183   -207    -84    595
20210112162208225	  180  182   -209    -85    594
20210112162208325	  181  183   -208    -84    594
20210112162208425	  181  183   -208    -84    595
20210112162208558	  181  182   -208    -85    594
20210112162208625	  180  183   -209    -83    594
20210112162208758	  180  182   -209    -85    593
20210112162208892	  181  181   -208    -87    594
20210112162208992	  180  182   -210    -85    595
20210112162209092	  181  182   -208    -85    594
20210112162209225	  180  181   -210    -87    595
20210112162209325	  181  180   -208    -88    595
20210112162209425	  181  182   -208    -85    595
20210112162209559	  179  180   -211    -88    595
20210112162209659	  180  179   -209    -90    593
20210112162209759	  180  181   -210    -87    594
20210112162209859	  180  181   -210    -87    596
20210112162209992	  181  180   -208    -88    595
20210112162210092	  179  181   -211    -87    594
20210112162210192	  180  179   -210    -90    595
20210112162210325	  180  180   -210    -88    595
20210112162210425	  179  180   -211    -88    594
20210112162210525	  179  180   -211    -88    594
20210112162210625	  180  180   -210    -88    595
20210112162210659	  180  180   -210    -88    595
20210112162210725	  180  180   -210    -88    595
20210112162210759	  179  180   -211    -88    594
20210112162210826	  180  179   -210    -90    595
20210112162211092	  178  179   -213    -90    594
20210112162211326	  180  179   -210    -90    595
20210112162211459	  179  179   -211    -90    595
20210112162211559	  178  179   -213    -90    595
20210112162211659	  179  179   -211    -90    594
20210112162211759	  180  179   -210    -90    596
20210112162211892	  179  179   -211    -90    594
20210112162211992	  178  178   -213    -91    594
20210112162212092	  178  178   -212    -91    594
20210112162212226	  179  180   -211    -88    594
20210112162212293	  180  180   -210    -88    596
20210112162212326	  179  179   -211    -90    595
20210112162212559	  179  179   -211    -90    595
20210112162212659	  178  178   -213    -91    595
20210112162212793	  179  178   -211    -91    595
20210112162212826	  178  178   -213    -91    595
20210112162212893	  178  178   -213    -91    595
20210112162213026	  178  178   -213    -91    595
20210112162213193	  179  178   -212    -92    596
20210112162213259	  178  178   -213    -91    595
20210112162213259	  178  178   -213    -91    595
20210112162213359	  179  176   -211    -95    595
20210112162213393	  178  178   -213    -91    595
20210112162213426	  178  179   -213    -90    596
20210112162213459	  179  177   -212    -93    596
20210112162213493	  177  177   -214    -93    595
20210112162213526	  178  177   -213    -93    595
20210112162213593	  179  178   -212    -92    596
20210112162213693	  179  177   -211    -93    595
20210112162213960	  177  177   -214    -93    593
20210112162214226	  177  177   -214    -93    594
20210112162214526	  178  177   -213    -93    595
20210112162214826	  178  177   -213    -93    596
20210112162214960	  175  177   -217    -93    594
20210112162215060	  177  177   -214    -93    595
20210112162215160	  178  177   -213    -93    596
20210112162215293	  179  177   -212    -93    596
20210112162215393	  178  177   -214    -93    597
20210112162215493	  178  177   -213    -93    595
20210112162215593	  176  176   -216    -94    595
20210112162215727	  178  177   -213    -93    595
20210112162215827	  175  177   -218    -93    595
20210112162215927	  178  176   -213    -94    595
20210112162216060	  177  176   -214    -95    595
20210112162216160	  177  176   -214    -94    595
20210112162216260	  176  175   -215    -96    594
20210112162216393	  177  176   -214    -95    595
20210112162216494	  176  176   -216    -94    594
20210112162216594	  177  177   -214    -93    595
20210112162216694	  181  183   -208    -83    594
20210112162216827	  184  189   -204    -74    595
20210112162216927	  190  195   -195    -65    596
20210112162217027	  192  197   -192    -62    596
20210112162217160	  202  207   -177    -47    599
20210112162217260	  205  211   -173    -40    600
20210112162217360	  210  216   -165    -32    602
20210112162217494	  219  224   -153    -20    607
20210112162217594	  223  227   -147    -15    610
20210112162217727	  231  234   -135     -4    614
20210112162217827	  237  238   -126      1    618
20210112162217961	  245  244   -114     11    623
20210112162218061	  257  250    -95     21    629
20210112162218161	  259  249    -93     20    632
20210112162218294	  268  255    -79     30    641
20210112162218427	  279  259    -61     37    646
20210112162218461	  280  259    -59     37    647
20210112162218494	  279  261    -61     41    647
20210112162218627	  278  260    -62     39    647
20210112162218727	  279  260    -61     39    648
20210112162218894	  281  261    -58     41    650
20210112162218994	  282  261    -56     41    650
20210112162219228	  283  261    -54     41    654
20210112162219328	  283  262    -54     43    651
20210112162219461	  286  262    -49     43    652
20210112162219561	  289  263    -44     45    654
20210112162219694	  287  263    -47     45    653
20210112162219794	  287  263    -48     45    655
20210112162219894	  287  263    -48     45    655
20210112162219961	  287  263    -48     45    655
20210112162219994	  286  262    -49     43    655
20210112162220161	  287  264    -48     47    655
20210112162220228	  286  263    -49     45    654
20210112162220294	  285  262    -51     43    651
20210112162220328	  282  261    -56     41    648
20210112162220361	  277  260    -64     39    646
20210112162220461	  273  258    -70     35    641
20210112162220628	  267  255    -80     30    637
20210112162220895	  251  246   -105     15    624
20210112162221161	  234  239   -131      3    616
20210112162221328	  227  231   -140     -9    609
20210112162221461	  219  224   -152    -20    606
20210112162221595	  210  217   -165    -31    601
20210112162221695	  205  212   -173    -39    600
20210112162221828	  198  205   -183    -50    598
20210112162221928	  192  198   -192    -60    596
20210112162221961	  191  197   -193    -62    597
20210112162221995	  192  193   -192    -68    597
20210112162222061	  186  192   -200    -69    594
20210112162222162	  186  191   -201    -71    595
20210112162222395	  184  189   -204    -74    595
20210112162222662	  184  187   -204    -77    595
20210112162222795	  182  185   -207    -80    595
20210112162222895	  182  184   -206    -82    594
20210112162223028	  181  184   -208    -82    594
20210112162223128	  183  184   -205    -82    595
20210112162223262	  183  183   -205    -84    595
20210112162223395	  182  181   -207    -87    595
20210112162223529	  182  183   -207    -84    595
20210112162223662	  182  183   -207    -84    596
20210112162223762	  179  183   -211    -83    593
20210112162223895	  181  181   -208    -87    595
20210112162224029	  180  182   -210    -85    595
20210112162224162	  179  181   -211    -86    593
20210112162224262	  181  181   -208    -87    595
20210112162224395	  180  181   -210    -87    594
20210112162224529	  179  180   -211    -88    593
20210112162224662	  179  180   -211    -88    593
20210112162224796	  179  180   -211    -88    594
20210112162224896	  180  180   -209    -88    593
20210112162225029	  179  181   -211    -87    594
20210112162225162	  179  179   -211    -90    594
20210112162225296	  179  179   -211    -90    594
20210112162225429	  179  179   -211    -90    594
20210112162225529	  180  179   -210    -90    595
20210112162225662	  179  179   -211    -90    595
20210112162225796	  179  178   -211    -91    595
20210112162225929	  179  178   -211    -91    595
20210112162226029	  180  178   -210    -92    596
20210112162226129	  178  178   -213    -91    594
20210112162226229	  179  179   -212    -90    596
20210112162226296	  178  178   -213    -91    594
20210112162226363	  179  178   -212    -92    596
20210112162226429	  178  177   -213    -93    595
20210112162226529	  179  177   -211    -93    595
20210112162226663	  179  178   -211    -91    595
20210112162226963	  178  178   -213    -91    595
20210112162227196	  178  177   -213    -93    595
20210112162227330	  178  177   -213    -93    595
20210112162227463	  177  177   -214    -93    595
20210112162227563	  178  177   -213    -93    595
20210112162227696	  178  177   -213    -93    595
20210112162227796	  181  176   -209    -95    598
20210112162227930	  178  177   -213    -93    596
20210112162228097	  177  175   -214    -96    594
20210112162228197	  177  176   -214    -94    594
20210112162228297	  178  177   -213    -93    596
20210112162228363	  177  176   -214    -94    594
20210112162228463	  177  177   -214    -93    595
20210112162228663	  178  179   -213    -90    597
20210112162228697	  178  177   -213    -93    595
20210112162228763	  178  175   -213    -96    595
20210112162228863	  178  177   -213    -93    595
20210112162228897	  178  177   -213    -93    595
20210112162228963	  178  175   -213    -96    595
20210112162229130	  179  178   -212    -92    597
20210112162229297	  176  175   -215    -96    593
20210112162229464	  178  177   -213    -93    595
20210112162229564	  178  176   -213    -95    595
20210112162229664	  177  175   -214    -96    595
20210112162229964	  177  175   -214    -96    595
20210112162230230	  177  174   -214    -98    594
20210112162230364	  178  175   -213    -96    595
20210112162230497	  178  177   -213    -93    596
20210112162230597	  176  175   -215    -96    593
20210112162230731	  179  174   -212    -98    596
20210112162230864	  177  175   -214    -96    594
20210112162230997	  176  176   -216    -94    594
20210112162231097	  177  175   -214    -96    594
20210112162231231	  177  174   -214    -98    594
20210112162231364	  178  175   -213    -96    595
20210112162231497	  176  175   -215    -96    593
20210112162231597	  177  176   -214    -94    595
20210112162231731	  176  175   -215    -96    594
20210112162231864	  175  176   -217    -94    594
20210112162231998	  177  175   -214    -96    595
20210112162232131	  177  174   -214    -98    595
20210112162232231	  176  175   -216    -96    594
20210112162232364	  176  175   -216    -96    595
20210112162232498	  176  173   -216    -99    594
20210112162232631	  176  175   -216    -96    594
20210112162232764	  181  182   -208    -85    594
20210112162232864	  186  187   -201    -78    596
20210112162232998	  189  193   -196    -68    595
20210112162233131	  193  198   -190    -60    597
20210112162233264	  199  205   -182    -50    599
20210112162233398	  206  212   -171    -39    601
20210112162233498	  211  217   -164    -31    604
20210112162233631	  219  224   -152    -20    606
20210112162233765	  228  232   -140     -7    613
20210112162233898	  236  238   -127      1    617
20210112162233998	  242  242   -119      8    621
20210112162234031	  245  243   -114     10    621
20210112162234131	  255  249    -98     20    628
20210112162234331	  264  254    -85     28    637
20210112162234531	  277  259    -64     37    645
20210112162234631	  278  260    -62     39    647
20210112162234765	  278  260    -62     39    645
20210112162234898	  280  260    -59     39    649
20210112162235032	  281  261    -57     41    648
20210112162235132	  280  259    -59     38    651
20210112162235265	  283  260    -54     39    651
20210112162235398	  285  261    -51     41    651
20210112162235432	  284  262    -52     43    650
20210112162235465	  283  261    -54     41    650
20210112162235598	  284  262    -53     43    652
20210112162235632	  284  260    -53     40    653
20210112162235665	  284  262    -53     43    653
20210112162235698	  283  262    -54     43    654
20210112162235898	  285  263    -51     45    654
20210112162236098	  286  263    -49     45    654
20210112162236132	  287  262    -48     43    654
20210112162236232	  285  262    -51     43    655
20210112162236499	  274  257    -69     34    641
20210112162236765	  261  251    -89     23    631
20210112162237032	  246  243   -112     10    621
20210112162237165	  238  239   -124      3    615
20210112162237299	  230  234   -136     -4    612
20210112162237332	  228  232   -139     -7    611
20210112162237465	  221  226   -149    -17    607
20210112162237665	  209  216   -167    -32    601
20210112162237799	  202  209   -177    -43    598
20210112162237932	  195  202   -188    -54    598
20210112162238032	  191  196   -193    -63    596
20210112162238166	  186  189   -200    -74    594
20210112162238299	  187  191   -200    -71    597
20210112162238432	  185  189   -202    -74    595
20210112162238566	  182  186   -207    -79    595
20210112162238699	  184  185   -204    -81    597
20210112162238799	  183  185   -205    -80    595
20210112162238932	  183  184   -206    -82    596
20210112162239066	  181  183   -208    -83    594
20210112162239199	  181  183   -208    -84    595
20210112162239299	  182  183   -207    -84    596
20210112162239433	  181  181   -208    -87    595
20210112162239499	  181  182   -209    -85    596
20210112162239699	  180  180   -209    -88    594
20210112162239833	  180  181   -210    -87    595
20210112162239899	  181  181   -209    -87    596
20210112162239966	  181  181   -208    -87    595
20210112162240033	  180  180   -210    -88    595
20210112162240266	  179  180   -211    -88    595
20210112162240466	  179  180   -211    -88    595
20210112162240566	  178  179   -212    -90    594
20210112162240700	  179  179   -211    -90    595
20210112162240833	  179  179   -211    -90    595
20210112162240966	  178  179   -213    -90    595
20210112162241100	  180  180   -210    -88    596
20210112162241200	  179  179   -212    -90    596
20210112162241333	  178  179   -213    -90    596
20210112162241466	  178  178   -213    -91    595
20210112162241600	  178  179   -213    -90    596
20210112162241700	  177  177   -214    -93    595
20210112162241733	  178  177   -213    -93    595
20210112162242033	  177  177   -214    -93    594
20210112162242133	  176  177   -216    -93    594
20210112162242267	  178  177   -213    -93    595
20210112162242400	  177  177   -214    -93    595
20210112162242533	  178  178   -213    -92    596
20210112162242633	  177  177   -214    -93    595
20210112162242767	  178  177   -213    -93    596
20210112162242900	  178  176   -213    -95    595
20210112162243034	  176  177   -216    -93    595
20210112162243100	  177  177   -215    -93    596
20210112162243134	  177  177   -214    -93    595
20210112162243200	  177  177   -215    -93    596
20210112162243267	  178  176   -213    -95    596
20210112162243334	  176  177   -216    -93    595
20210112162243434	  180  175   -211    -97    598
20210112162243467	  177  176   -214    -94    595
20210112162243500	  177  176   -214    -95    595
20210112162243734	  177  177   -215    -93    595
20210112162243800	  177  176   -215    -95    595
20210112162243900	  177  175   -214    -96    594
20210112162244167	  177  176   -214    -94    595
20210112162244367	  176  176   -216    -94    594
20210112162244636	  177  175   -214    -96    595
20210112162244834	  177  176   -214    -94    595
20210112162244867	  177  176   -214    -94    595
20210112162244933	  177  175   -214    -96    595
20210112162245164	  177  175   -214    -96    595
20210112162245327	  175  176   -217    -94    595
20210112162245473	  180  172   -211   -101    597
20210112162245620	  176  175   -216    -96    595
20210112162245766	  177  176   -214    -95    595
20210112162245877	  177  174   -214    -98    595
20210112162246024	  176  175   -216    -96    594
20210112162246172	  176  175   -216    -96    595
20210112162246320	  177  175   -214    -96    595
20210112162246468	  177  175   -214    -96    595
20210112162246568	  177  174   -214    -98    595
20210112162246701	  177  175   -214    -96    595
20210112162246835	  176  174   -216    -98    594
20210112162246968	  175  174   -217    -97    594
20210112162247101	  176  174   -216    -98    595
20210112162247235	  176  174   -216    -98    595
20210112162247335	  175  174   -217    -98    595
20210112162247468	  176  176   -216    -95    595
20210112162247601	  176  174   -216    -98    595
20210112162247735	  176  174   -216    -98    595
20210112162247835	  175  175   -217    -96    594
20210112162247968	  175  171   -217   -102    594
20210112162248102	  176  173   -216    -99    595
20210112162248235	  176  174   -216    -98    595
20210112162248335	  176  174   -216    -98    595
20210112162248468	  176  174   -216    -98    595
20210112162248602	  176  173   -216    -99    595
20210112162248735	  176  174   -216    -97    594
20210112162248802	  178  176   -213    -95    595
20210112162249002	  184  188   -204    -76    595
20210112162249102	  189  191   -196    -71    596
20210112162249202	  191  197   -194    -62    598
20210112162249235	  195  200   -188    -57    599
20210112162249269	  198  202   -184    -54    600
20210112162249335	  199  204   -182    -51    598
20210112162249369	  199  205   -182    -50    598
20210112162249469	  205  211   -173    -40    602
20210112162249769	  220  225   -151    -18    608
20210112162250035	  238  238   -124      1    618
20210112162250269	  253  248   -102     18    628
20210112162250402	  262  252    -88     25    635
20210112162250536	  271  256    -74     32    642
20210112162250669	  277  259    -64     37    647
20210112162250802	  277  258    -64     36    645
20210112162250902	  277  260    -64     39    647
20210112162250969	  280  260    -59     39    648
20210112162251036	  281  261    -58     41    650
20210112162251036	  305  266    -26     79   1025
20210112162251036	  280  263    -59     44    649
20210112162251169	  279  260    -61     39    649
20210112162251169	  282  260    -56     39    649
20210112162251236	  282  261    -56     41    649
20210112162251302	  280  261    -59     41    650
20210112162251336	  281  260    -58     39    650
20210112162251402	  282  261    -56     41    651
20210112162251436	  281  261    -58     41    650
20210112162251469	  282  261    -56     41    650
20210112162251502	  281  260    -57     39    649
20210112162251536	  281  261    -58     41    650
20210112162251569	  284  262    -52     43    651
20210112162251602	  284  262    -52     43    651
20210112162251602	  283  261    -54     41    651
20210112162251669	  285  263    -51     45    650
20210112162251769	  284  262    -53     43    652
20210112162251802	  283  262    -54     43    652
20210112162251869	  285  262    -51     43    650
20210112162251903	  286  261    -49     41    650
20210112162251969	  284  261    -53     41    652
20210112162252103	  286  262    -49     43    654
20210112162252236	  285  261    -51     41    652
20210112162252469	  281  261    -57     41    649
20210112162252769	  266  253    -81     27    636
20210112162253003	  253  246   -101     15    625
20210112162253236	  238  237   -124      0    616
20210112162253503	  223  228   -146    -14    608
20210112162253736	  210  217   -165    -31    602
20210112162254036	  194  201   -189    -56    596
20210112162254370	  185  189   -202    -74    595
20210112162254370	  185  188   -202    -76    595
20210112162254503	  183  187   -205    -77    594
20210112162254603	  183  187   -205    -77    595
20210112162254637	  183  186   -205    -79    596
20210112162254703	  183  185   -205    -80    595
20210112162254803	  182  185   -207    -81    595
20210112162254970	  182  183   -207    -84    595
20210112162255203	  180  181   -210    -87    595
20210112162255503	  179  181   -211    -87    594
20210112162255803	  182  180   -208    -89    598
20210112162256137	  178  178   -212    -91    594
20210112162256437	  178  179   -213    -90    594
20210112162256737	  178  177   -213    -93    595
20210112162256804	  178  178   -213    -91    594
20210112162256837	  179  177   -211    -93    595
20210112162256837	  178  177   -213    -93    595
20210112162256904	  178  178   -213    -91    595
20210112162257004	  178  178   -213    -92    596
20210112162257204	  178  178   -213    -92    596
20210112162257304	  177  177   -214    -93    595
20210112162257371	  179  176   -211    -95    595
20210112162257437	  177  177   -214    -93    595
20210112162257637	  180  177   -210    -93    597
20210112162257804	  177  176   -214    -94    594
20210112162258104	  178  176   -213    -95    595
20210112162258337	  177  176   -214    -94    594
20210112162258471	  177  175   -214    -96    595
20210112162258771	  178  176   -213    -95    596
20210112162259071	  176  175   -215    -96    594
20210112162259371	  177  175   -214    -96    595
20210112162259638	  176  175   -216    -96    594
20210112162259738	  177  175   -214    -96    595
20210112162259938	  177  175   -214    -96    595
20210112162300238	  175  175   -217    -96    593
20210112162300538	  176  175   -216    -96    594
20210112162300838	  176  175   -216    -96    595
20210112162301105	  176  175   -216    -96    595
20210112162301438	  175  174   -217    -97    593
20210112162301738	  175  173   -217    -99    594
20210112162301972	  175  174   -217    -97    594
20210112162302272	  176  174   -216    -98    595
20210112162302572	  175  173   -217    -99    594
20210112162302872	  175  174   -217    -97    594
20210112162303172	  176  173   -216    -99    595
20210112162303372	  176  175   -216    -96    596
20210112162303505	  176  173   -216    -99    594
20210112162303672	  175  174   -217    -98    595
20210112162303805	  175  172   -217   -101    594
20210112162303939	  176  173   -216    -99    595
20210112162304005	  174  172   -218   -100    593
20210112162304139	  176  173   -216    -99    595
20210112162304372	  176  172   -216   -101    595
20210112162304639	  176  172   -216   -101    595
20210112162304872	  175  173   -217    -99    594
20210112162305006	  185  184   -203    -82    597
20210112162305106	  183  186   -205    -79    594
20210112162305172	  187  190   -199    -73    596
20210112162305272	  190  194   -195    -67    597
20210112162305573	  205  210   -173    -42    600
20210112162305739	  214  220   -161    -26    608
20210112162305873	  221  226   -149    -17    607
20210112162306006	  228  231   -140     -9    614
20210112162306139	  238  239   -124      3    618
20210112162306273	  247  245   -111     13    624
20210112162306373	  253  247   -102     16    626
20210112162306439	  259  252    -92     25    630
20210112162306606	  271  259    -74     37    641
20210112162306739	  275  259    -67     37    647
20210112162306873	  274  258    -69     36    643
20210112162306940	  275  259    -67     37    645
20210112162307040	  279  260    -61     39    646
20210112162307240	  277  259    -64     37    646
20210112162307540	  282  260    -56     39    650
20210112162307706	  286  264    -49     46    651
20210112162307840	  284  260    -52     39    650
20210112162307940	  285  262    -51     43    651
20210112162308006	  283  261    -54     41    651
20210112162308173	  284  262    -52     43    651
20210112162308407	  285  262    -51     43    653
20210112162308540	  281  261    -57     41    648
20210112162308673	  272  257    -72     34    641
20210112162308840	  266  254    -81     28    636
20210112162308973	  258  250    -94     21    630
20210112162309107	  252  244   -103     11    625
20210112162309240	  242  241   -119      6    620
20210112162309373	  235  237   -129      0    616
20210112162309540	  226  230   -142    -10    609
20210112162309674	  218  224   -154    -20    606
20210112162309807	  210  217   -165    -31    602
20210112162309940	  203  210   -176    -42    599
20210112162310107	  193  201   -190    -56    596
20210112162310240	  188  193   -198    -68    596
20210112162310374	  183  188   -205    -76    594
20210112162310507	  185  188   -202    -76    595
20210112162310674	  181  184   -208    -82    595
20210112162310807	  181  184   -208    -82    593
20210112162310941	  181  184   -208    -82    595
20210112162311074	  180  182   -209    -85    594
20210112162311241	  180  182   -209    -85    594
20210112162311374	  181  181   -208    -87    595
20210112162311507	  180  181   -210    -87    595
20210112162311641	  179  179   -211    -90    594
20210112162311807	  180  179   -210    -90    595
20210112162311941	  179  179   -211    -90    594
20210112162312074	  178  179   -213    -90    595
20210112162312208	  178  179   -213    -90    595
20210112162312341	  178  178   -213    -91    595
20210112162312474	  177  178   -215    -91    595
20210112162312508	  178  178   -213    -91    596
20210112162312641	  179  177   -212    -93    596
20210112162312708	  180  177   -211    -93    597
20210112162312741	  177  178   -215    -91    595
20210112162313041	  176  177   -216    -93    595
20210112162313375	  177  177   -214    -93    594
20210112162313508	  178  176   -213    -95    596
20210112162313541	  178  176   -213    -95    596
20210112162313675	  177  176   -214    -94    594
20210112162313841	  178  175   -213    -96    596
20210112162313875	  177  176   -214    -94    594
20210112162313908	  176  176   -216    -94    594
20210112162314008	  177  176   -215    -95    596
20210112162314175	  177  177   -215    -93    595
20210112162314208	  178  176   -213    -95    595
20210112162314275	  177  176   -215    -95    595
20210112162314642	  177  175   -215    -96    596
20210112162314975	  177  175   -215    -96    596
20210112162315242	  176  174   -216    -97    594
20210112162315375	  176  175   -216    -96    595
20210112162315508	  175  174   -217    -97    593
20210112162315675	  176  174   -216    -97    594
20210112162315808	  174  175   -219    -96    595
20210112162315942	  176  175   -216    -96    594
20210112162316075	  176  175   -216    -96    595
20210112162316109	  176  174   -216    -98    595
20210112162316242	  175  174   -217    -97    594
20210112162316242	  176  174   -216    -98    595
20210112162316509	  176  175   -216    -96    595
20210112162316809	  175  174   -217    -98    594
20210112162316975	  177  176   -215    -95    596
20210112162317109	  175  172   -217   -101    594
20210112162317242	  176  174   -216    -98    595
20210112162317376	  176  173   -216    -99    595
20210112162317542	  175  172   -217   -101    595
20210112162317676	  176  173   -216    -99    595
20210112162317809	  175  173   -217    -99    594
20210112162317976	  175  174   -217    -98    595
20210112162318109	  175  172   -218   -101    595
20210112162318242	  176  172   -216   -101    595
20210112162318376	  175  173   -217    -99    595
20210112162318543	  176  173   -216    -99    596
20210112162318676	  175  172   -217   -101    595
20210112162318809	  174  173   -219    -99    594
20210112162318943	  175  173   -217    -99    595
20210112162319109	  175  172   -217   -101    595
20210112162319243	  175  173   -217    -99    594
20210112162319409	  175  173   -217    -99    594
20210112162319543	  175  172   -218   -101    595
20210112162319676	  176  172   -216   -101    595
20210112162319843	  174  172   -219   -101    594
20210112162319976	  176  172   -216   -101    595
20210112162320110	  175  172   -217   -101    595
20210112162320243	  175  173   -217    -99    595
20210112162320410	  176  173   -216    -99    596
20210112162320543	  173  171   -221   -102    595
20210112162320676	  175  173   -217    -99    595
20210112162320810	  174  171   -219   -102    595
20210112162320976	  176  174   -216    -98    595
20210112162321110	  184  186   -204    -79    596
20210112162321177	  182  185   -207    -80    595
20210112162321277	  187  191   -199    -71    595
20210112162321343	  190  195   -195    -65    598
20210112162321377	  190  195   -195    -65    597
20210112162321477	  195  201   -187    -56    597
20210112162321510	  197  202   -185    -54    598
20210112162321677	  207  212   -170    -39    601
20210112162322010	  223  228   -147    -14    610
20210112162322310	  241  241   -120      6    620
20210112162322377	  246  245   -113     13    625
20210112162322443	  254  247   -100     16    627
20210112162322744	  274  259    -69     37    643
20210112162322977	  273  258    -71     36    645
20210112162323110	  277  258    -64     36    646
20210112162323244	  278  260    -62     39    648
20210112162323377	  277  259    -64     37    646
20210112162323544	  280  260    -59     39    649
20210112162323644	  282  261    -56     41    649
20210112162323677	  282  259    -56     38    650
20210112162323977	  283  262    -54     43    650
20210112162324111	  281  262    -57     43    649
20210112162324244	  282  263    -56     45    654
20210112162324377	  285  261    -51     41    651
20210112162324477	  282  260    -56     40    653
20210112162324577	  284  262    -53     43    653
20210112162324811	  270  256    -75     32    639
20210112162324944	  265  252    -83     25    636
20210112162325244	  247  246   -111     15    623
20210112162325511	  232  234   -133     -4    613
20210112162325644	  224  229   -145    -12    609
20210112162325778	  216  221   -157    -25    606
20210112162325911	  209  216   -167    -32    601
20210112162326078	  200  207   -180    -46    599
20210112162326211	  192  199   -191    -59    595
20210112162326344	  186  191   -200    -71    595
20210112162326511	  184  188   -204    -76    595
20210112162326645	  182  184   -206    -82    594
20210112162326778	  181  184   -208    -82    595
20210112162326911	  181  184   -208    -82    595
20210112162327078	  181  182   -208    -85    595
20210112162327211	  181  181   -208    -87    595
20210112162327345	  179  180   -210    -88    593
20210112162327478	  179  180   -211    -88    595
20210112162327645	  178  179   -212    -90    594
20210112162327778	  179  179   -211    -90    595
20210112162327912	  178  179   -213    -90    595
20210112162328078	  178  178   -213    -91    595
20210112162328212	  178  179   -213    -90    594
20210112162328345	  178  177   -213    -93    595
20210112162328478	  180  178   -210    -92    596
20210112162328645	  178  178   -213    -92    596
20210112162328778	  178  177   -213    -93    595
20210112162328912	  177  176   -214    -95    595
20210112162329045	  177  177   -214    -93    595
20210112162329078	  177  177   -214    -93    595
20210112162329212	  177  175   -214    -96    595
20210112162329245	  178  176   -213    -95    595
20210112162329312	  177  176   -214    -94    594
20210112162329579	  177  175   -214    -96    594
20210112162329912	  176  174   -216    -97    594
20210112162330045	  176  176   -216    -94    595
20210112162330179	  176  174   -215    -97    594
20210112162330345	  179  175   -212    -96    597
20210112162330479	  176  174   -216    -98    594
20210112162330612	  177  175   -214    -96    595
20210112162330746	  176  174   -216    -97    594
20210112162330812	  175  174   -217    -97    594
20210112162330912	  175  174   -217    -97    593
20210112162331179	  176  174   -216    -98    595
20210112162331279	  176  173   -216    -99    595
20210112162331379	  175  173   -217    -99    594
20210112162331512	  176  175   -216    -96    595
20210112162331646	  175  173   -217    -99    594
20210112162331679	  175  174   -217    -98    594
20210112162331679	  175  173   -217    -99    595
20210112162331746	  175  174   -217    -97    594
20210112162331812	  176  174   -216    -97    594
20210112162331879	  175  174   -217    -97    594
20210112162331979	  175  173   -217    -99    595
20210112162332113	  176  174   -216    -98    596
20210112162332213	  175  174   -217    -97    594
20210112162332213	  177  175   -214    -96    595
20210112162332579	  175  174   -218    -98    595
20210112162332879	  176  174   -216    -98    596
20210112162333179	  177  172   -215   -101    597
20210112162333480	  177  172   -215   -101    597
20210112162333780	  175  172   -218   -101    595
20210112162333913	  174  171   -219   -102    594
20210112162334046	  175  173   -217    -99    595
20210112162334180	  174  172   -219   -101    594
20210112162334346	  175  172   -218   -101    597
20210112162334480	  176  172   -216   -101    595
20210112162334613	  176  172   -217   -101    597
20210112162334747	  175  172   -217   -101    595
20210112162334913	  175  172   -218   -101    596
20210112162335047	  175  171   -218   -102    595
20210112162335180	  174  172   -219   -101    595
20210112162335313	  175  171   -217   -102    594
20210112162335480	  174  172   -219   -101    595
20210112162335613	  176  172   -216   -101    595
20210112162335747	  175  170   -218   -104    596
20210112162335913	  175  171   -217   -102    595
20210112162336047	  175  171   -217   -102    595
20210112162336180	  175  172   -218   -101    596
20210112162336314	  174  171   -219   -102    595
20210112162336480	  174  172   -219   -101    595
20210112162336614	  173  171   -220   -102    594
20210112162336680	  174  171   -219   -102    595
20210112162336814	  174  170   -218   -104    594
20210112162336947	  174  171   -219   -102    595
20210112162337014	  175  172   -217   -101    595
20210112162337014	  176  174   -216    -98    595
20210112162337180	  182  183   -207    -84    596
20210112162337347	  186  188   -201    -76    595
20210112162337647	  199  204   -182    -51    600
20210112162337881	  210  215   -165    -34    602
20210112162338014	  217  223   -156    -22    606
20210112162338181	  228  231   -139     -9    612
20210112162338447	  244  244   -116     11    623
20210112162338581	  256  248    -97     18    627
20210112162338748	  265  253    -83     27    636
20210112162338814	  269  257    -77     34    642
20210112162338981	  274  257    -69     34    645
20210112162339048	  273  258    -71     36    643
20210112162339181	  277  259    -64     37    647
20210112162339281	  277  259    -64     37    647
20210112162339414	  276  259    -66     37    647
20210112162339448	  276  260    -66     39    646
20210112162339514	  279  259    -61     37    647
20210112162339548	  280  259    -59     38    649
20210112162339548	  279  260    -61     39    648
20210112162339748	  279  261    -61     41    649
20210112162339848	  280  261    -59     41    649
20210112162339881	  281  262    -57     43    649
20210112162339881	  279  260    -61     39    651
20210112162339981	  280  261    -59     41    650
20210112162340015	  281  263    -58     45    650
20210112162340081	  282  261    -56     41    651
20210112162340181	  282  260    -56     39    650
20210112162340281	  281  262    -58     43    651
20210112162340348	  281  261    -58     41    650
20210112162340415	  283  264    -54     46    652
20210112162340515	  282  261    -56     41    650
20210112162340648	  284  261    -53     41    652
20210112162340981	  266  255    -82     30    637
20210112162341215	  253  250   -101     21    626
20210112162341448	  239  238   -123      1    618
20210112162341815	  218  223   -154    -22    606
20210112162342182	  197  204   -185    -51    598
20210112162342482	  184  188   -204    -76    595
20210112162342849	  182  183   -207    -84    595
20210112162343015	  182  182   -207    -85    596
20210112162343115	  181  181   -208    -87    595
20210112162343382	  180  181   -210    -87    595
20210112162343615	  179  179   -211    -90    595
20210112162343915	  178  178   -213    -91    596
20210112162344249	  177  177   -215    -93    595
20210112162344382	  177  176   -214    -94    595
20210112162344682	  178  176   -213    -94    595
20210112162344882	  176  176   -215    -94    594
20210112162344882	  178  176   -213    -95    595
20210112162344949	  178  176   -213    -95    595
20210112162345083	  177  175   -214    -96    594
20210112162345349	  176  176   -216    -94    594
20210112162345516	  177  175   -214    -96    595
20210112162345649	  177  175   -214    -96    595
20210112162345983	  175  173   -217    -99    594
20210112162346249	  176  173   -216    -99    594
20210112162346416	  177  174   -214    -98    595
20210112162346516	  175  174   -217    -97    594
20210112162346550	  175  174   -217    -97    594
20210112162346616	  177  175   -215    -96    596
20210112162346650	  175  174   -217    -97    594
20210112162346716	  175  172   -217   -100    594
20210112162346816	  176  175   -216    -96    595
20210112162346916	  176  173   -216    -99    595
20210112162346950	  176  173   -216    -99    595
20210112162346950	  175  173   -217    -99    593
20210112162347016	  176  174   -216    -98    595
20210112162347116	  175  174   -217    -97    594
20210112162347350	  176  175   -216    -96    595
20210112162347550	  176  174   -216    -98    595
20210112162347616	  176  173   -216    -99    595
20210112162347717	  175  173   -217    -99    593
20210112162347817	  176  173   -217    -99    597
20210112162348150	  175  173   -217    -99    595
20210112162348517	  175  173   -217    -99    595
20210112162348850	  174  173   -219    -99    595
20210112162349217	  174  172   -219   -101    595
20210112162349584	  175  172   -217   -101    595
20210112162349884	  175  172   -218   -101    595
20210112162350017	  175  173   -218    -99    595
20210112162350117	  175  172   -217   -101    595
20210112162350184	  174  172   -219   -101    596
20210112162350250	  175  172   -217   -101    595
20210112162350350	  174  171   -219   -102    594
20210112162350517	  176  172   -216   -101    596
20210112162350651	  173  173   -220    -99    595
20210112162350751	  174  173   -219    -99    595
20210112162350784	  175  172   -217   -101    595
20210112162350851	  175  172   -218   -101    595
20210112162350951	  174  172   -219   -101    595
20210112162350984	  175  172   -218   -101    595
20210112162351051	  174  171   -219   -102    595
20210112162351117	  174  172   -219   -101    594
20210112162351251	  174  171   -219   -102    595
20210112162351317	  173  171   -221   -102    595
20210112162351317	  178  171   -215   -103    600
20210112162351317	  175  172   -218   -101    596
20210112162351417	  174  172   -219   -101    595
20210112162351484	  175  171   -218   -103    596
20210112162351517	  174  171   -219   -102    595
20210112162351617	  174  171   -219   -102    595
20210112162351784	  178  169   -215   -106    599
20210112162351951	  175  172   -218   -101    596
20210112162352084	  174  171   -219   -102    596
20210112162352118	  174  171   -219   -102    595
20210112162352184	  174  172   -219   -101    596
20210112162352251	  174  171   -219   -102    595
20210112162352318	  174  172   -219   -101    595
20210112162352418	  173  171   -221   -102    595
20210112162352484	  174  171   -219   -102    596
20210112162352518	  174  171   -219   -102    596
20210112162352551	  174  171   -219   -102    596
20210112162352618	  174  172   -219   -101    595
20210112162352651	  176  171   -217   -103    598
20210112162352684	  174  170   -219   -104    595
20210112162352784	  174  171   -219   -102    595
20210112162352784	  174  171   -219   -102    595
20210112162352918	  175  171   -218   -102    596
20210112162352951	  173  169   -220   -105    594
20210112162352951	  174  170   -219   -104    595
20210112162353018	  174  171   -219   -102    595
20210112162353118	  174  173   -219    -99    594
20210112162353151	  177  175   -215    -96    596
20210112162353285	  182  183   -207    -84    595
20210112162353585	  192  196   -192    -64    597
20210112162353718	  199  203   -181    -53    597
20210112162353785	  201  208   -179    -45    600
20210112162353885	  205  212   -173    -39    603
20210112162354051	  217  217   -155    -31    606
20210112162354218	  226  229   -142    -12    611
20210112162354318	  233  235   -132     -2    616
20210112162354351	  237  237   -126      0    617
20210112162354418	  238  239   -125      3    618
20210112162354451	  240  240   -121      5    618
20210112162354585	  250  246   -106     15    625
20210112162354652	  256  249    -97     20    627
20210112162354752	  263  255    -87     30    637
20210112162354818	  266  254    -81     28    636
20210112162354885	  270  257    -75     34    640
20210112162354952	  274  258    -69     36    644
20210112162355018	  273  257    -71     34    644
20210112162355085	  274  258    -69     36    645
20210112162355118	  275  257    -67     34    645
20210112162355152	  274  257    -69     34    645
20210112162355252	  275  259    -67     37    645
20210112162355352	  276  259    -66     37    647
20210112162355418	  279  259    -61     37    647
20210112162355518	  277  259    -64     37    647
20210112162355552	  277  259    -64     37    646
20210112162355618	  282  259    -56     37    647
20210112162355819	  279  261    -61     41    648
20210112162355819	  278  261    -63     41    648
20210112162355919	  279  260    -61     39    648
20210112162355985	  281  259    -57     38    648
20210112162356052	  281  261    -57     41    649
20210112162356152	  280  261    -59     41    649
20210112162356185	  280  261    -59     41    649
20210112162356252	  281  261    -57     41    649
20210112162356319	  282  261    -56     41    649
20210112162356352	  281  261    -58     41    650
20210112162356385	  282  261    -56     41    650
20210112162356385	  281  260    -58     39    650
20210112162356485	  282  261    -56     41    651
20210112162356485	  283  261    -54     41    650
20210112162356552	  282  259    -56     38    652
20210112162356619	  283  262    -54     43    650
20210112162356752	  281  260    -58     39    650
20210112162356819	  276  259    -66     37    645
20210112162356852	  274  258    -69     36    643
20210112162356919	  271  257    -74     34    642
20210112162356919	  270  258    -76     36    643
20210112162357019	  266  255    -81     30    636
20210112162357052	  264  253    -85     27    635
20210112162357152	  259  251    -93     23    632
20210112162357186	  258  250    -94     21    630
20210112162357252	  253  247   -102     16    628
20210112162357452	  241  242   -120      8    620
20210112162357586	  233  235   -132     -2    615
20210112162357686	  227  231   -141     -9    613
20210112162357786	  221  226   -150    -17    608
20210112162357919	  213  219   -161    -28    605
20210112162357986	  211  217   -164    -31    602
20210112162358052	  207  214   -170    -36    601
20210112162358186	  200  207   -180    -46    599
20210112162358286	  195  202   -188    -54    599
20210112162358319	  193  199   -190    -59    597
20210112162358319	  192  197   -192    -62    596
20210112162358319	  189  195   -196    -65    596
20210112162358419	  189  194   -196    -67    596
20210112162358486	  186  190   -200    -73    594
20210112162358553	  183  187   -205    -77    595
20210112162358553	  182  186   -206    -79    594
20210112162358619	  183  185   -205    -80    594
20210112162358719	  183  186   -205    -79    595
20210112162358786	  182  185   -207    -81    595
20210112162358853	  181  183   -208    -83    594
20210112162358919	  181  184   -208    -82    595
20210112162359053	  181  182   -208    -85    596
20210112162359119	  185  180   -203    -89    599
20210112162359153	  182  181   -207    -87    595
20210112162359253	  180  180   -210    -88    596
20210112162359286	  179  180   -211    -88    595
20210112162359386	  179  181   -211    -87    595
20210112162359420	  179  181   -211    -87    595
20210112162359520	  179  179   -211    -90    594
20210112162359620	  178  179   -213    -90    595
20210112162359753	  178  177   -212    -93    594
20210112162359820	  179  179   -212    -90    596
20210112162359886	  179  178   -212    -92    596
20210112162359920	  178  178   -213    -91    595
20210112162400120	  177  178   -215    -91    596
20210112162400153	  176  177   -216    -93    595
20210112162400486	  177  177   -214    -93    595
20210112162400520	  179  178   -212    -92    597
20210112162400586	  177  177   -214    -93    595
20210112162400687	  176  176   -216    -94    595
20210112162400820	  176  176   -216    -94    595
20210112162400953	  176  176   -216    -94    595
20210112162401053	  175  174   -217    -97    593
20210112162401253	  177  176   -215    -95    596
20210112162401587	  175  175   -217    -96    594
20210112162401820	  175  174   -217    -98    595
20210112162402053	  174  174   -219    -97    594
20210112162402387	  175  173   -217    -99    595
20210112162402487	  177  173   -215    -99    596
20210112162402587	  176  173   -216    -99    595
20210112162402687	  176  173   -216    -99    595
20210112162402854	  176  173   -216    -99    595
20210112162402920	  175  172   -217   -101    594
20210112162403020	  175  173   -217    -99    594
20210112162403120	  176  173   -216    -99    595
20210112162403220	  175  172   -217   -101    595
20210112162403354	  176  173   -216    -99    595
20210112162403554	  175  173   -217    -99    595
20210112162403687	  175  172   -217   -101    595
20210112162403954	  174  172   -219   -101    594
20210112162404154	  176  172   -216   -101    596
20210112162404321	  175  172   -218   -101    596
20210112162404454	  175  172   -217   -101    595
20210112162404587	  175  172   -218   -101    596
20210112162404754	  175  173   -218    -99    595
20210112162404921	  175  172   -218   -101    597
20210112162405054	  176  171   -216   -102    596
20210112162405321	  175  172   -217   -101    595
20210112162405654	  175  172   -217   -101    595
20210112162405988	  174  172   -219   -101    595
20210112162406188	  175  171   -218   -103    597
20210112162406421	  173  171   -220   -102    595
20210112162406788	  178  168   -214   -108    598
20210112162406988	  173  171   -221   -102    595
20210112162407055	  175  171   -218   -102    596
20210112162407055	  174  171   -219   -102    595
20210112162407155	  174  171   -219   -102    595
20210112162407255	  174  171   -219   -102    596
20210112162407421	  174  170   -219   -104    595
20210112162407455	  173  171   -220   -102    595
20210112162407521	  173  171   -220   -102    595
20210112162407622	  175  171   -218   -102    596
20210112162407722	  174  171   -219   -102    596
20210112162407988	  173  169   -220   -105    593
20210112162408322	  173  170   -221   -104    595
20210112162408688	  174  170   -219   -104    595
20210112162408855	  174  170   -219   -104    595
20210112162409222	  176  173   -216    -99    596
20210112162409555	  187  190   -199    -73    595
20210112162409822	  199  204   -182    -51    599
20210112162409855	  201  207   -179    -47    600
20210112162409955	  206  212   -171    -39    601
20210112162410022	  208  214   -168    -36    601
20210112162410122	  216  221   -157    -25    608
20210112162410222	  222  225   -148    -18    607
20210112162410322	  227  230   -140    -10    610
20210112162410356	  229  231   -138     -9    612
20210112162410356	  233  236   -132     -1    615
20210112162410556	  242  241   -118      6    619
20210112162410922	  268  256    -78     32    638
20210112162411056	  273  258    -70     35    642
20210112162411356	  275  258    -67     36    645
20210112162411589	  278  259    -63     37    645
20210112162411856	  279  259    -61     37    647
20210112162412189	  281  261    -57     41    649
20210112162412556	  282  261    -56     41    650
20210112162412923	  274  257    -69     34    643
20210112162413256	  260  251    -91     23    630
20210112162413590	  240  238   -121      1    617
20210112162413756	  229  233   -137     -6    611
20210112162414123	  209  216   -167    -32    601
20210112162414257	  201  209   -179    -43    600
20210112162414423	  193  199   -191    -59    598
20210112162414790	  182  185   -207    -80    595
20210112162415090	  178  182   -212    -85    593
20210112162415457	  179  179   -211    -90    594
20210112162415624	  178  178   -213    -91    595
20210112162415957	  178  177   -213    -93    595
20210112162416224	  178  177   -213    -93    596
20210112162416590	  177  176   -214    -94    595
20210112162416957	  176  175   -216    -96    595
20210112162417291	  176  175   -216    -96    594
20210112162417557	  176  174   -216    -98    595
20210112162417891	  175  174   -217    -98    595
20210112162418258	  175  174   -217    -98    594
20210112162418624	  175  174   -217    -98    595
20210112162418991	  174  171   -219   -102    594
20210112162419391	  177  169   -214   -105    595
20210112162419758	  174  172   -219   -101    594
20210112162420091	  175  172   -217   -101    595
20210112162420391	  174  171   -219   -102    596
20210112162420792	  174  171   -219   -102    594
20210112162421125	  174  171   -219   -102    594
20210112162421425	  174  172   -219   -101    595
20210112162421525	  174  170   -219   -104    594
20210112162421658	  174  171   -219   -102    595
20210112162421792	  175  171   -218   -102    596
20210112162422092	  173  171   -221   -102    596
20210112162422392	  174  170   -219   -104    595
20210112162422692	  173  171   -221   -102    596
20210112162423059	  174  170   -219   -104    595
20210112162423159	  174  171   -219   -102    595
20210112162423525	  174  170   -219   -104    595
20210112162423859	  173  170   -220   -104    594
20210112162424092	  174  170   -219   -104    595
20210112162424459	  174  169   -219   -105    595
20210112162424826	  175  171   -218   -103    597
20210112162425026	  174  168   -219   -107    595
20210112162425326	  175  172   -217   -101    595
20210112162425693	  187  191   -199    -71    595
20210112162425893	  196  201   -186    -56    599
20210112162425960	  199  205   -182    -50    599
20210112162426293	  217  222   -155    -23    605
20210112162426660	  239  239   -123      3    618
20210112162427026	  266  254    -81     28    637
20210112162427393	  273  258    -70     36    643
20210112162427727	  276  259    -66     37    645
20210112162427827	  278  259    -62     37    647
20210112162428127	  279  259    -61     37    646
20210112162428493	  278  260    -63     39    650
20210112162428894	  283  261    -54     41    648
20210112162429227	  265  253    -83     27    635
20210112162429560	  246  241   -112      6    621
20210112162429827	  231  234   -134     -4    612
20210112162430194	  210  218   -165    -29    602
20210112162430427	  197  204   -185    -51    599
20210112162430694	  185  188   -202    -76    596
20210112162430994	  181  184   -208    -82    595
20210112162431328	  179  181   -212    -87    596
20210112162431728	  179  179   -212    -90    596
20210112162432094	  176  177   -216    -93    595
20210112162432194	  178  176   -213    -95    595
20210112162432528	  177  176   -214    -94    594
20210112162432928	  177  175   -215    -96    596
20210112162433295	  175  173   -217    -99    594
20210112162433495	  176  174   -216    -98    595
20210112162433861	  175  174   -217    -98    595
20210112162434228	  176  172   -216   -101    595
20210112162434595	  176  172   -216   -101    595
20210112162434995	  177  171   -215   -103    596
20210112162435362	  175  172   -217   -101    595
20210112162435595	  175  172   -217   -101    595
20210112162435795	  174  173   -219    -99    595
20210112162436162	  175  172   -217   -101    595
20210112162436529	  175  171   -218   -102    596
20210112162436929	  173  171   -220   -102    594
20210112162437262	  174  170   -219   -104    595
20210112162437662	  173  170   -220   -104    594
20210112162438029	  174  170   -219   -104    595
20210112162438396	  174  170   -219   -104    596
20210112162438529	  172  170   -222   -104    595
20210112162438596	  174  169   -219   -105    595
20210112162438729	  174  170   -219   -104    596
20210112162439096	  173  171   -220   -102    595
20210112162439263	  174  166   -219   -110    595
20210112162439463	  174  170   -219   -104    596
20210112162439763	  174  169   -219   -105    595
20210112162439863	  174  170   -219   -104    596
20210112162440230	  174  169   -219   -105    595
20210112162440597	  174  170   -219   -104    596
20210112162440997	  172  169   -222   -105    595
20210112162441330	  173  168   -220   -107    594
20210112162441697	  185  187   -202    -77    595
20210112162442097	  203  209   -176    -44    602
20210112162442397	  218  223   -154    -22    607
20210112162442497	  225  228   -144    -14    610
20210112162442730	  239  238   -123      1    618
20210112162442930	  252  245   -104     13    630
20210112162443097	  263  253    -87     27    637
20210112162443264	  273  258    -70     35    642
20210112162443431	  273  258    -70     35    642
20210112162443597	  276  259    -66     37    646
20210112162443697	  277  259    -64     37    646
20210112162443931	  279  259    -61     37    647
20210112162444131	  278  259    -62     37    645
20210112162444297	  279  261    -61     41    649
20210112162444498	  279  260    -61     39    648
20210112162444664	  281  261    -58     41    650
20210112162444831	  281  261    -58     41    650
20210112162444998	  282  261    -56     41    651
20210112162445164	  282  261    -56     41    651
20210112162445364	  284  261    -52     41    651
20210112162445531	  283  261    -54     41    652
20210112162445698	  284  261    -52     41    651
20210112162445865	  282  261    -56     41    652
20210112162446031	  284  262    -52     43    651
20210112162446231	  284  260    -53     39    651
20210112162446398	  286  262    -49     43    651
20210112162446565	  286  261    -49     41    651
20210112162446731	  285  263    -51     45    651
20210112162446898	  285  262    -51     43    652
20210112162447098	  284  261    -53     41    652
20210112162447265	  285  262    -51     43    653
20210112162447432	  287  263    -47     45    653
20210112162447598	  286  263    -49     45    656
20210112162447765	  286  262    -49     43    654
20210112162447965	  289  262    -44     43    656
20210112162448132	  287  263    -48     45    653
20210112162448298	  288  262    -46     43    656
20210112162448465	  287  263    -48     45    655
20210112162448632	  287  262    -48     43    656
20210112162448832	  286  263    -49     45    655
20210112162448999	  288  263    -46     45    656
20210112162449165	  287  262    -48     43    655
20210112162449232	  287  263    -48     45    656
20210112162449499	  287  264    -48     47    656
20210112162449699	  286  260    -50     40    659
20210112162449865	  289  263    -44     45    656
20210112162450032	  289  263    -44     45    656
20210112162450199	  289  263    -44     45    656
20210112162450399	  288  264    -46     47    657
20210112162450566	  288  262    -46     43    657
20210112162450732	  289  264    -44     47    657
20210112162450899	  289  263    -44     45    656
20210112162451066	  289  263    -44     45    656
20210112162451266	  289  263    -44     45    656
20210112162451432	  289  263    -44     45    657
20210112162451599	  288  264    -46     47    657
20210112162451766	  289  263    -44     45    658
20210112162451933	  290  263    -43     45    659
20210112162452133	  290  264    -43     47    658
20210112162452266	  289  265    -44     49    658
